Academic license - for non-commercial use only
Academic license - for non-commercial use only
Optimize a model with 2835 rows, 1224 columns and 7368 nonzeros
Variable types: 1200 continuous, 24 integer (24 binary)
Coefficient statistics:
  Matrix range     [1e+00, 1e+09]
  Objective range  [1e+00, 1e+00]
  Bounds range     [0e+00, 0e+00]
  RHS range        [7e-03, 2e+00]
Warning: Model contains large matrix coefficients
         Consider reformulating model or setting NumericFocus parameter
         to avoid numerical issues.
Found heuristic solution: objective -0.0000000
Presolve removed 1980 rows and 900 columns
Presolve time: 0.00s
Presolved: 855 rows, 324 columns, 2556 nonzeros
Variable types: 300 continuous, 24 integer (24 binary)

Root relaxation: objective 1.855439e+01, 37 iterations, 0.02 seconds

    Nodes    |    Current Node    |     Objective Bounds      |     Work
 Expl Unexpl |  Obj  Depth IntInf | Incumbent    BestBd   Gap | It/Node Time

*    0     0               0      18.5543867   18.55439  0.00%     -    0s

Explored 0 nodes (55 simplex iterations) in 0.02 seconds
Thread count was 24 (of 24 available processors)

Solution count 2: 18.5544 -0 

Optimal solution found (tolerance 1.00e-04)
Best objective 1.855438667260e+01, best bound 1.855438667260e+01, gap 0.0000%
num_cluster is 3
card is 8
visit_m is 2
limits_ is [1, 1]
dim is 2
sum dis 101.82212435618439

dis_mat matrix is :
 [Inf, 0.0895105479666273, 0.3958830067055621, 0.18282850210914472, 0.2154491542912092, 0.21464728016678483, 0.21338818580730143, 0.2616762674810709, 0.34482896103258254, 0.22893799074111726, 0.4267777918435252, 0.21373439883587542, 0.3684661579776609, 0.36920374256526944, 0.3719740012417363, 0.2573663697592354, 0.13300770203466772, 0.24556317236878122, 0.4229241696296597, 0.15468595412362307, 0.27834605291978876, 0.08511174121314892, 0.3031261051685459, 0.3548581134342023]
[0.0895105479666273, Inf, 0.38545787010727656, 0.18298004450593686, 0.2429249345696852, 0.20571205071461296, 0.1513047392815744, 0.31027950895599576, 0.3164937859341662, 0.20926546889654563, 0.39167159928492934, 0.16975598601463338, 0.3453148583360974, 0.36634514852320976, 0.35005470496499586, 0.2519842542134674, 0.11218524301645157, 0.2546785880198463, 0.3923015878011142, 0.19738610801873663, 0.3255307282707371, 0.14756447327080666, 0.3060048611350294, 0.3145828443139172]
[0.3958830067055621, 0.38545787010727656, Inf, 0.21309557904496065, 0.20699098803061158, 0.18277571818175492, 0.2705206419414147, 0.2495952440258467, 0.09528642407800003, 0.17623925336708057, 0.1155496265287677, 0.22832010189431215, 0.06385299293908789, 0.03954601637731538, 0.05740228476207579, 0.13852800666150758, 0.27497788736916645, 0.15754399497264868, 0.09406861325764578, 0.2690320431164062, 0.24338332678748997, 0.33352037453758193, 0.10086226071202997, 0.1378668614067771]
[0.18282850210914472, 0.18298004450593686, 0.21309557904496065, Inf, 0.07901742737871778, 0.03437629640506789, 0.13628788683197243, 0.1661264638616814, 0.1697762952292593, 0.05801676811258091, 0.2541721404682014, 0.09569326293160575, 0.1889386287917428, 0.18789812996316094, 0.19173696720997518, 0.07456936817127538, 0.0723329753917684, 0.07200063745371713, 0.2467525356085597, 0.08813687330165776, 0.1762726593029143, 0.12892571929496421, 0.12412245024551675, 0.19212518217914923]
[0.2154491542912092, 0.2429249345696852, 0.20699098803061158, 0.07901742737871778, Inf, 0.09183318419540798, 0.21502640852020471, 0.08806121125818431, 0.20003126037230656, 0.11859680173042465, 0.28102163027491994, 0.17243828777639406, 0.20704475669077962, 0.17181378633761143, 0.2073610040279239, 0.09305082445835247, 0.1427148868397881, 0.05447732083728794, 0.26801245524737555, 0.06572044523654372, 0.09733317360389167, 0.13742202297944117, 0.10614736168569792, 0.23579275278663833]
[0.21464728016678483, 0.20571205071461296, 0.18277571818175492, 0.03437629640506789, 0.09183318419540798, Inf, 0.13060169675020356, 0.17929942128763435, 0.1354000321114233, 0.02761213027109173, 0.21980165997219828, 0.08438781197654191, 0.15506906008508037, 0.16078676629806604, 0.15808819916220843, 0.04627311839768616, 0.09363342468144173, 0.06160944588577225, 0.21246258861830927, 0.11835693887938387, 0.18679879868813673, 0.1633006464923956, 0.1015457663977573, 0.15890158909236735]
[0.21338818580730143, 0.1513047392815744, 0.2705206419414147, 0.13628788683197243, 0.21502640852020471, 0.13060169675020356, Inf, 0.3024124303092474, 0.1847219375426262, 0.11331952250421597, 0.24917405897424608, 0.047642280144695334, 0.2173874924135966, 0.26377307444429504, 0.22325294680846794, 0.1657277149233949, 0.09930693589391536, 0.19205559477501077, 0.25369430024298245, 0.21162697231075658, 0.3123579023630604, 0.213675746309826, 0.22082359904309445, 0.17061553058379048]
[0.2616762674810709, 0.31027950895599576, 0.2495952440258467, 0.1661264638616814, 0.08806121125818431, 0.17929942128763435, 0.3024124303092474, Inf, 0.2701693161899598, 0.20534780946646145, 0.34421586249493363, 0.26046149348501224, 0.2688711829320447, 0.21023133006830522, 0.2674199150708175, 0.1710959984986108, 0.22294733099777417, 0.1300347517993216, 0.32781551419653726, 0.11291957686075042, 0.01700707216055611, 0.17656683073852025, 0.1589082905438057, 0.3115380192403818]
[0.34482896103258254, 0.3164937859341662, 0.09528642407800003, 0.1697762952292593, 0.20003126037230656, 0.1354000321114233, 0.1847219375426262, 0.2701693161899598, Inf, 0.11620348902972849, 0.08448187217558595, 0.148745871613158, 0.033612126119253766, 0.10752091338174942, 0.04000905120049141, 0.1079207754289681, 0.21378950671158276, 0.1459075983153776, 0.07810082277663334, 0.24810170236017112, 0.269929275932796, 0.2986973462181838, 0.11487573547101759, 0.048177970103198235]
[0.22893799074111726, 0.20926546889654563, 0.17623925336708057, 0.05801676811258091, 0.11859680173042465, 0.02761213027109173, 0.11331952250421597, 0.20534780946646145, 0.11620348902972849, Inf, 0.19956702433843845, 0.06569218396563624, 0.13993557869295392, 0.15981945419017657, 0.14383166090664218, 0.05254703692740376, 0.1001768185410133, 0.0817660722643726, 0.1942538862145461, 0.1449529882178044, 0.21204186014052667, 0.18501551050127749, 0.10861565816623471, 0.13440969724780902]
[0.4267777918435252, 0.39167159928492934, 0.1155496265287677, 0.2541721404682014, 0.28102163027491994, 0.21980165997219828, 0.24917405897424608, 0.34421586249493363, 0.08448187217558595, 0.19956702433843845, Inf, 0.22191849391527363, 0.07539195209416195, 0.1490454072026541, 0.07693354848167046, 0.19088009857310845, 0.2944142482224442, 0.2265448847587035, 0.02203691781153278, 0.3319486282466645, 0.34159679985662944, 0.383095727373372, 0.18531072317636207, 0.07856515550863814]
[0.21373439883587542, 0.16975598601463338, 0.22832010189431215, 0.09569326293160575, 0.17243828777639406, 0.08438781197654191, 0.047642280144695334, 0.26046149348501224, 0.148745871613158, 0.06569218396563624, 0.22191849391527363, Inf, 0.1796421608053996, 0.21861157607184145, 0.18502067455323865, 0.11808801712486934, 0.08340206400676445, 0.14530990564681803, 0.22294689939778517, 0.17864118380037877, 0.26933818192765246, 0.19509508166168607, 0.1733704557292851, 0.14524348032610626]
[0.3684661579776609, 0.3453148583360974, 0.06385299293908789, 0.1889386287917428, 0.20704475669077962, 0.15506906008508037, 0.2173874924135966, 0.2688711829320447, 0.033612126119253766, 0.13993557869295392, 0.07539195209416195, 0.1796421608053996, Inf, 0.08373445725408823, 0.00657966198309361, 0.11978828865122211, 0.23966564095058873, 0.15272064968460658, 0.06097708951902318, 0.2609432452223166, 0.26651646726186473, 0.31681390373561674, 0.1099977461395422, 0.07412996527959227]
[0.36920374256526944, 0.36634514852320976, 0.03954601637731538, 0.18789812996316094, 0.17181378633761143, 0.16078676629806604, 0.26377307444429504, 0.21023133006830522, 0.10752091338174942, 0.15981945419017657, 0.1490454072026541, 0.21861157607184145, 0.08373445725408823, Inf, 0.07863911034121757, 0.11465211465962843, 0.2544043705847462, 0.12568648751735673, 0.12868327692803316, 0.23555022248606633, 0.20385072534783724, 0.30254789352980255, 0.06729225314125029, 0.1548897891632444]
[0.3719740012417363, 0.35005470496499586, 0.05740228476207579, 0.19173696720997518, 0.2073610040279239, 0.15808819916220843, 0.22325294680846794, 0.2674199150708175, 0.04000905120049141, 0.14383166090664218, 0.07693354848167046, 0.18502067455323865, 0.00657966198309361, 0.07863911034121757, Inf, 0.1215067494884594, 0.24378833180205106, 0.15322442555810267, 0.060988866127812666, 0.2622923329451064, 0.2646639331563038, 0.31916943859843894, 0.10853336917889458, 0.08049011940427969]
[0.2573663697592354, 0.2519842542134674, 0.13852800666150758, 0.07456936817127538, 0.09305082445835247, 0.04627311839768616, 0.1657277149233949, 0.1710959984986108, 0.1079207754289681, 0.05254703692740376, 0.19088009857310845, 0.11808801712486934, 0.11978828865122211, 0.11465211465962843, 0.1215067494884594, Inf, 0.13987897666809748, 0.04114754483535051, 0.18006978508616533, 0.1413656622643233, 0.17451213862444936, 0.19837469261891205, 0.056706661764654866, 0.1428943188269838]
[0.13300770203466772, 0.11218524301645157, 0.27497788736916645, 0.0723329753917684, 0.1427148868397881, 0.09363342468144173, 0.09930693589391536, 0.22294733099777417, 0.21378950671158276, 0.1001768185410133, 0.2944142482224442, 0.08340206400676445, 0.23966564095058873, 0.2544043705847462, 0.24378833180205106, 0.13987897666809748, Inf, 0.14428304778531992, 0.2916198246891572, 0.11894224353448747, 0.23579713159993043, 0.11486090219234937, 0.19392188377463554, 0.22185043180604214]
[0.24556317236878122, 0.2546785880198463, 0.15754399497264868, 0.07200063745371713, 0.05447732083728794, 0.06160944588577225, 0.19205559477501077, 0.1300347517993216, 0.1459075983153776, 0.0817660722643726, 0.2265448847587035, 0.14530990564681803, 0.15272064968460658, 0.12568648751735673, 0.15322442555810267, 0.04114754483535051, 0.14428304778531992, Inf, 0.21369754404136856, 0.11171783217562714, 0.133991393825222, 0.17687572823975414, 0.05844028678330764, 0.18343733024642553]
[0.4229241696296597, 0.3923015878011142, 0.09406861325764578, 0.2467525356085597, 0.26801245524737555, 0.21246258861830927, 0.25369430024298245, 0.32781551419653726, 0.07810082277663334, 0.1942538862145461, 0.02203691781153278, 0.22294689939778517, 0.06097708951902318, 0.12868327692803316, 0.060988866127812666, 0.18006978508616533, 0.2916198246891572, 0.21369754404136856, Inf, 0.3214225051893417, 0.3244802512606809, 0.3754348929942122, 0.16914399457645773, 0.08519616341795799]
[0.15468595412362307, 0.19738610801873663, 0.2690320431164062, 0.08813687330165776, 0.06572044523654372, 0.11835693887938387, 0.21162697231075658, 0.11291957686075042, 0.24810170236017112, 0.1449529882178044, 0.3319486282466645, 0.17864118380037877, 0.2609432452223166, 0.23555022248606633, 0.2622923329451064, 0.1413656622643233, 0.11894224353448747, 0.11171783217562714, 0.3214225051893417, Inf, 0.12842573674213226, 0.07275711779274215, 0.16866148687232496, 0.27662882118457444]
[0.27834605291978876, 0.3255307282707371, 0.24338332678748997, 0.1762726593029143, 0.09733317360389167, 0.18679879868813673, 0.3123579023630604, 0.01700707216055611, 0.269929275932796, 0.21204186014052667, 0.34159679985662944, 0.26933818192765246, 0.26651646726186473, 0.20385072534783724, 0.2646639331563038, 0.17451213862444936, 0.23579713159993043, 0.133991393825222, 0.3244802512606809, 0.12842573674213226, Inf, 0.19325536423398845, 0.1566964440738816, 0.3126724735533018]
[0.08511174121314892, 0.14756447327080666, 0.33352037453758193, 0.12892571929496421, 0.13742202297944117, 0.1633006464923956, 0.213675746309826, 0.17656683073852025, 0.2986973462181838, 0.18501551050127749, 0.383095727373372, 0.19509508166168607, 0.31681390373561674, 0.30254789352980255, 0.31916943859843894, 0.19837469261891205, 0.11486090219234937, 0.17687572823975414, 0.3754348929942122, 0.07275711779274215, 0.19325536423398845, Inf, 0.23526373817516424, 0.31909011630606127]
[0.3031261051685459, 0.3060048611350294, 0.10086226071202997, 0.12412245024551675, 0.10614736168569792, 0.1015457663977573, 0.22082359904309445, 0.1589082905438057, 0.11487573547101759, 0.10861565816623471, 0.18531072317636207, 0.1733704557292851, 0.1099977461395422, 0.06729225314125029, 0.10853336917889458, 0.056706661764654866, 0.19392188377463554, 0.05844028678330764, 0.16914399457645773, 0.16866148687232496, 0.1566964440738816, 0.23526373817516424, Inf, 0.16047636134005533]
[0.3548581134342023, 0.3145828443139172, 0.1378668614067771, 0.19212518217914923, 0.23579275278663833, 0.15890158909236735, 0.17061553058379048, 0.3115380192403818, 0.048177970103198235, 0.13440969724780902, 0.07856515550863814, 0.14524348032610626, 0.07412996527959227, 0.1548897891632444, 0.08049011940427969, 0.1428943188269838, 0.22185043180604214, 0.18343733024642553, 0.08519616341795799, 0.27662882118457444, 0.3126724735533018, 0.31909011630606127, 0.16047636134005533, Inf]
data points matrix is :
 [0.47896459831424887, 0.721855417478288]
[0.39256330275571205, 0.6984683628733949]
[0.49255488739838565, 0.3262057504231447]
[0.4823987419422935, 0.5390591706869069]
[0.5595638292054925, 0.5220502572232604]
[0.4688996239944539, 0.507444244320404]
[0.3469546468905397, 0.554201337398973]
[0.6476246403029372, 0.5217847819537341]
[0.41592392898077934, 0.38283788640238847]
[0.443951774157871, 0.49561062582735416]
[0.3786048825364206, 0.3070455681981282]
[0.3872575109978429, 0.5287953144490133]
[0.4360263425107974, 0.3558996609128584]
[0.5197549735147604, 0.35491189482772634]
[0.4411772323674973, 0.35180572814644495]
[0.4863694464540891, 0.4645955945228304]
[0.4372383302058806, 0.5955622373366369]
[0.5243124275588956, 0.4805157274009654]
[0.4006274229706398, 0.3062496665362181]
[0.5559184142007301, 0.5876695217081096]
[0.6556973654128662, 0.5068157601829608]
[0.5342146180392644, 0.6571140565664302]
[0.5238902629658059, 0.4220769654670265]
[0.3677885225831373, 0.3848625972949622]




 AdNNnew 
obj val AdNNnew 18.55438667260456
x vector is :
 [0.9999999952058327, 1.0, 1.0003428466813056e-9, 1.0306936247116146e-9, 1.0419473422790615e-9, 1.003682659659077e-9, 1.0058795547815116e-9, 9.61621240916052e-10, 1.0, 0.9999999951488182, 9.850187185117545e-10, 1.0417627133155415e-9, 9.82608983187432e-10, 1.0392031576564643e-9, 1.023970666789082e-9, 1.0286175662904542e-9, 1.0, 0.9999999950085718, 1.0370181872777418e-9, 1.0237730908917617e-9, 1.055385819227497e-9, 1.0489840148282234e-9, 1.028089083417494e-9, 1.0481779640550201e-9]y vector is :
 [0.0189646556438033, 0.07054589836699136, 1.0003428516813055, 1.0306936297116145, 1.0419473472790615, 1.0036826646590769, 1.0058795597815116, 0.9616212459160519, 0.0, 0.0239294707095139, 0.9850187235117545, 1.0417627183155413, 0.9826089881874318, 1.0392031626564642, 1.023970671789082, 1.0286175712904542, 0.041639344649460244, 0.012529978757707005, 1.0370181922777417, 1.0237730958917617, 1.055385824227497, 1.0489840198282232, 1.0280890884174938, 1.0481779690550201]z matrix is :
 [0.0, 6.0441672777855615e-9, 1.0000000050438245, 1.0000000050134736, 1.00000000500222, 1.0000000050404845, 1.0000000050382876, 1.000000005082546, 6.0441672777855615e-9, 1.2145349059800026e-8, 1.0000000050591487, 1.0000000050024047, 1.0000000050615583, 1.000000005004964, 1.0000000050201967, 1.0000000050155498, 6.0441672777855615e-9, 1.2285595540895144e-8, 1.000000005007149, 1.0000000050203943, 1.0000000049887814, 1.0000000049951834, 1.0000000050160782, 1.0000000049959894]
[6.0441672777855615e-9, 0.0, 0.9999999989996571, 0.9999999989693065, 0.9999999989580526, 0.9999999989963173, 0.9999999989941204, 0.9999999990383788, 0.0, 6.101181782014464e-9, 0.9999999990149813, 0.9999999989582373, 0.9999999990173911, 0.9999999989607968, 0.9999999989760293, 0.9999999989713824, 0.0, 6.241428263109583e-9, 0.9999999989629818, 0.9999999989762269, 0.9999999989446142, 0.999999998951016, 0.9999999989719108, 0.999999998951822]
[1.0000000050438245, 0.9999999989996571, 0.0, 1.9999999979689635, 1.9999999979577097, 1.9999999979959744, 1.9999999979937775, 1.9999999980380359, 0.9999999989996572, 1.0000000051008389, 1.9999999980146383, 1.9999999979578944, 1.9999999980170482, 1.999999997960454, 1.9999999979756864, 1.9999999979710394, 0.9999999989996572, 1.0000000052410853, 1.9999999979626388, 1.999999997975884, 1.9999999979442713, 1.999999997950673, 1.999999997971568, 1.999999997951479]
[1.0000000050134736, 0.9999999989693065, 1.9999999979689635, 0.0, 1.999999997927359, 1.9999999979656238, 1.9999999979634269, 1.9999999980076852, 0.9999999989693064, 1.0000000050704883, 1.9999999979842877, 1.9999999979275438, 1.9999999979866976, 1.9999999979301033, 1.9999999979453358, 1.9999999979406888, 0.9999999989693064, 1.0000000052107347, 1.9999999979322882, 1.9999999979455334, 1.9999999979139207, 1.9999999979203225, 1.9999999979412173, 1.9999999979211285]
[1.00000000500222, 0.9999999989580526, 1.9999999979577097, 1.999999997927359, 0.0, 1.99999999795437, 1.999999997952173, 1.9999999979964314, 0.9999999989580527, 1.0000000050592344, 1.9999999979730338, 1.99999999791629, 1.9999999979754437, 1.9999999979188494, 1.999999997934082, 1.999999997929435, 0.9999999989580527, 1.0000000051994808, 1.9999999979210343, 1.9999999979342795, 1.9999999979026668, 1.9999999979090686, 1.9999999979299634, 1.9999999979098746]
[1.0000000050404845, 0.9999999989963173, 1.9999999979959744, 1.9999999979656238, 1.99999999795437, 0.0, 1.9999999979904377, 1.999999998034696, 0.9999999989963173, 1.000000005097499, 1.9999999980112986, 1.9999999979545546, 1.9999999980137084, 1.9999999979571141, 1.9999999979723466, 1.9999999979676997, 0.9999999989963173, 1.0000000052377456, 1.999999997959299, 1.9999999979725442, 1.9999999979409315, 1.9999999979473333, 1.9999999979682281, 1.9999999979481393]
[1.0000000050382876, 0.9999999989941204, 1.9999999979937775, 1.9999999979634269, 1.999999997952173, 1.9999999979904377, 0.0, 1.9999999980324992, 0.9999999989941204, 1.0000000050953022, 1.9999999980091017, 1.9999999979523577, 1.9999999980115115, 1.9999999979549172, 1.9999999979701497, 1.9999999979655028, 0.9999999989941204, 1.0000000052355487, 1.9999999979571021, 1.9999999979703473, 1.9999999979387346, 1.9999999979451364, 1.9999999979660312, 1.9999999979459424]
[1.000000005082546, 0.9999999990383788, 1.9999999980380359, 1.9999999980076852, 1.9999999979964314, 1.999999998034696, 1.9999999980324992, 0.0, 0.9999999990383788, 1.0000000051395606, 1.99999999805336, 1.999999997996616, 1.99999999805577, 1.9999999979991756, 1.999999998014408, 1.9999999980097611, 0.9999999990383788, 1.000000005279807, 1.9999999980013605, 1.9999999980146057, 1.999999997982993, 1.9999999979893948, 1.9999999980102896, 1.9999999979902008]
[6.0441672777855615e-9, 0.0, 0.9999999989996572, 0.9999999989693064, 0.9999999989580527, 0.9999999989963173, 0.9999999989941204, 0.9999999990383788, 0.0, 6.101181782014464e-9, 0.9999999990149813, 0.9999999989582373, 0.9999999990173911, 0.9999999989607968, 0.9999999989760293, 0.9999999989713824, 0.0, 6.241428263109583e-9, 0.9999999989629818, 0.9999999989762269, 0.9999999989446142, 0.999999998951016, 0.9999999989719108, 0.999999998951822]
[1.2145349059800026e-8, 6.101181782014464e-9, 1.0000000051008389, 1.0000000050704883, 1.0000000050592344, 1.000000005097499, 1.0000000050953022, 1.0000000051395606, 6.101181782014464e-9, 0.0, 1.000000005116163, 1.000000005059419, 1.000000005118573, 1.0000000050619786, 1.000000005077211, 1.0000000050725641, 6.101181782014464e-9, 1.2342610045124047e-8, 1.0000000050641635, 1.0000000050774087, 1.000000005045796, 1.0000000050521978, 1.0000000050730926, 1.0000000050530038]
[1.0000000050591487, 0.9999999990149813, 1.9999999980146383, 1.9999999979842877, 1.9999999979730338, 1.9999999980112986, 1.9999999980091017, 1.99999999805336, 0.9999999990149813, 1.000000005116163, 0.0, 1.9999999979732186, 1.9999999980323724, 1.999999997975778, 1.9999999979910106, 1.9999999979863636, 0.9999999990149813, 1.0000000052564095, 1.999999997977963, 1.9999999979912082, 1.9999999979595955, 1.9999999979659973, 1.999999997986892, 1.9999999979668033]
[1.0000000050024047, 0.9999999989582373, 1.9999999979578944, 1.9999999979275438, 1.99999999791629, 1.9999999979545546, 1.9999999979523577, 1.999999997996616, 0.9999999989582373, 1.000000005059419, 1.9999999979732186, 0.0, 1.9999999979756284, 1.9999999979190342, 1.9999999979342666, 1.9999999979296197, 0.9999999989582373, 1.0000000051996656, 1.999999997921219, 1.9999999979344643, 1.9999999979028515, 1.9999999979092533, 1.9999999979301482, 1.9999999979100593]
[1.0000000050615583, 0.9999999990173911, 1.9999999980170482, 1.9999999979866976, 1.9999999979754437, 1.9999999980137084, 1.9999999980115115, 1.99999999805577, 0.9999999990173911, 1.000000005118573, 1.9999999980323724, 1.9999999979756284, 0.0, 1.999999997978188, 1.9999999979934204, 1.9999999979887735, 0.999999999017391, 1.0000000052588194, 1.9999999979803729, 1.999999997993618, 1.9999999979620053, 1.999999997968407, 1.999999997989302, 1.9999999979692131]
[1.000000005004964, 0.9999999989607968, 1.999999997960454, 1.9999999979301033, 1.9999999979188494, 1.9999999979571141, 1.9999999979549172, 1.9999999979991756, 0.9999999989607968, 1.0000000050619786, 1.999999997975778, 1.9999999979190342, 1.999999997978188, 0.0, 1.9999999979368261, 1.9999999979321792, 0.9999999989607968, 1.000000005202225, 1.9999999979237786, 1.9999999979370238, 1.999999997905411, 1.9999999979118128, 1.9999999979327077, 1.9999999979126188]
[1.0000000050201967, 0.9999999989760293, 1.9999999979756864, 1.9999999979453358, 1.999999997934082, 1.9999999979723466, 1.9999999979701497, 1.999999998014408, 0.9999999989760293, 1.000000005077211, 1.9999999979910106, 1.9999999979342666, 1.9999999979934204, 1.9999999979368261, 0.0, 1.9999999979474117, 0.9999999989760293, 1.0000000052174576, 1.999999997939011, 1.9999999979522562, 1.9999999979206435, 1.9999999979270453, 1.9999999979479401, 1.9999999979278513]
[1.0000000050155498, 0.9999999989713824, 1.9999999979710394, 1.9999999979406888, 1.999999997929435, 1.9999999979676997, 1.9999999979655028, 1.9999999980097611, 0.9999999989713824, 1.0000000050725641, 1.9999999979863636, 1.9999999979296197, 1.9999999979887735, 1.9999999979321792, 1.9999999979474117, 0.0, 0.9999999989713825, 1.0000000052128106, 1.9999999979343641, 1.9999999979476093, 1.9999999979159966, 1.9999999979223984, 1.9999999979432932, 1.9999999979232044]
[6.0441672777855615e-9, 0.0, 0.9999999989996572, 0.9999999989693064, 0.9999999989580527, 0.9999999989963173, 0.9999999989941204, 0.9999999990383788, 0.0, 6.101181782014464e-9, 0.9999999990149813, 0.9999999989582373, 0.999999999017391, 0.9999999989607968, 0.9999999989760293, 0.9999999989713825, 0.0, 6.241428263109583e-9, 0.9999999989629818, 0.9999999989762269, 0.9999999989446142, 0.999999998951016, 0.9999999989719108, 0.999999998951822]
[1.2285595540895144e-8, 6.241428263109583e-9, 1.0000000052410853, 1.0000000052107347, 1.0000000051994808, 1.0000000052377456, 1.0000000052355487, 1.000000005279807, 6.241428263109583e-9, 1.2342610045124047e-8, 1.0000000052564095, 1.0000000051996656, 1.0000000052588194, 1.000000005202225, 1.0000000052174576, 1.0000000052128106, 6.241428263109583e-9, 0.0, 1.0000000052044098, 1.0000000052176552, 1.0000000051860423, 1.0000000051924443, 1.000000005213339, 1.0000000051932503]
[1.000000005007149, 0.9999999989629818, 1.9999999979626388, 1.9999999979322882, 1.9999999979210343, 1.999999997959299, 1.9999999979571021, 1.9999999980013605, 0.9999999989629818, 1.0000000050641635, 1.999999997977963, 1.999999997921219, 1.9999999979803729, 1.9999999979237786, 1.999999997939011, 1.9999999979343641, 0.9999999989629818, 1.0000000052044098, 0.0, 1.9999999979392087, 1.999999997907596, 1.9999999979139977, 1.9999999979348926, 1.9999999979148038]
[1.0000000050203943, 0.9999999989762269, 1.999999997975884, 1.9999999979455334, 1.9999999979342795, 1.9999999979725442, 1.9999999979703473, 1.9999999980146057, 0.9999999989762269, 1.0000000050774087, 1.9999999979912082, 1.9999999979344643, 1.999999997993618, 1.9999999979370238, 1.9999999979522562, 1.9999999979476093, 0.9999999989762269, 1.0000000052176552, 1.9999999979392087, 0.0, 1.9999999979208412, 1.999999997927243, 1.9999999979481378, 1.999999997928049]
[1.0000000049887814, 0.9999999989446142, 1.9999999979442713, 1.9999999979139207, 1.9999999979026668, 1.9999999979409315, 1.9999999979387346, 1.999999997982993, 0.9999999989446142, 1.000000005045796, 1.9999999979595955, 1.9999999979028515, 1.9999999979620053, 1.999999997905411, 1.9999999979206435, 1.9999999979159966, 0.9999999989446142, 1.0000000051860423, 1.999999997907596, 1.9999999979208412, 0.0, 1.9999999978956302, 1.999999997916525, 1.9999999978964362]
[1.0000000049951834, 0.999999998951016, 1.999999997950673, 1.9999999979203225, 1.9999999979090686, 1.9999999979473333, 1.9999999979451364, 1.9999999979893948, 0.999999998951016, 1.0000000050521978, 1.9999999979659973, 1.9999999979092533, 1.999999997968407, 1.9999999979118128, 1.9999999979270453, 1.9999999979223984, 0.999999998951016, 1.0000000051924443, 1.9999999979139977, 1.999999997927243, 1.9999999978956302, 0.0, 1.9999999979229268, 1.999999997902838]
[1.0000000050160782, 0.9999999989719108, 1.999999997971568, 1.9999999979412173, 1.9999999979299634, 1.9999999979682281, 1.9999999979660312, 1.9999999980102896, 0.9999999989719108, 1.0000000050730926, 1.999999997986892, 1.9999999979301482, 1.999999997989302, 1.9999999979327077, 1.9999999979479401, 1.9999999979432932, 0.9999999989719108, 1.000000005213339, 1.9999999979348926, 1.9999999979481378, 1.999999997916525, 1.9999999979229268, 0.0, 1.9999999979237328]
[1.0000000049959894, 0.999999998951822, 1.999999997951479, 1.9999999979211285, 1.9999999979098746, 1.9999999979481393, 1.9999999979459424, 1.9999999979902008, 0.999999998951822, 1.0000000050530038, 1.9999999979668033, 1.9999999979100593, 1.9999999979692131, 1.9999999979126188, 1.9999999979278513, 1.9999999979232044, 0.999999998951822, 1.0000000051932503, 1.9999999979148038, 1.999999997928049, 1.9999999978964362, 1.999999997902838, 1.9999999979237328, 0.0]
w vector is :
 [0.0189646556438033, 0.07054589836699136, 1.0003428516813055, 1.0306936297116145, 1.0419473472790615, 1.0036826646590769, 1.0058795597815116, 0.9616212459160519, 0.0, 0.0239294707095139, 0.9850187235117545, 1.0417627183155413, 0.9826089881874318, 1.0392031626564642, 1.023970671789082, 1.0286175712904542, 0.041639344649460244, 0.012529978757707005, 1.0370181922777417, 1.0237730958917617, 1.055385824227497, 1.0489840198282232, 1.0280890884174938, 1.0481779690550201]p matrix is :
 [0.0, 0.0, 0.0, 0.0, 0.0, 0.0, 0.0, 0.0, 0.0, 0.0, 0.0, 0.0, 0.0, 0.0, 0.0, 0.0, 0.0, 0.0, 0.0, 0.0, 0.0, 0.0, 0.0, 0.0]
[0.0, 0.0, 0.0, 0.0, 0.0, 0.0, 0.0, 0.0, 0.0, 0.0, 0.0, 0.0, 0.0, 0.0, 0.0, 0.0, 0.0, 0.0, 0.0, 0.0, 0.0, 0.0, 0.0, 0.0]
[0.0, 0.0, 0.0, 0.0, 0.0, 0.0, 0.0, 0.0, 0.0, 0.0, 0.0, 0.0, 0.0, 0.0, 0.0, 0.0, 0.0, 0.0, 0.0, 0.0, 0.0, 0.0, 0.0, 0.0]
[0.0, 0.0, 0.0, 0.0, 0.0, 0.0, 0.0, 0.0, 0.0, 0.0, 0.0, 0.0, 0.0, 0.0, 0.0, 0.0, 0.0, 0.0, 0.0, 0.0, 0.0, 0.0, 0.0, 0.0]
[0.0, 0.0, 0.0, 0.0, 0.0, 0.0, 0.0, 0.0, 0.0, 0.0, 0.0, 0.0, 0.0, 0.0, 0.0, 0.0, 0.0, 0.0, 0.0, 0.0, 0.0, 0.0, 0.0, 0.0]
[0.0, 0.0, 0.0, 0.0, 0.0, 0.0, 0.0, 0.0, 0.0, 0.0, 0.0, 0.0, 0.0, 0.0, 0.0, 0.0, 0.0, 0.0, 0.0, 0.0, 0.0, 0.0, 0.0, 0.0]
[0.0, 0.0, 0.0, 0.0, 0.0, 0.0, 0.0, 0.0, 0.0, 0.0, 0.0, 0.0, 0.0, 0.0, 0.0, 0.0, 0.0, 0.0, 0.0, 0.0, 0.0, 0.0, 0.0, 0.0]
[0.0, 0.0, 0.0, 0.0, 0.0, 0.0, 0.0, 0.0, 0.0, 0.0, 0.0, 0.0, 0.0, 0.0, 0.0, 0.0, 0.0, 0.0, 0.0, 0.0, 0.0, 0.0, 0.0, 0.0]
[0.0, 0.0, 0.0, 0.0, 0.0, 0.0, 0.0, 0.0, 0.0, 0.0, 0.0, 0.0, 0.0, 0.0, 0.0, 0.0, 0.0, 0.0, 0.0, 0.0, 0.0, 0.0, 0.0, 0.0]
[0.0, 0.0, 0.0, 0.0, 0.0, 0.0, 0.0, 0.0, 0.0, 0.0, 0.0, 0.0, 0.0, 0.0, 0.0, 0.0, 0.0, 0.0, 0.0, 0.0, 0.0, 0.0, 0.0, 0.0]
[0.0, 0.0, 0.0, 0.0, 0.0, 0.0, 0.0, 0.0, 0.0, 0.0, 0.0, 0.0, 0.0, 0.0, 0.0, 0.0, 0.0, 0.0, 0.0, 0.0, 0.0, 0.0, 0.0, 0.0]
[0.0, 0.0, 0.0, 0.0, 0.0, 0.0, 0.0, 0.0, 0.0, 0.0, 0.0, 0.0, 0.0, 0.0, 0.0, 0.0, 0.0, 0.0, 0.0, 0.0, 0.0, 0.0, 0.0, 0.0]
[0.0, 0.0, 0.0, 0.0, 0.0, 0.0, 0.0, 0.0, 0.0, 0.0, 0.0, 0.0, 0.0, 0.0, 0.0, 0.0, 0.0, 0.0, 0.0, 0.0, 0.0, 0.0, 0.0, 0.0]
[0.0, 0.0, 0.0, 0.0, 0.0, 0.0, 0.0, 0.0, 0.0, 0.0, 0.0, 0.0, 0.0, 0.0, 0.0, 0.0, 0.0, 0.0, 0.0, 0.0, 0.0, 0.0, 0.0, 0.0]
[0.0, 0.0, 0.0, 0.0, 0.0, 0.0, 0.0, 0.0, 0.0, 0.0, 0.0, 0.0, 0.0, 0.0, 0.0, 0.0, 0.0, 0.0, 0.0, 0.0, 0.0, 0.0, 0.0, 0.0]
[0.0, 0.0, 0.0, 0.0, 0.0, 0.0, 0.0, 0.0, 0.0, 0.0, 0.0, 0.0, 0.0, 0.0, 0.0, 0.0, 0.0, 0.0, 0.0, 0.0, 0.0, 0.0, 0.0, 0.0]
[0.0, 0.0, 0.0, 0.0, 0.0, 0.0, 0.0, 0.0, 0.0, 0.0, 0.0, 0.0, 0.0, 0.0, 0.0, 0.0, 0.0, 0.0, 0.0, 0.0, 0.0, 0.0, 0.0, 0.0]
[0.0, 0.0, 0.0, 0.0, 0.0, 0.0, 0.0, 0.0, 0.0, 0.0, 0.0, 0.0, 0.0, 0.0, 0.0, 0.0, 0.0, 0.0, 0.0, 0.0, 0.0, 0.0, 0.0, 0.0]
[0.0, 0.0, 0.0, 0.0, 0.0, 0.0, 0.0, 0.0, 0.0, 0.0, 0.0, 0.0, 0.0, 0.0, 0.0, 0.0, 0.0, 0.0, 0.0, 0.0, 0.0, 0.0, 0.0, 0.0]
[0.0, 0.0, 0.0, 0.0, 0.0, 0.0, 0.0, 0.0, 0.0, 0.0, 0.0, 0.0, 0.0, 0.0, 0.0, 0.0, 0.0, 0.0, 0.0, 0.0, 0.0, 0.0, 0.0, 0.0]
[0.0, 0.0, 0.0, 0.0, 0.0, 0.0, 0.0, 0.0, 0.0, 0.0, 0.0, 0.0, 0.0, 0.0, 0.0, 0.0, 0.0, 0.0, 0.0, 0.0, 0.0, 0.0, 0.0, 0.0]
[0.0, 0.0, 0.0, 0.0, 0.0, 0.0, 0.0, 0.0, 0.0, 0.0, 0.0, 0.0, 0.0, 0.0, 0.0, 0.0, 0.0, 0.0, 0.0, 0.0, 0.0, 0.0, 0.0, 0.0]
[0.0, 0.0, 0.0, 0.0, 0.0, 0.0, 0.0, 0.0, 0.0, 0.0, 0.0, 0.0, 0.0, 0.0, 0.0, 0.0, 0.0, 0.0, 0.0, 0.0, 0.0, 0.0, 0.0, 0.0]
[0.0, 0.0, 0.0, 0.0, 0.0, 0.0, 0.0, 0.0, 0.0, 0.0, 0.0, 0.0, 0.0, 0.0, 0.0, 0.0, 0.0, 0.0, 0.0, 0.0, 0.0, 0.0, 0.0, 0.0]
