Academic license - for non-commercial use only
Academic license - for non-commercial use only
Optimize a model with 2835 rows, 1224 columns and 7368 nonzeros
Variable types: 1200 continuous, 24 integer (24 binary)
Coefficient statistics:
  Matrix range     [1e+00, 1e+09]
  Objective range  [1e+00, 1e+00]
  Bounds range     [0e+00, 0e+00]
  RHS range        [4e-03, 2e+00]
Warning: Model contains large matrix coefficients
         Consider reformulating model or setting NumericFocus parameter
         to avoid numerical issues.
Found heuristic solution: objective -0.0000000
Presolve removed 1980 rows and 900 columns
Presolve time: 0.02s
Presolved: 855 rows, 324 columns, 2556 nonzeros
Variable types: 300 continuous, 24 integer (24 binary)

Root relaxation: objective 1.853466e+01, 47 iterations, 0.00 seconds

    Nodes    |    Current Node    |     Objective Bounds      |     Work
 Expl Unexpl |  Obj  Depth IntInf | Incumbent    BestBd   Gap | It/Node Time

*    0     0               0      18.5346564   18.53466  0.00%     -    0s

Explored 0 nodes (65 simplex iterations) in 0.03 seconds
Thread count was 24 (of 24 available processors)

Solution count 2: 18.5347 -0 

Optimal solution found (tolerance 1.00e-04)
Best objective 1.853465640996e+01, best bound 1.853465640996e+01, gap 0.0000%
num_cluster is 3
card is 8
visit_m is 2
limits_ is [1, 1]
dim is 2
sum dis 89.2949449106162

dis_mat matrix is :
 [Inf, 0.12552974067988845, 0.19186254336486724, 0.03992673156123543, 0.07717017923807822, 0.08618344660088302, 0.02970398060005756, 0.1561748116703696, 0.22473998358935465, 0.0953825726653414, 0.056845921179359826, 0.17686950299722917, 0.13461561860591456, 0.14247182867393685, 0.19560412674475802, 0.0721748542479136, 0.1878539803640669, 0.0590885849475994, 0.03314913515987646, 0.1947475500235799, 0.10817637879306398, 0.05266093325251521, 0.03743246493898541, 0.15675277587325756]
[0.12552974067988845, Inf, 0.10894818277094474, 0.16366609570837268, 0.19451522015142458, 0.16095491638697715, 0.14536773517421397, 0.032730561288238466, 0.11505861130708928, 0.18895239653274284, 0.17643778532195248, 0.2828510049018597, 0.034033298838493466, 0.26144874388775036, 0.29278446294304045, 0.15984831602017566, 0.28200483015786815, 0.0956971575871818, 0.14962743145780275, 0.2964866709605957, 0.22872953828441261, 0.1170292746024529, 0.162395494400239, 0.15593954502410273]
[0.19186254336486724, 0.10894818277094474, Inf, 0.2309929145136984, 0.2341061663956987, 0.255541448484153, 0.19653882279663956, 0.09004327832279149, 0.05548505665190829, 0.2060686482272172, 0.24870585512013038, 0.3674053571208722, 0.13997175693103617, 0.33374310407478436, 0.38298125166249153, 0.24954494341972966, 0.373647266678105, 0.19015862270807155, 0.19992659261751888, 0.3006332578042593, 0.2677120426316563, 0.2083271498762368, 0.22044553473040887, 0.10637195538633497]
[0.03992673156123543, 0.16366609570837268, 0.2309929145136984, Inf, 0.06226427714276022, 0.07681636262949439, 0.04208803446021937, 0.19500963456033, 0.26466642712403665, 0.09868343348901547, 0.019619372174233995, 0.14075474789636105, 0.16912192890574615, 0.10281908529838343, 0.16227884184404326, 0.05955928487817995, 0.15594280396227414, 0.08329636229227867, 0.04129214354912417, 0.18173750273147476, 0.0838470046811156, 0.0670272223620463, 0.020884677452528623, 0.18660563338244776]
[0.07717017923807822, 0.19451522015142458, 0.2341061663956987, 0.06226427714276022, Inf, 0.13895177700379158, 0.05010388857314907, 0.22190320705132596, 0.27752538656755354, 0.0471837456965816, 0.07438028757877894, 0.17468565093953392, 0.2090451996102152, 0.12234133026383064, 0.20194103421345955, 0.12163337682246543, 0.19871668113228355, 0.13533612876105655, 0.04587554435097307, 0.12029593599675266, 0.0347980923379568, 0.12408259422258706, 0.04484894930587869, 0.16267819472569497]
[0.08618344660088302, 0.16095491638697715, 0.255541448484153, 0.07681636262949439, 0.13895177700379158, Inf, 0.10943810756542585, 0.1933472074192634, 0.27503671762935494, 0.173579117453788, 0.06709169337324308, 0.12490088658467544, 0.15037545129491614, 0.12029173019921079, 0.13193763384938606, 0.017341186186935042, 0.12104992773057772, 0.06621354403442395, 0.11083247491709473, 0.25726447284825477, 0.15631845810993283, 0.04729781642421636, 0.09641043540517859, 0.2405557941583383]
[0.02970398060005756, 0.14536773517421397, 0.19653882279663956, 0.04208803446021937, 0.05010388857314907, 0.10943810756542585, Inf, 0.17388140715427278, 0.23517333706839888, 0.06634379744879929, 0.061647149826517776, 0.18189755211251266, 0.1589498138585206, 0.13957014576964233, 0.2042270144205456, 0.09353878663534275, 0.19802336664287545, 0.08869037669411799, 0.0042748736681570785, 0.1653338716874882, 0.08351638996963631, 0.08166369751522645, 0.024909122293767558, 0.1447249171163145]
[0.1561748116703696, 0.032730561288238466, 0.09004327832279149, 0.19500963456033, 0.22190320705132596, 0.1933472074192634, 0.17388140715427278, Inf, 0.08473876612415264, 0.21156441267348414, 0.2084271175924625, 0.31556828419639854, 0.05295017285586796, 0.2937796658023297, 0.32525410328936244, 0.19254510654585158, 0.3143720299870261, 0.12837224138235898, 0.1780838040881114, 0.3180932620309489, 0.25651007252126734, 0.14974838265730248, 0.1924231465473567, 0.15949589534803288]
[0.22473998358935465, 0.11505861130708928, 0.05548505665190829, 0.26466642712403665, 0.27752538656755354, 0.27503671762935494, 0.23517333706839888, 0.08473876612415264, Inf, 0.25455435971526863, 0.2806366079701526, 0.39427845982593746, 0.13692526460654808, 0.36681531589390975, 0.40626995029064555, 0.2723143597840456, 0.395870275716095, 0.20897826462001265, 0.23897904243060583, 0.353058106239856, 0.3119964462216011, 0.22950664831620343, 0.25744579486379526, 0.1616992837044446]
[0.0953825726653414, 0.18895239653274284, 0.2060686482272172, 0.09868343348901547, 0.0471837456965816, 0.173579117453788, 0.06634379744879929, 0.21156441267348414, 0.25455435971526863, Inf, 0.11503084888690082, 0.2217848911483073, 0.21026584868997794, 0.16937760112550934, 0.2486994596314523, 0.15685828035539195, 0.24505093465999106, 0.15306406903014366, 0.06387984183890653, 0.10765491648762518, 0.06951666990178332, 0.14788812522412767, 0.07792909095048717, 0.12176954333685945]
[0.056845921179359826, 0.17643778532195248, 0.24870585512013038, 0.019619372174233995, 0.07438028757877894, 0.06709169337324308, 0.061647149826517776, 0.2084271175924625, 0.2806366079701526, 0.11503084888690082, Inf, 0.1213807168205612, 0.17873112971042746, 0.08618924561014506, 0.1426595993355254, 0.05001658552299177, 0.13638430578196595, 0.08956687826712863, 0.06065709504940217, 0.19049283974043865, 0.08922874436344315, 0.0702728767036999, 0.0390408920567067, 0.20622450557643504]
[0.17686950299722917, 0.2828510049018597, 0.3674053571208722, 0.14075474789636105, 0.17468565093953392, 0.12490088658467544, 0.18189755211251266, 0.31556828419639854, 0.39427845982593746, 0.2217848911483073, 0.1213807168205612, Inf, 0.2750339430593512, 0.057354554147355824, 0.031280736882187014, 0.12307450920682236, 0.03597876337108317, 0.1872547549021436, 0.18018168076502816, 0.2576500765708293, 0.1652682891319661, 0.16582173303996653, 0.1574670204428293, 0.32640423978710303]
[0.13461561860591456, 0.034033298838493466, 0.13997175693103617, 0.16912192890574615, 0.2090451996102152, 0.15037545129491614, 0.1589498138585206, 0.05295017285586796, 0.13692526460654808, 0.21026584868997794, 0.17873112971042746, 0.2750339430593512, Inf, 0.26044149245353565, 0.2814834923613433, 0.15292205701821798, 0.2699807217755667, 0.09064806219253618, 0.1631946813908909, 0.31772639470012953, 0.24200873969576106, 0.11212396140049338, 0.17200449017635736, 0.18899064450762507]
[0.14247182867393685, 0.26144874388775036, 0.33374310407478436, 0.10281908529838343, 0.12234133026383064, 0.12029173019921079, 0.13957014576964233, 0.2937796658023297, 0.36681531589390975, 0.16937760112550934, 0.08618924561014506, 0.057354554147355824, 0.26044149245353565, Inf, 0.08820075728042197, 0.11072772629827847, 0.08982333529849935, 0.1697934444526261, 0.1369656529207324, 0.20045410347260334, 0.10890173956278483, 0.1484133895925646, 0.11471740807249471, 0.28073042152891536]
[0.19560412674475802, 0.29278446294304045, 0.38298125166249153, 0.16227884184404326, 0.20194103421345955, 0.13193763384938606, 0.2042270144205456, 0.32525410328936244, 0.40626995029064555, 0.2486994596314523, 0.1426595993355254, 0.031280736882187014, 0.2814834923613433, 0.08820075728042197, Inf, 0.13415268562271576, 0.012847171192378477, 0.1973943008493951, 0.20296335592496312, 0.28865096618704095, 0.19487618641326335, 0.1767910540050206, 0.1805492552813281, 0.34888374701365893]
[0.0721748542479136, 0.15984831602017566, 0.24954494341972966, 0.05955928487817995, 0.12163337682246543, 0.017341186186935042, 0.09353878663534275, 0.19254510654585158, 0.2723143597840456, 0.15685828035539195, 0.05001658552299177, 0.12307450920682236, 0.15292205701821798, 0.11072772629827847, 0.13415268562271576, Inf, 0.12427509489309471, 0.06418804033594769, 0.09466826233893996, 0.23996519525435556, 0.13921695843259493, 0.04290577714411104, 0.07937608948184742, 0.22826973414140608]
[0.1878539803640669, 0.28200483015786815, 0.373647266678105, 0.15594280396227414, 0.19871668113228355, 0.12104992773057772, 0.19802336664287545, 0.3143720299870261, 0.395870275716095, 0.24505093465999106, 0.13638430578196595, 0.03597876337108317, 0.2699807217755667, 0.08982333529849935, 0.012847171192378477, 0.12427509489309471, Inf, 0.18689404641024118, 0.19699202594637422, 0.2897371116178244, 0.1938529565554947, 0.16659416174267885, 0.17485425033707194, 0.3423624612487106]
[0.0590885849475994, 0.0956971575871818, 0.19015862270807155, 0.08329636229227867, 0.13533612876105655, 0.06621354403442395, 0.08869037669411799, 0.12837224138235898, 0.20897826462001265, 0.15306406903014366, 0.08956687826712863, 0.1872547549021436, 0.09064806219253618, 0.1697934444526261, 0.1973943008493951, 0.06418804033594769, 0.18689404641024118, Inf, 0.09223302872880246, 0.25381942232311683, 0.16409714761272415, 0.02169861446762171, 0.0920973568427633, 0.18798787769505107]
[0.03314913515987646, 0.14962743145780275, 0.19992659261751888, 0.04129214354912417, 0.04587554435097307, 0.11083247491709473, 0.0042748736681570785, 0.1780838040881114, 0.23897904243060583, 0.06387984183890653, 0.06065709504940217, 0.18018168076502816, 0.1631946813908909, 0.1369656529207324, 0.20296335592496312, 0.09466826233893996, 0.19699202594637422, 0.09223302872880246, Inf, 0.16164475489130797, 0.07924170563371005, 0.08454867134035791, 0.022745994245870774, 0.1462467966799953]
[0.1947475500235799, 0.2964866709605957, 0.3006332578042593, 0.18173750273147476, 0.12029593599675266, 0.25726447284825477, 0.1653338716874882, 0.3180932620309489, 0.353058106239856, 0.10765491648762518, 0.19049283974043865, 0.2576500765708293, 0.31772639470012953, 0.20045410347260334, 0.28865096618704095, 0.23996519525435556, 0.2897371116178244, 0.25381942232311683, 0.16164475489130797, Inf, 0.10254023920328713, 0.24410038385721572, 0.16513947428647363, 0.2001220633046209]
[0.10817637879306398, 0.22872953828441261, 0.2677120426316563, 0.0838470046811156, 0.0347980923379568, 0.15631845810993283, 0.08351638996963631, 0.25651007252126734, 0.3119964462216011, 0.06951666990178332, 0.08922874436344315, 0.1652682891319661, 0.24200873969576106, 0.10890173956278483, 0.19487618641326335, 0.13921695843259493, 0.1938529565554947, 0.16409714761272415, 0.07924170563371005, 0.10254023920328713, Inf, 0.15020257698352107, 0.07206438060296115, 0.19084638279036648]
[0.05266093325251521, 0.1170292746024529, 0.2083271498762368, 0.0670272223620463, 0.12408259422258706, 0.04729781642421636, 0.08166369751522645, 0.14974838265730248, 0.22950664831620343, 0.14788812522412767, 0.0702728767036999, 0.16582173303996653, 0.11212396140049338, 0.1484133895925646, 0.1767910540050206, 0.04290577714411104, 0.16659416174267885, 0.02169861446762171, 0.08454867134035791, 0.24410038385721572, 0.15020257698352107, Inf, 0.07944278822379171, 0.19729317841784377]
[0.03743246493898541, 0.162395494400239, 0.22044553473040887, 0.020884677452528623, 0.04484894930587869, 0.09641043540517859, 0.024909122293767558, 0.1924231465473567, 0.25744579486379526, 0.07792909095048717, 0.0390408920567067, 0.1574670204428293, 0.17200449017635736, 0.11471740807249471, 0.1805492552813281, 0.07937608948184742, 0.17485425033707194, 0.0920973568427633, 0.022745994245870774, 0.16513947428647363, 0.07206438060296115, 0.07944278822379171, Inf, 0.16893952502931278]
[0.15675277587325756, 0.15593954502410273, 0.10637195538633497, 0.18660563338244776, 0.16267819472569497, 0.2405557941583383, 0.1447249171163145, 0.15949589534803288, 0.1616992837044446, 0.12176954333685945, 0.20622450557643504, 0.32640423978710303, 0.18899064450762507, 0.28073042152891536, 0.34888374701365893, 0.22826973414140608, 0.3423624612487106, 0.18798787769505107, 0.1462467966799953, 0.2001220633046209, 0.19084638279036648, 0.19729317841784377, 0.16893952502931278, Inf]
data points matrix is :
 [0.4767451777089914, 0.47769728379820287]
[0.3707237483302507, 0.4104873715259142]
[0.39477407919064245, 0.30422689856161356]
[0.5012633201201833, 0.509209259075349]
[0.5538953937302614, 0.47594208252527537]
[0.44012241042051514, 0.5557124065895013]
[0.5045512480815523, 0.46724984803985586]
[0.3521456956599487, 0.38354028260665207]
[0.3394695255305449, 0.29975500230578866]
[0.5587660453993025, 0.42901040228390164]
[0.5015911880662427, 0.5288258914856546]
[0.524192268297705, 0.64808388739471]
[0.3486291588393369, 0.4363735559697097]
[0.5526318115349396, 0.5982768872652158]
[0.503422115540027, 0.6714737410564013]
[0.45478227787954406, 0.5464493064360078]
[0.49238472495985997, 0.664899106707092]
[0.4196079118888605, 0.49275695596294045]
[0.5086149502760023, 0.46857682556548486]
[0.6663396433804007, 0.4331939487887957]
[0.5837010702637321, 0.4939011714983576]
[0.43423745870055414, 0.5087821308418286]
[0.5116906114889441, 0.4911139185975596]
[0.4995452490653024, 0.3226115349683415]




 AdNNnew 
obj val AdNNnew 18.534656409963894
x vector is :
 [1.023917796902578e-9, 1.0069068376285249e-9, 0.9999999951922671, 1.0, 1.0264669578851004e-9, 9.795739514185649e-10, 9.950435354397324e-10, 1.0258237116269826e-9, 0.9999999951368789, 1.0, 1.0122493507219462e-9, 1.0017549851082148e-9, 1.0271264491759354e-9, 1.0555995569817861e-9, 9.786233929526413e-10, 1.0377672227510293e-9, 1.0, 0.9999999950235229, 1.00923132622415e-9, 1.0938289659913565e-9, 1.0083311224180586e-9, 9.952777969251929e-10, 1.0135146559989752e-9, 1.1062930851131425e-9]y vector is :
 [1.0239178019025779, 1.0069068426285248, 7.887022463248794e-5, 0.00737001544003872, 1.0264669628851002, 0.9795739564185648, 0.9950435404397323, 1.0258237166269826, 0.05540619859813001, 0.01382594440243956, 1.012249355721946, 1.0017549901082148, 1.0271264541759353, 1.055599561981786, 0.9786233979526413, 1.0377672277510293, 0.034223772261113665, 0.026420817773628445, 1.0092313312241499, 1.0938289709913565, 1.0083311274180586, 0.9952778019251928, 1.0135146609989751, 1.1062930901131425]z matrix is :
 [0.0, 1.9999999979691754, 1.0000000050338151, 0.9999999989760822, 1.9999999979496152, 1.9999999979965082, 1.9999999979810386, 1.9999999979502585, 1.0000000050892033, 0.9999999989760822, 1.9999999979638328, 1.9999999979743273, 1.9999999979489558, 1.9999999979204826, 1.9999999979974588, 1.999999997938315, 0.9999999989760822, 1.0000000052025593, 1.9999999979668508, 1.9999999978822531, 1.999999997967751, 1.9999999979808043, 1.9999999979625676, 1.999999997869789]
[1.9999999979691754, 0.0, 1.0000000050508262, 0.9999999989930931, 1.9999999979666263, 1.9999999980135192, 1.9999999979980496, 1.9999999979672696, 1.0000000051062143, 0.9999999989930931, 1.9999999979808438, 1.9999999979913383, 1.9999999979659668, 1.9999999979374936, 1.9999999980144698, 1.999999997955326, 0.9999999989930931, 1.0000000052195703, 1.9999999979838619, 1.9999999978992642, 1.999999997984762, 1.9999999979978154, 1.9999999979795786, 1.9999999978868002]
[1.0000000050338151, 1.0000000050508262, 0.0, 6.057732870878851e-9, 1.000000005031266, 1.0000000050781588, 1.0000000050626894, 1.0000000050319091, 1.2170853991300135e-8, 6.057732870878851e-9, 1.0000000050454836, 1.0000000050559779, 1.0000000050306066, 1.0000000050021334, 1.0000000050791096, 1.0000000050199658, 6.057732870878851e-9, 1.2284209982560412e-8, 1.0000000050485016, 1.000000004963904, 1.0000000050494018, 1.000000005062455, 1.0000000050442184, 1.0000000049514397]
[0.9999999989760822, 0.9999999989930931, 6.057732870878851e-9, 0.0, 0.9999999989735331, 0.999999999020426, 0.9999999990049564, 0.9999999989741764, 6.113121120421283e-9, 0.0, 0.9999999989877506, 0.9999999989982451, 0.9999999989728736, 0.9999999989444004, 0.9999999990213766, 0.9999999989622328, 0.0, 6.226477111681561e-9, 0.9999999989907686, 0.999999998906171, 0.9999999989916688, 0.9999999990047221, 0.9999999989864854, 0.9999999988937069]
[1.9999999979496152, 1.9999999979666263, 1.000000005031266, 0.9999999989735331, 0.0, 1.9999999979939591, 1.9999999979784895, 1.9999999979477094, 1.0000000050866542, 0.9999999989735331, 1.9999999979612837, 1.9999999979717782, 1.9999999979464067, 1.9999999979179335, 1.9999999979949097, 1.9999999979357659, 0.9999999989735331, 1.0000000052000102, 1.9999999979643017, 1.999999997879704, 1.999999997965202, 1.9999999979782552, 1.9999999979600185, 1.99999999786724]
[1.9999999979965082, 1.9999999980135192, 1.0000000050781588, 0.999999999020426, 1.9999999979939591, 0.0, 1.9999999980253824, 1.9999999979946024, 1.0000000051335471, 0.999999999020426, 1.9999999980081766, 1.9999999980186711, 1.9999999979932996, 1.9999999979648264, 1.9999999980418026, 1.9999999979826588, 0.999999999020426, 1.0000000052469031, 1.9999999980111947, 1.999999997926597, 1.9999999980120948, 1.9999999980251482, 1.9999999980069114, 1.999999997914133]
[1.9999999979810386, 1.9999999979980496, 1.0000000050626894, 0.9999999990049564, 1.9999999979784895, 1.9999999980253824, 0.0, 1.9999999979791327, 1.0000000051180775, 0.9999999990049565, 1.999999997992707, 1.9999999980032015, 1.99999999797783, 1.9999999979493568, 1.999999998026333, 1.9999999979671892, 0.9999999990049565, 1.0000000052314335, 1.999999997995725, 1.9999999979111274, 1.9999999979966252, 1.9999999980096785, 1.9999999979914418, 1.9999999978986633]
[1.9999999979502585, 1.9999999979672696, 1.0000000050319091, 0.9999999989741764, 1.9999999979477094, 1.9999999979946024, 1.9999999979791327, 0.0, 1.0000000050872975, 0.9999999989741762, 1.999999997961927, 1.9999999979724215, 1.99999999794705, 1.9999999979185767, 1.999999997995553, 1.9999999979364091, 0.9999999989741762, 1.0000000052006535, 1.999999997964945, 1.9999999978803473, 1.9999999979658452, 1.9999999979788985, 1.9999999979606617, 1.9999999978678833]
[1.0000000050892033, 1.0000000051062143, 1.2170853991300135e-8, 6.113121120421283e-9, 1.0000000050866542, 1.0000000051335471, 1.0000000051180775, 1.0000000050872975, 0.0, 6.113121120421283e-9, 1.0000000051008717, 1.0000000051113662, 1.0000000050859947, 1.0000000050575215, 1.0000000051344977, 1.000000005075354, 6.113121120421283e-9, 1.2339598232102844e-8, 1.0000000051038898, 1.000000005019292, 1.00000000510479, 1.0000000051178433, 1.0000000050996065, 1.000000005006828]
[0.9999999989760822, 0.9999999989930931, 6.057732870878851e-9, 0.0, 0.9999999989735331, 0.999999999020426, 0.9999999990049565, 0.9999999989741762, 6.113121120421283e-9, 0.0, 0.9999999989877506, 0.9999999989982451, 0.9999999989728736, 0.9999999989444004, 0.9999999990213766, 0.9999999989622328, 0.0, 6.226477111681561e-9, 0.9999999989907686, 0.999999998906171, 0.9999999989916688, 0.9999999990047221, 0.9999999989864854, 0.9999999988937069]
[1.9999999979638328, 1.9999999979808438, 1.0000000050454836, 0.9999999989877506, 1.9999999979612837, 1.9999999980081766, 1.999999997992707, 1.999999997961927, 1.0000000051008717, 0.9999999989877506, 0.0, 1.9999999979859957, 1.9999999979606242, 1.999999997932151, 1.9999999980091272, 1.9999999979499834, 0.9999999989877506, 1.0000000052142277, 1.9999999979785192, 1.9999999978939216, 1.9999999979794194, 1.9999999979924727, 1.999999997974236, 1.9999999978814575]
[1.9999999979743273, 1.9999999979913383, 1.0000000050559779, 0.9999999989982451, 1.9999999979717782, 1.9999999980186711, 1.9999999980032015, 1.9999999979724215, 1.0000000051113662, 0.9999999989982451, 1.9999999979859957, 0.0, 1.9999999979711187, 1.9999999979426455, 1.9999999980196217, 1.999999997960478, 0.999999998998245, 1.0000000052247222, 1.9999999979890137, 1.999999997904416, 1.999999997989914, 1.9999999980029672, 1.9999999979847305, 1.999999997891952]
[1.9999999979489558, 1.9999999979659668, 1.0000000050306066, 0.9999999989728736, 1.9999999979464067, 1.9999999979932996, 1.99999999797783, 1.99999999794705, 1.0000000050859947, 0.9999999989728736, 1.9999999979606242, 1.9999999979711187, 0.0, 1.999999997917274, 1.9999999979942502, 1.9999999979351064, 0.9999999989728735, 1.0000000051993507, 1.9999999979636423, 1.9999999978790446, 1.9999999979645424, 1.9999999979775958, 1.999999997959359, 1.9999999978665806]
[1.9999999979204826, 1.9999999979374936, 1.0000000050021334, 0.9999999989444004, 1.9999999979179335, 1.9999999979648264, 1.9999999979493568, 1.9999999979185767, 1.0000000050575215, 0.9999999989444004, 1.999999997932151, 1.9999999979426455, 1.999999997917274, 0.0, 1.999999997965777, 1.9999999979066332, 0.9999999989444004, 1.0000000051708775, 1.999999997935169, 1.9999999978505714, 1.9999999979360692, 1.9999999979491225, 1.9999999979308858, 1.9999999978381073]
[1.9999999979974588, 1.9999999980144698, 1.0000000050791096, 0.9999999990213766, 1.9999999979949097, 1.9999999980418026, 1.999999998026333, 1.999999997995553, 1.0000000051344977, 0.9999999990213766, 1.9999999980091272, 1.9999999980196217, 1.9999999979942502, 1.999999997965777, 0.0, 1.9999999979836094, 0.9999999990213766, 1.0000000052478537, 1.9999999980121452, 1.9999999979275476, 1.9999999980130454, 1.9999999980260987, 1.999999998007862, 1.9999999979150835]
[1.999999997938315, 1.999999997955326, 1.0000000050199658, 0.9999999989622328, 1.9999999979357659, 1.9999999979826588, 1.9999999979671892, 1.9999999979364091, 1.000000005075354, 0.9999999989622328, 1.9999999979499834, 1.999999997960478, 1.9999999979351064, 1.9999999979066332, 1.9999999979836094, 0.0, 0.9999999989622328, 1.00000000518871, 1.9999999979530014, 1.9999999978684038, 1.9999999979539016, 1.999999997966955, 1.9999999979487182, 1.9999999978559397]
[0.9999999989760822, 0.9999999989930931, 6.057732870878851e-9, 0.0, 0.9999999989735331, 0.999999999020426, 0.9999999990049565, 0.9999999989741762, 6.113121120421283e-9, 0.0, 0.9999999989877506, 0.999999998998245, 0.9999999989728735, 0.9999999989444004, 0.9999999990213766, 0.9999999989622328, 0.0, 6.226477111681561e-9, 0.9999999989907686, 0.999999998906171, 0.9999999989916688, 0.9999999990047221, 0.9999999989864854, 0.9999999988937069]
[1.0000000052025593, 1.0000000052195703, 1.2284209982560412e-8, 6.226477111681561e-9, 1.0000000052000102, 1.0000000052469031, 1.0000000052314335, 1.0000000052006535, 1.2339598232102844e-8, 6.226477111681561e-9, 1.0000000052142277, 1.0000000052247222, 1.0000000051993507, 1.0000000051708775, 1.0000000052478537, 1.00000000518871, 6.226477111681561e-9, 0.0, 1.0000000052172457, 1.000000005132648, 1.000000005218146, 1.0000000052311993, 1.0000000052129625, 1.000000005120184]
[1.9999999979668508, 1.9999999979838619, 1.0000000050485016, 0.9999999989907686, 1.9999999979643017, 1.9999999980111947, 1.999999997995725, 1.999999997964945, 1.0000000051038898, 0.9999999989907686, 1.9999999979785192, 1.9999999979890137, 1.9999999979636423, 1.999999997935169, 1.9999999980121452, 1.9999999979530014, 0.9999999989907686, 1.0000000052172457, 0.0, 1.9999999978969396, 1.9999999979824374, 1.9999999979954908, 1.999999997977254, 1.9999999978844756]
[1.9999999978822531, 1.9999999978992642, 1.000000004963904, 0.999999998906171, 1.999999997879704, 1.999999997926597, 1.9999999979111274, 1.9999999978803473, 1.000000005019292, 0.999999998906171, 1.9999999978939216, 1.999999997904416, 1.9999999978790446, 1.9999999978505714, 1.9999999979275476, 1.9999999978684038, 0.999999998906171, 1.000000005132648, 1.9999999978969396, 0.0, 1.9999999978978398, 1.9999999979108931, 1.9999999978926564, 1.999999997799878]
[1.999999997967751, 1.999999997984762, 1.0000000050494018, 0.9999999989916688, 1.999999997965202, 1.9999999980120948, 1.9999999979966252, 1.9999999979658452, 1.00000000510479, 0.9999999989916688, 1.9999999979794194, 1.999999997989914, 1.9999999979645424, 1.9999999979360692, 1.9999999980130454, 1.9999999979539016, 0.9999999989916688, 1.000000005218146, 1.9999999979824374, 1.9999999978978398, 0.0, 1.999999997996391, 1.9999999979781542, 1.9999999978853757]
[1.9999999979808043, 1.9999999979978154, 1.000000005062455, 0.9999999990047221, 1.9999999979782552, 1.9999999980251482, 1.9999999980096785, 1.9999999979788985, 1.0000000051178433, 0.9999999990047221, 1.9999999979924727, 1.9999999980029672, 1.9999999979775958, 1.9999999979491225, 1.9999999980260987, 1.999999997966955, 0.9999999990047221, 1.0000000052311993, 1.9999999979954908, 1.9999999979108931, 1.999999997996391, 0.0, 1.9999999979912075, 1.999999997898429]
[1.9999999979625676, 1.9999999979795786, 1.0000000050442184, 0.9999999989864854, 1.9999999979600185, 1.9999999980069114, 1.9999999979914418, 1.9999999979606617, 1.0000000050996065, 0.9999999989864854, 1.999999997974236, 1.9999999979847305, 1.999999997959359, 1.9999999979308858, 1.999999998007862, 1.9999999979487182, 0.9999999989864854, 1.0000000052129625, 1.999999997977254, 1.9999999978926564, 1.9999999979781542, 1.9999999979912075, 0.0, 1.9999999978801923]
[1.999999997869789, 1.9999999978868002, 1.0000000049514397, 0.9999999988937069, 1.99999999786724, 1.999999997914133, 1.9999999978986633, 1.9999999978678833, 1.000000005006828, 0.9999999988937069, 1.9999999978814575, 1.999999997891952, 1.9999999978665806, 1.9999999978381073, 1.9999999979150835, 1.9999999978559397, 0.9999999988937069, 1.000000005120184, 1.9999999978844756, 1.999999997799878, 1.9999999978853757, 1.999999997898429, 1.9999999978801923, 0.0]
w vector is :
 [1.0239178019025779, 1.0069068426285248, 7.887022463248794e-5, 0.00737001544003872, 1.0264669628851002, 0.9795739564185648, 0.9950435404397323, 1.0258237166269826, 0.05540619859813001, 0.01382594440243956, 1.012249355721946, 1.0017549901082148, 1.0271264541759353, 1.055599561981786, 0.9786233979526413, 1.0377672277510293, 0.034223772261113665, 0.026420817773628445, 1.0092313312241499, 1.0938289709913565, 1.0083311274180586, 0.9952778019251928, 1.0135146609989751, 1.1062930901131425]p matrix is :
 [0.0, 0.0, 0.0, 0.0, 0.0, 0.0, 0.0, 0.0, 0.0, 0.0, 0.0, 0.0, 0.0, 0.0, 0.0, 0.0, 0.0, 0.0, 0.0, 0.0, 0.0, 0.0, 0.0, 0.0]
[0.0, 0.0, 0.0, 0.0, 0.0, 0.0, 0.0, 0.0, 0.0, 0.0, 0.0, 0.0, 0.0, 0.0, 0.0, 0.0, 0.0, 0.0, 0.0, 0.0, 0.0, 0.0, 0.0, 0.0]
[0.0, 0.0, 0.0, 0.0, 0.0, 0.0, 0.0, 0.0, 0.0, 0.0, 0.0, 0.0, 0.0, 0.0, 0.0, 0.0, 0.0, 0.0, 0.0, 0.0, 0.0, 0.0, 0.0, 0.0]
[0.0, 0.0, 0.0, 0.0, 0.0, 0.0, 0.0, 0.0, 0.0, 0.0, 0.0, 0.0, 0.0, 0.0, 0.0, 0.0, 0.0, 0.0, 0.0, 0.0, 0.0, 0.0, 0.0, 0.0]
[0.0, 0.0, 0.0, 0.0, 0.0, 0.0, 0.0, 0.0, 0.0, 0.0, 0.0, 0.0, 0.0, 0.0, 0.0, 0.0, 0.0, 0.0, 0.0, 0.0, 0.0, 0.0, 0.0, 0.0]
[0.0, 0.0, 0.0, 0.0, 0.0, 0.0, 0.0, 0.0, 0.0, 0.0, 0.0, 0.0, 0.0, 0.0, 0.0, 0.0, 0.0, 0.0, 0.0, 0.0, 0.0, 0.0, 0.0, 0.0]
[0.0, 0.0, 0.0, 0.0, 0.0, 0.0, 0.0, 0.0, 0.0, 0.0, 0.0, 0.0, 0.0, 0.0, 0.0, 0.0, 0.0, 0.0, 0.0, 0.0, 0.0, 0.0, 0.0, 0.0]
[0.0, 0.0, 0.0, 0.0, 0.0, 0.0, 0.0, 0.0, 0.0, 0.0, 0.0, 0.0, 0.0, 0.0, 0.0, 0.0, 0.0, 0.0, 0.0, 0.0, 0.0, 0.0, 0.0, 0.0]
[0.0, 0.0, 0.0, 0.0, 0.0, 0.0, 0.0, 0.0, 0.0, 0.0, 0.0, 0.0, 0.0, 0.0, 0.0, 0.0, 0.0, 0.0, 0.0, 0.0, 0.0, 0.0, 0.0, 0.0]
[0.0, 0.0, 0.0, 0.0, 0.0, 0.0, 0.0, 0.0, 0.0, 0.0, 0.0, 0.0, 0.0, 0.0, 0.0, 0.0, 0.0, 0.0, 0.0, 0.0, 0.0, 0.0, 0.0, 0.0]
[0.0, 0.0, 0.0, 0.0, 0.0, 0.0, 0.0, 0.0, 0.0, 0.0, 0.0, 0.0, 0.0, 0.0, 0.0, 0.0, 0.0, 0.0, 0.0, 0.0, 0.0, 0.0, 0.0, 0.0]
[0.0, 0.0, 0.0, 0.0, 0.0, 0.0, 0.0, 0.0, 0.0, 0.0, 0.0, 0.0, 0.0, 0.0, 0.0, 0.0, 0.0, 0.0, 0.0, 0.0, 0.0, 0.0, 0.0, 0.0]
[0.0, 0.0, 0.0, 0.0, 0.0, 0.0, 0.0, 0.0, 0.0, 0.0, 0.0, 0.0, 0.0, 0.0, 0.0, 0.0, 0.0, 0.0, 0.0, 0.0, 0.0, 0.0, 0.0, 0.0]
[0.0, 0.0, 0.0, 0.0, 0.0, 0.0, 0.0, 0.0, 0.0, 0.0, 0.0, 0.0, 0.0, 0.0, 0.0, 0.0, 0.0, 0.0, 0.0, 0.0, 0.0, 0.0, 0.0, 0.0]
[0.0, 0.0, 0.0, 0.0, 0.0, 0.0, 0.0, 0.0, 0.0, 0.0, 0.0, 0.0, 0.0, 0.0, 0.0, 0.0, 0.0, 0.0, 0.0, 0.0, 0.0, 0.0, 0.0, 0.0]
[0.0, 0.0, 0.0, 0.0, 0.0, 0.0, 0.0, 0.0, 0.0, 0.0, 0.0, 0.0, 0.0, 0.0, 0.0, 0.0, 0.0, 0.0, 0.0, 0.0, 0.0, 0.0, 0.0, 0.0]
[0.0, 0.0, 0.0, 0.0, 0.0, 0.0, 0.0, 0.0, 0.0, 0.0, 0.0, 0.0, 0.0, 0.0, 0.0, 0.0, 0.0, 0.0, 0.0, 0.0, 0.0, 0.0, 0.0, 0.0]
[0.0, 0.0, 0.0, 0.0, 0.0, 0.0, 0.0, 0.0, 0.0, 0.0, 0.0, 0.0, 0.0, 0.0, 0.0, 0.0, 0.0, 0.0, 0.0, 0.0, 0.0, 0.0, 0.0, 0.0]
[0.0, 0.0, 0.0, 0.0, 0.0, 0.0, 0.0, 0.0, 0.0, 0.0, 0.0, 0.0, 0.0, 0.0, 0.0, 0.0, 0.0, 0.0, 0.0, 0.0, 0.0, 0.0, 0.0, 0.0]
[0.0, 0.0, 0.0, 0.0, 0.0, 0.0, 0.0, 0.0, 0.0, 0.0, 0.0, 0.0, 0.0, 0.0, 0.0, 0.0, 0.0, 0.0, 0.0, 0.0, 0.0, 0.0, 0.0, 0.0]
[0.0, 0.0, 0.0, 0.0, 0.0, 0.0, 0.0, 0.0, 0.0, 0.0, 0.0, 0.0, 0.0, 0.0, 0.0, 0.0, 0.0, 0.0, 0.0, 0.0, 0.0, 0.0, 0.0, 0.0]
[0.0, 0.0, 0.0, 0.0, 0.0, 0.0, 0.0, 0.0, 0.0, 0.0, 0.0, 0.0, 0.0, 0.0, 0.0, 0.0, 0.0, 0.0, 0.0, 0.0, 0.0, 0.0, 0.0, 0.0]
[0.0, 0.0, 0.0, 0.0, 0.0, 0.0, 0.0, 0.0, 0.0, 0.0, 0.0, 0.0, 0.0, 0.0, 0.0, 0.0, 0.0, 0.0, 0.0, 0.0, 0.0, 0.0, 0.0, 0.0]
[0.0, 0.0, 0.0, 0.0, 0.0, 0.0, 0.0, 0.0, 0.0, 0.0, 0.0, 0.0, 0.0, 0.0, 0.0, 0.0, 0.0, 0.0, 0.0, 0.0, 0.0, 0.0, 0.0, 0.0]
