Academic license - for non-commercial use only
Academic license - for non-commercial use only
Optimize a model with 1964 rows, 860 columns and 5100 nonzeros
Variable types: 840 continuous, 20 integer (20 binary)
Coefficient statistics:
  Matrix range     [1e+00, 1e+09]
  Objective range  [1e+00, 1e+00]
  Bounds range     [0e+00, 0e+00]
  RHS range        [2e-02, 2e+00]
Warning: Model contains large matrix coefficients
         Consider reformulating model or setting NumericFocus parameter
         to avoid numerical issues.
Found heuristic solution: objective -0.0000000
Presolve removed 1370 rows and 630 columns
Presolve time: 0.00s
Presolved: 594 rows, 230 columns, 1770 nonzeros
Variable types: 210 continuous, 20 integer (20 binary)

Root relaxation: objective 1.267715e+01, 38 iterations, 0.00 seconds

    Nodes    |    Current Node    |     Objective Bounds      |     Work
 Expl Unexpl |  Obj  Depth IntInf | Incumbent    BestBd   Gap | It/Node Time

*    0     0               0      12.6771469   12.67715  0.00%     -    0s

Explored 0 nodes (50 simplex iterations) in 0.02 seconds
Thread count was 24 (of 24 available processors)

Solution count 2: 12.6771 -0 

Optimal solution found (tolerance 1.00e-04)
Best objective 1.267714691283e+01, best bound 1.267714691283e+01, gap 0.0000%
num_cluster is 4
card is 5
visit_m is 2
limits_ is [1, 1]
dim is 2
sum dis 59.492017881127346

dis_mat matrix is :
 [Inf, 0.06291957701983837, 0.08145383930504828, 0.11277408909230098, 0.22008920940957427, 0.1703700110638962, 0.01651938958804266, 0.16487151215881682, 0.1429792491701027, 0.032611481873230874, 0.09453482237757689, 0.04379256439905366, 0.09773907423902899, 0.13069550878638525, 0.07790981247267131, 0.24912049794228647, 0.048045413138269585, 0.10156804349385862, 0.1855113113094631, 0.06488215862100143]
[0.06291957701983837, Inf, 0.025940278071128562, 0.1624862027712403, 0.25060748378724257, 0.13702607159368, 0.050958180269604976, 0.2276762244482928, 0.08454063000260113, 0.061887481462096515, 0.08812319862681683, 0.028655278720439742, 0.035670942587893884, 0.12891568515370963, 0.11484626827503362, 0.20629514820106754, 0.02070226666618192, 0.16330821332816964, 0.2192570427258432, 0.12521066576945897]
[0.08145383930504828, 0.025940278071128562, Inf, 0.16784842966650465, 0.2444520279743283, 0.15193458190869893, 0.07264224260879835, 0.2434505874673016, 0.08436746619307758, 0.07018518731568872, 0.11241857076930128, 0.03878217213048916, 0.02137740963810056, 0.11410402172135703, 0.11680707592547956, 0.2146319071947113, 0.04624349722967938, 0.17738454993400204, 0.24518544707153922, 0.13859878953662746]
[0.11277408909230098, 0.1624862027712403, 0.16784842966650465, Inf, 0.12195139192954611, 0.2831125470214273, 0.1291311530250008, 0.11207192775419722, 0.24700163317007756, 0.10059882721176827, 0.20485700704824072, 0.13409746281829582, 0.18899648229718155, 0.12062655412856785, 0.05283146456212412, 0.36157533809296366, 0.15571365612374796, 0.061139442667692744, 0.2508699616250626, 0.05933220931234554]
[0.22008920940957427, 0.25060748378724257, 0.2444520279743283, 0.12195139192954611, Inf, 0.38494539042006265, 0.23456876884396274, 0.20892602863398294, 0.3287674276054028, 0.19580739466404026, 0.3145022987405514, 0.22336367459311127, 0.2648469275798565, 0.14134644778580377, 0.1423745271224926, 0.4568752977475522, 0.25201151778652287, 0.17986733662796164, 0.3727432991263731, 0.1799688682185433]
[0.1703700110638962, 0.13702607159368, 0.15193458190869893, 0.2831125470214273, 0.38494539042006265, Inf, 0.1541481638811841, 0.3103741175963304, 0.09036580636174653, 0.18950476566774418, 0.08362517905374313, 0.16223061077218826, 0.1381145898736048, 0.2651318718661231, 0.24410302475487836, 0.0826093824626496, 0.13294218716361805, 0.2605965624513866, 0.1944029588558506, 0.23067475560315445]
[0.01651938958804266, 0.050958180269604976, 0.07264224260879835, 0.1291311530250008, 0.23456876884396274, 0.1541481638811841, Inf, 0.17879538941749762, 0.12777368054048305, 0.041555477485136647, 0.08006319822216469, 0.03875979216725162, 0.08657442720384317, 0.1378757902359593, 0.09219695077414099, 0.23263241254845546, 0.03348197160081671, 0.11685162667825605, 0.18233949526363188, 0.08095040368176665]
[0.16487151215881682, 0.2276762244482928, 0.2434505874673016, 0.11207192775419722, 0.20892602863398294, 0.3103741175963304, 0.17879538941749762, Inf, 0.30606143848805883, 0.17502082335038907, 0.22698906974318578, 0.20471052579372123, 0.2617259771940355, 0.2299415853440685, 0.15252861556381375, 0.39298154000668434, 0.21223490869747294, 0.06724642527872046, 0.20047868583247364, 0.10568439305724485]
[0.1429792491701027, 0.08454063000260113, 0.08436746619307758, 0.24700163317007756, 0.3287674276054028, 0.09036580636174653, 0.12777368054048305, 0.30606143848805883, Inf, 0.1464134473502142, 0.1062472187094486, 0.11294225068704669, 0.06406800134615347, 0.19516976058313829, 0.19843813204350086, 0.13410743029932143, 0.09495585517006226, 0.24449802002603044, 0.24964627138506407, 0.20756051552054788]
[0.032611481873230874, 0.061887481462096515, 0.07018518731568872, 0.10059882721176827, 0.19580739466404026, 0.18950476566774418, 0.041555477485136647, 0.17502082335038907, 0.1464134473502142, Inf, 0.12062720085220648, 0.03364849152201311, 0.09039608740215377, 0.09809516203804537, 0.05483394535201145, 0.26439159303793935, 0.05719406569541866, 0.10816106716620189, 0.2178750077277456, 0.0693846488349045]
[0.09453482237757689, 0.08812319862681683, 0.11241857076930128, 0.20485700704824072, 0.3145022987405514, 0.08362517905374313, 0.08006319822216469, 0.22698906974318578, 0.1062472187094486, 0.12062720085220648, Inf, 0.1027245235999638, 0.11047548530172802, 0.2112535889723655, 0.1721494229501568, 0.16616693553063905, 0.07303617700227669, 0.17751817610030887, 0.14440195364490296, 0.14952314149402884]
[0.04379256439905366, 0.028655278720439742, 0.03878217213048916, 0.13409746281829582, 0.22336367459311127, 0.16223061077218826, 0.03875979216725162, 0.20471052579372123, 0.11294225068704669, 0.03364849152201311, 0.1027245235999638, Inf, 0.05761599471182793, 0.10857278918293155, 0.08622703129802828, 0.23400340637454456, 0.030544728521177213, 0.1388657268561617, 0.2200182155161512, 0.10017060830547155]
[0.09773907423902899, 0.035670942587893884, 0.02137740963810056, 0.18899648229718155, 0.2648469275798565, 0.1381145898736048, 0.08657442720384317, 0.2617259771940355, 0.06406800134615347, 0.09039608740215377, 0.11047548530172802, 0.05761599471182793, Inf, 0.13180375644121506, 0.13815386661764348, 0.1962969558272506, 0.05546540039107967, 0.19634316530322551, 0.2494331404411084, 0.15773096215182927]
[0.13069550878638525, 0.12891568515370963, 0.11410402172135703, 0.12062655412856785, 0.14134644778580377, 0.2651318718661231, 0.1378757902359593, 0.2299415853440685, 0.19516976058313829, 0.09809516203804537, 0.2112535889723655, 0.10857278918293155, 0.13180375644121506, Inf, 0.07967531598959621, 0.32808611631907725, 0.13881759207723018, 0.16755940050170226, 0.3152699044606892, 0.13809566928712538]
[0.07790981247267131, 0.11484626827503362, 0.11680707592547956, 0.05283146456212412, 0.1423745271224926, 0.24410302475487836, 0.09219695077414099, 0.15252861556381375, 0.19843813204350086, 0.05483394535201145, 0.1721494229501568, 0.08622703129802828, 0.13815386661764348, 0.07967531598959621, Inf, 0.3191672671240527, 0.1120229082373749, 0.08821076405863479, 0.24799308123300515, 0.05936856071242026]
[0.24912049794228647, 0.20629514820106754, 0.2146319071947113, 0.36157533809296366, 0.4568752977475522, 0.0826093824626496, 0.23263241254845546, 0.39298154000668434, 0.13410743029932143, 0.26439159303793935, 0.16616693553063905, 0.23400340637454456, 0.1962969558272506, 0.32808611631907725, 0.3191672671240527, Inf, 0.2072338833879237, 0.34248770329542066, 0.2635545842917517, 0.31135137047064687]
[0.048045413138269585, 0.02070226666618192, 0.04624349722967938, 0.15571365612374796, 0.25201151778652287, 0.13294218716361805, 0.03348197160081671, 0.21223490869747294, 0.09495585517006226, 0.05719406569541866, 0.07303617700227669, 0.030544728521177213, 0.05546540039107967, 0.13881759207723018, 0.1120229082373749, 0.2072338833879237, Inf, 0.14960924743707985, 0.19916360236838968, 0.11265400993582841]
[0.10156804349385862, 0.16330821332816964, 0.17738454993400204, 0.061139442667692744, 0.17986733662796164, 0.2605965624513866, 0.11685162667825605, 0.06724642527872046, 0.24449802002603044, 0.10816106716620189, 0.17751817610030887, 0.1388657268561617, 0.19634316530322551, 0.16755940050170226, 0.08821076405863479, 0.34248770329542066, 0.14960924743707985, Inf, 0.19471011558008555, 0.038829256835001554]
[0.1855113113094631, 0.2192570427258432, 0.24518544707153922, 0.2508699616250626, 0.3727432991263731, 0.1944029588558506, 0.18233949526363188, 0.20047868583247364, 0.24964627138506407, 0.2178750077277456, 0.14440195364490296, 0.2200182155161512, 0.2494331404411084, 0.3152699044606892, 0.24799308123300515, 0.2635545842917517, 0.19916360236838968, 0.19471011558008555, Inf, 0.1949896246508634]
[0.06488215862100143, 0.12521066576945897, 0.13859878953662746, 0.05933220931234554, 0.1799688682185433, 0.23067475560315445, 0.08095040368176665, 0.10568439305724485, 0.20756051552054788, 0.0693846488349045, 0.14952314149402884, 0.10017060830547155, 0.15773096215182927, 0.13809566928712538, 0.05936856071242026, 0.31135137047064687, 0.11265400993582841, 0.038829256835001554, 0.1949896246508634, Inf]
data points matrix is :
 [0.500761777426334, 0.5057025248091463]
[0.4451598988296124, 0.5351525548408934]
[0.4215070201007008, 0.5245017635912784]
[0.5306114932077602, 0.39695056097232034]
[0.47837021567239846, 0.2867553209887935]
[0.46069772997734165, 0.6712948337244973]
[0.4940548377324548, 0.5207991201969879]
[0.6406141293040839, 0.41838737609028487]
[0.39855563395706495, 0.6056873733132347]
[0.4777831514343077, 0.4825618355910906]
[0.5046588211203866, 0.6001569884009039]
[0.45710152007727967, 0.5091040869296448]
[0.4102975474758662, 0.5427045481669481]
[0.410794422256241, 0.41090172829018007]
[0.4884395239378884, 0.428773330425653]
[0.4133342709406128, 0.7389780134587298]
[0.46559899476314953, 0.5384430263173496]
[0.5761982443434246, 0.43769218060889215]
[0.6478607059857378, 0.61873505039551]
[0.5415713465965336, 0.45526173207684006]




 AdNNnew 
obj val AdNNnew 12.677146912830427
x vector is :
 [0.9999999988861407, 9.974671102261303e-10, 1.0208384312216738e-9, 1.0, 1.0955538292529675e-9, 1.012030975101863e-9, 0.9999999973630883, 1.0613518151136879e-9, 1.0635290228870364e-9, 1.0, 1.0, 0.9999999974272346, 1.0005389663950494e-9, 1.0457926063914901e-9, 1.0264339019546654e-9, 1.0, 0.9999999973220439, 1.0058945980977862e-9, 1.1391268585183074e-9, 1.032934646698386e-9]y vector is :
 [0.006272571543669558, 0.9974671152261303, 1.0208384362216738, 0.026397556581025026, 1.0955538342529674, 1.0120309801018628, 0.010246824295144008, 1.0613518201136878, 1.0635290278870364, 0.026338913443420653, 0.005275088987468646, 0.007309581151358158, 1.0005389713950492, 1.0457926113914902, 1.0264339069546653, 0.07057840134875583, 0.023235153620540627, 1.0058946030977862, 1.1391268635183074, 1.032934651698386]z matrix is :
 [0.0, 1.0000000021163922, 1.0000000020930209, 3.113859392556151e-9, 1.0000000020183055, 1.0000000021018285, 6.250771011906409e-9, 1.0000000020525075, 1.0000000020503303, 3.113859392556151e-9, 3.113859392556151e-9, 6.186624990078826e-9, 1.0000000021133204, 1.0000000020680668, 1.0000000020874256, 3.113859392556151e-9, 6.291815513037591e-9, 1.0000000021079647, 1.0000000019747326, 1.0000000020809248]
[1.0000000021163922, 0.0, 1.9999999979816943, 0.9999999990025329, 1.999999997906979, 1.9999999979905019, 1.0000000021394444, 1.9999999979411809, 1.9999999979390037, 0.9999999990025329, 0.9999999990025329, 1.0000000020752984, 1.9999999980019938, 1.9999999979567402, 1.999999997976099, 0.9999999990025329, 1.000000002180489, 1.999999997996638, 1.999999997863406, 1.9999999979695982]
[1.0000000020930209, 1.9999999979816943, 0.0, 0.9999999989791616, 1.9999999978836076, 1.9999999979671306, 1.000000002116073, 1.9999999979178096, 1.9999999979156324, 0.9999999989791616, 0.9999999989791616, 1.000000002051927, 1.9999999979786225, 1.999999997933369, 1.9999999979527276, 0.9999999989791616, 1.0000000021571176, 1.9999999979732668, 1.9999999978400347, 1.9999999979462268]
[3.113859392556151e-9, 0.9999999990025329, 0.9999999989791616, 0.0, 0.9999999989044461, 0.9999999989879691, 3.1369116193502578e-9, 0.9999999989386481, 0.999999998936471, 0.0, 0.0, 3.0727655975226753e-9, 0.999999998999461, 0.9999999989542074, 0.9999999989735662, 0.0, 3.17795612048144e-9, 0.9999999989941053, 0.9999999988608732, 0.9999999989670654]
[1.0000000020183055, 1.999999997906979, 1.9999999978836076, 0.9999999989044461, 0.0, 1.9999999978924152, 1.0000000020413577, 1.9999999978430942, 1.999999997840917, 0.9999999989044461, 0.9999999989044461, 1.0000000019772117, 1.9999999979039071, 1.9999999978586536, 1.9999999978780123, 0.9999999989044461, 1.0000000020824023, 1.9999999978985514, 1.9999999977653193, 1.9999999978715115]
[1.0000000021018285, 1.9999999979905019, 1.9999999979671306, 0.9999999989879691, 1.9999999978924152, 0.0, 1.0000000021248807, 1.9999999979266172, 1.99999999792444, 0.999999998987969, 0.999999998987969, 1.0000000020607347, 1.9999999979874301, 1.9999999979421765, 1.9999999979615353, 0.999999998987969, 1.0000000021659252, 1.9999999979820744, 1.9999999978488423, 1.9999999979550345]
[6.250771011906409e-9, 1.0000000021394444, 1.000000002116073, 3.1369116193502578e-9, 1.0000000020413577, 1.0000000021248807, 0.0, 1.0000000020755597, 1.0000000020733828, 3.1369117303725602e-9, 3.1369117303725602e-9, 6.2096773278952355e-9, 1.0000000021363729, 1.0000000020911193, 1.000000002110478, 3.1369117303725602e-9, 6.314867850854e-9, 1.0000000021310171, 1.000000001997785, 1.000000002103977]
[1.0000000020525075, 1.9999999979411809, 1.9999999979178096, 0.9999999989386481, 1.9999999978430942, 1.9999999979266172, 1.0000000020755597, 0.0, 1.999999997875119, 0.9999999989386482, 0.9999999989386482, 1.0000000020114137, 1.9999999979381091, 1.9999999978928555, 1.9999999979122143, 0.9999999989386482, 1.0000000021166042, 1.9999999979327534, 1.9999999977995213, 1.9999999979057135]
[1.0000000020503303, 1.9999999979390037, 1.9999999979156324, 0.999999998936471, 1.999999997840917, 1.99999999792444, 1.0000000020733828, 1.999999997875119, 0.0, 0.999999998936471, 0.999999998936471, 1.0000000020092366, 1.999999997935932, 1.9999999978906784, 1.9999999979100371, 0.999999998936471, 1.000000002114427, 1.9999999979305763, 1.9999999977973442, 1.9999999979035363]
[3.113859392556151e-9, 0.9999999990025329, 0.9999999989791616, 0.0, 0.9999999989044461, 0.999999998987969, 3.1369117303725602e-9, 0.9999999989386482, 0.999999998936471, 0.0, 0.0, 3.0727655975226753e-9, 0.999999998999461, 0.9999999989542074, 0.9999999989735662, 0.0, 3.17795612048144e-9, 0.9999999989941053, 0.9999999988608732, 0.9999999989670654]
[3.113859392556151e-9, 0.9999999990025329, 0.9999999989791616, 0.0, 0.9999999989044461, 0.999999998987969, 3.1369117303725602e-9, 0.9999999989386482, 0.999999998936471, 0.0, 0.0, 3.0727655975226753e-9, 0.999999998999461, 0.9999999989542074, 0.9999999989735662, 0.0, 3.17795612048144e-9, 0.9999999989941053, 0.9999999988608732, 0.9999999989670654]
[6.186624990078826e-9, 1.0000000020752984, 1.000000002051927, 3.0727655975226753e-9, 1.0000000019772117, 1.0000000020607347, 6.2096773278952355e-9, 1.0000000020114137, 1.0000000020092366, 3.0727655975226753e-9, 3.0727655975226753e-9, 0.0, 1.0000000020722264, 1.0000000020269728, 1.0000000020463315, 3.072765486500373e-9, 6.250721606981813e-9, 1.0000000020668707, 1.0000000019336386, 1.000000002039831]
[1.0000000021133204, 1.9999999980019938, 1.9999999979786225, 0.999999998999461, 1.9999999979039071, 1.9999999979874301, 1.0000000021363729, 1.9999999979381091, 1.999999997935932, 0.999999998999461, 0.999999998999461, 1.0000000020722264, 0.0, 1.9999999979536685, 1.9999999979730272, 0.999999998999461, 1.0000000021774171, 1.9999999979935663, 1.9999999978603342, 1.9999999979665264]
[1.0000000020680668, 1.9999999979567402, 1.999999997933369, 0.9999999989542074, 1.9999999978586536, 1.9999999979421765, 1.0000000020911193, 1.9999999978928555, 1.9999999978906784, 0.9999999989542074, 0.9999999989542074, 1.0000000020269728, 1.9999999979536685, 0.0, 1.9999999979277736, 0.9999999989542074, 1.0000000021321636, 1.9999999979483127, 1.9999999978150806, 1.9999999979212728]
[1.0000000020874256, 1.999999997976099, 1.9999999979527276, 0.9999999989735662, 1.9999999978780123, 1.9999999979615353, 1.000000002110478, 1.9999999979122143, 1.9999999979100371, 0.9999999989735662, 0.9999999989735662, 1.0000000020463315, 1.9999999979730272, 1.9999999979277736, 0.0, 0.9999999989735661, 1.0000000021515223, 1.9999999979676715, 1.9999999978344394, 1.9999999979406315]
[3.113859392556151e-9, 0.9999999990025329, 0.9999999989791616, 0.0, 0.9999999989044461, 0.999999998987969, 3.1369117303725602e-9, 0.9999999989386482, 0.999999998936471, 0.0, 0.0, 3.072765486500373e-9, 0.999999998999461, 0.9999999989542074, 0.9999999989735661, 0.0, 3.17795612048144e-9, 0.9999999989941053, 0.9999999988608732, 0.9999999989670654]
[6.291815513037591e-9, 1.000000002180489, 1.0000000021571176, 3.17795612048144e-9, 1.0000000020824023, 1.0000000021659252, 6.314867850854e-9, 1.0000000021166042, 1.000000002114427, 3.17795612048144e-9, 3.17795612048144e-9, 6.250721606981813e-9, 1.0000000021774171, 1.0000000021321636, 1.0000000021515223, 3.17795612048144e-9, 0.0, 1.0000000021720614, 1.0000000020388293, 1.0000000021450215]
[1.0000000021079647, 1.999999997996638, 1.9999999979732668, 0.9999999989941053, 1.9999999978985514, 1.9999999979820744, 1.0000000021310171, 1.9999999979327534, 1.9999999979305763, 0.9999999989941053, 0.9999999989941053, 1.0000000020668707, 1.9999999979935663, 1.9999999979483127, 1.9999999979676715, 0.9999999989941053, 1.0000000021720614, 0.0, 1.9999999978549785, 1.9999999979611707]
[1.0000000019747326, 1.999999997863406, 1.9999999978400347, 0.9999999988608732, 1.9999999977653193, 1.9999999978488423, 1.000000001997785, 1.9999999977995213, 1.9999999977973442, 0.9999999988608732, 0.9999999988608732, 1.0000000019336386, 1.9999999978603342, 1.9999999978150806, 1.9999999978344394, 0.9999999988608732, 1.0000000020388293, 1.9999999978549785, 0.0, 1.9999999978279386]
[1.0000000020809248, 1.9999999979695982, 1.9999999979462268, 0.9999999989670654, 1.9999999978715115, 1.9999999979550345, 1.000000002103977, 1.9999999979057135, 1.9999999979035363, 0.9999999989670654, 0.9999999989670654, 1.000000002039831, 1.9999999979665264, 1.9999999979212728, 1.9999999979406315, 0.9999999989670654, 1.0000000021450215, 1.9999999979611707, 1.9999999978279386, 0.0]
w vector is :
 [0.006272571543669558, 0.9974671152261303, 1.0208384362216738, 0.026397556581025026, 1.0955538342529674, 1.0120309801018628, 0.010246824295144008, 1.0613518201136878, 1.0635290278870364, 0.026338913443420653, 0.005275088987468646, 0.007309581151358158, 1.0005389713950492, 1.0457926113914902, 1.0264339069546653, 0.07057840134875583, 0.023235153620540627, 1.0058946030977862, 1.1391268635183074, 1.032934651698386]p matrix is :
 [0.0, 0.0, 0.0, 0.0, 0.0, 0.0, 0.0, 0.0, 0.0, 0.0, 0.0, 0.0, 0.0, 0.0, 0.0, 0.0, 0.0, 0.0, 0.0, 0.0]
[0.0, 0.0, 0.0, 0.0, 0.0, 0.0, 0.0, 0.0, 0.0, 0.0, 0.0, 0.0, 0.0, 0.0, 0.0, 0.0, 0.0, 0.0, 0.0, 0.0]
[0.0, 0.0, 0.0, 0.0, 0.0, 0.0, 0.0, 0.0, 0.0, 0.0, 0.0, 0.0, 0.0, 0.0, 0.0, 0.0, 0.0, 0.0, 0.0, 0.0]
[0.0, 0.0, 0.0, 0.0, 0.0, 0.0, 0.0, 0.0, 0.0, 0.0, 0.0, 0.0, 0.0, 0.0, 0.0, 0.0, 0.0, 0.0, 0.0, 0.0]
[0.0, 0.0, 0.0, 0.0, 0.0, 0.0, 0.0, 0.0, 0.0, 0.0, 0.0, 0.0, 0.0, 0.0, 0.0, 0.0, 0.0, 0.0, 0.0, 0.0]
[0.0, 0.0, 0.0, 0.0, 0.0, 0.0, 0.0, 0.0, 0.0, 0.0, 0.0, 0.0, 0.0, 0.0, 0.0, 0.0, 0.0, 0.0, 0.0, 0.0]
[0.0, 0.0, 0.0, 0.0, 0.0, 0.0, 0.0, 0.0, 0.0, 0.0, 0.0, 0.0, 0.0, 0.0, 0.0, 0.0, 0.0, 0.0, 0.0, 0.0]
[0.0, 0.0, 0.0, 0.0, 0.0, 0.0, 0.0, 0.0, 0.0, 0.0, 0.0, 0.0, 0.0, 0.0, 0.0, 0.0, 0.0, 0.0, 0.0, 0.0]
[0.0, 0.0, 0.0, 0.0, 0.0, 0.0, 0.0, 0.0, 0.0, 0.0, 0.0, 0.0, 0.0, 0.0, 0.0, 0.0, 0.0, 0.0, 0.0, 0.0]
[0.0, 0.0, 0.0, 0.0, 0.0, 0.0, 0.0, 0.0, 0.0, 0.0, 0.0, 0.0, 0.0, 0.0, 0.0, 0.0, 0.0, 0.0, 0.0, 0.0]
[0.0, 0.0, 0.0, 0.0, 0.0, 0.0, 0.0, 0.0, 0.0, 0.0, 0.0, 0.0, 0.0, 0.0, 0.0, 0.0, 0.0, 0.0, 0.0, 0.0]
[0.0, 0.0, 0.0, 0.0, 0.0, 0.0, 0.0, 0.0, 0.0, 0.0, 0.0, 0.0, 0.0, 0.0, 0.0, 0.0, 0.0, 0.0, 0.0, 0.0]
[0.0, 0.0, 0.0, 0.0, 0.0, 0.0, 0.0, 0.0, 0.0, 0.0, 0.0, 0.0, 0.0, 0.0, 0.0, 0.0, 0.0, 0.0, 0.0, 0.0]
[0.0, 0.0, 0.0, 0.0, 0.0, 0.0, 0.0, 0.0, 0.0, 0.0, 0.0, 0.0, 0.0, 0.0, 0.0, 0.0, 0.0, 0.0, 0.0, 0.0]
[0.0, 0.0, 0.0, 0.0, 0.0, 0.0, 0.0, 0.0, 0.0, 0.0, 0.0, 0.0, 0.0, 0.0, 0.0, 0.0, 0.0, 0.0, 0.0, 0.0]
[0.0, 0.0, 0.0, 0.0, 0.0, 0.0, 0.0, 0.0, 0.0, 0.0, 0.0, 0.0, 0.0, 0.0, 0.0, 0.0, 0.0, 0.0, 0.0, 0.0]
[0.0, 0.0, 0.0, 0.0, 0.0, 0.0, 0.0, 0.0, 0.0, 0.0, 0.0, 0.0, 0.0, 0.0, 0.0, 0.0, 0.0, 0.0, 0.0, 0.0]
[0.0, 0.0, 0.0, 0.0, 0.0, 0.0, 0.0, 0.0, 0.0, 0.0, 0.0, 0.0, 0.0, 0.0, 0.0, 0.0, 0.0, 0.0, 0.0, 0.0]
[0.0, 0.0, 0.0, 0.0, 0.0, 0.0, 0.0, 0.0, 0.0, 0.0, 0.0, 0.0, 0.0, 0.0, 0.0, 0.0, 0.0, 0.0, 0.0, 0.0]
[0.0, 0.0, 0.0, 0.0, 0.0, 0.0, 0.0, 0.0, 0.0, 0.0, 0.0, 0.0, 0.0, 0.0, 0.0, 0.0, 0.0, 0.0, 0.0, 0.0]
