Academic license - for non-commercial use only
Academic license - for non-commercial use only
Optimize a model with 1964 rows, 860 columns and 5100 nonzeros
Variable types: 840 continuous, 20 integer (20 binary)
Coefficient statistics:
  Matrix range     [1e+00, 1e+09]
  Objective range  [1e+00, 1e+00]
  Bounds range     [0e+00, 0e+00]
  RHS range        [2e-02, 2e+00]
Warning: Model contains large matrix coefficients
         Consider reformulating model or setting NumericFocus parameter
         to avoid numerical issues.
Found heuristic solution: objective -0.0000000
Presolve removed 1370 rows and 630 columns
Presolve time: 0.00s
Presolved: 594 rows, 230 columns, 1770 nonzeros
Variable types: 210 continuous, 20 integer (20 binary)

Root relaxation: objective 1.261784e+01, 35 iterations, 0.00 seconds

    Nodes    |    Current Node    |     Objective Bounds      |     Work
 Expl Unexpl |  Obj  Depth IntInf | Incumbent    BestBd   Gap | It/Node Time

*    0     0               0      12.6178440   12.61784  0.00%     -    0s

Explored 0 nodes (47 simplex iterations) in 0.02 seconds
Thread count was 24 (of 24 available processors)

Solution count 2: 12.6178 -0 

Optimal solution found (tolerance 1.00e-04)
Best objective 1.261784403592e+01, best bound 1.261784403592e+01, gap 0.0000%
num_cluster is 4
card is 5
visit_m is 2
limits_ is [1, 1]
dim is 2
sum dis 77.34696938751793

dis_mat matrix is :
 [Inf, 0.0899265283822904, 0.1374961206589626, 0.17907772732364557, 0.09343186690503054, 0.14639109174930126, 0.1296765406282861, 0.27643660630819156, 0.13596003646105545, 0.11312230112478915, 0.18905671020880074, 0.2441661874526083, 0.2929972573642034, 0.0656780668045235, 0.28136654786678134, 0.29659789715418755, 0.12963954510301284, 0.11676688347514048, 0.08092139323797576, 0.2676619510548516]
[0.0899265283822904, Inf, 0.05884420087017191, 0.14436420907784786, 0.07404050169777121, 0.07273609399232808, 0.14863253729783027, 0.21755227594604268, 0.2228066013711496, 0.12661932299111017, 0.13870086556523137, 0.15717176123975873, 0.2060936743115372, 0.033015871427454865, 0.21280232982368455, 0.20734498588545477, 0.1803683294427151, 0.14470161865754425, 0.16949293430194484, 0.2089284837031396]
[0.1374961206589626, 0.05884420087017191, Inf, 0.18708504266709722, 0.07286231797675206, 0.015505763142556457, 0.20621378688924186, 0.16033806607544612, 0.273434744936325, 0.18422928229378524, 0.08845528671401735, 0.10850483112411406, 0.15668171581256077, 0.07184363961510483, 0.15399203684636534, 0.17955263585550238, 0.19094938053644547, 0.20316093310799763, 0.21832470210832478, 0.23033744832835926]
[0.17907772732364557, 0.14436420907784786, 0.18708504266709722, Inf, 0.21687000802119932, 0.20247523566229103, 0.09291062544274861, 0.34161490379271825, 0.25532529950878535, 0.08709609599274361, 0.2754365577994511, 0.2335169887772008, 0.2730388927490741, 0.16824133007230355, 0.32584175667309606, 0.21905989138093232, 0.3051280287049638, 0.10642153261147552, 0.2228335230908717, 0.09918383509616115]
[0.09343186690503054, 0.07404050169777121, 0.07286231797675206, 0.21687000802119932, Inf, 0.07262410954085403, 0.20330967074210973, 0.18377055011178012, 0.22270780042198354, 0.18243505001622662, 0.09605291864037868, 0.17714019173071757, 0.22317751323250434, 0.05003425080013737, 0.19182627920742384, 0.25237036522774486, 0.11828883550549452, 0.19471283351483684, 0.1671582299561863, 0.2820209365685355]
[0.14639109174930126, 0.07273609399232808, 0.015505763142556457, 0.20247523566229103, 0.07262410954085403, Inf, 0.2208924002572337, 0.1453243081222997, 0.2822044090457536, 0.19888482464677876, 0.073272778236197, 0.10467735092898942, 0.15152850406517016, 0.0814262614794094, 0.14038868776331165, 0.18271855209612275, 0.1887814539628459, 0.21741540784302615, 0.22672718097324832, 0.24361039336743545]
[0.1296765406282861, 0.14863253729783027, 0.20621378688924186, 0.09291062544274861, 0.20330967074210973, 0.2208924002572337, Inf, 0.36610268484788394, 0.1664633506890675, 0.022017267264438083, 0.2861815840766121, 0.28585257721028223, 0.3316130242157181, 0.15505223975753657, 0.35939283049026094, 0.2962510105280306, 0.25784699887312224, 0.016501199441347297, 0.14356434047546904, 0.1912168090968339]
[0.27643660630819156, 0.21755227594604268, 0.16033806607544612, 0.34161490379271825, 0.18377055011178012, 0.1453243081222997, 0.36610268484788394, Inf, 0.40555254214874775, 0.34408615131271014, 0.087770045987759, 0.1378855747817601, 0.14427867796387306, 0.2185844244605096, 0.037482651740296004, 0.23138010469700138, 0.2565490033143472, 0.3620634787773587, 0.3503953392452387, 0.3608174219574764]
[0.13596003646105545, 0.2228066013711496, 0.273434744936325, 0.25532529950878535, 0.22270780042198354, 0.2822044090457536, 0.1664633506890675, 0.40555254214874775, Inf, 0.16822925198425132, 0.31791879065481016, 0.37934808295320427, 0.4282809690463542, 0.20159285912731106, 0.41435077673868753, 0.4235810620789192, 0.18823417427962255, 0.1507335294273577, 0.055762322300803045, 0.35443318189243156]
[0.11312230112478915, 0.12661932299111017, 0.18422928229378524, 0.08709609599274361, 0.18243505001622662, 0.19888482464677876, 0.022017267264438083, 0.34408615131271014, 0.16822925198425132, Inf, 0.2642937243205105, 0.2653291264778795, 0.31156992968703984, 0.13371747634343245, 0.3375163207268721, 0.2796352392658198, 0.2425002811383958, 0.023627381140206332, 0.13831670660694423, 0.18623243692127633]
[0.18905671020880074, 0.13870086556523137, 0.08845528671401735, 0.2754365577994511, 0.09605291864037868, 0.073272778236197, 0.2861815840766121, 0.087770045987759, 0.31791879065481016, 0.2642937243205105, Inf, 0.13055223730403012, 0.16391422890690707, 0.13383624716023326, 0.10022770338915385, 0.22569588494523873, 0.1793886404903796, 0.2804587797845641, 0.26266991482955, 0.31433034674376187]
[0.2441661874526083, 0.15717176123975873, 0.10850483112411406, 0.2335169887772008, 0.17714019173071757, 0.10467735092898942, 0.28585257721028223, 0.1378855747817601, 0.37934808295320427, 0.2653291264778795, 0.13055223730403012, Inf, 0.048951144028044666, 0.17883796621955797, 0.10782738668210762, 0.09748186337624568, 0.2908629141978838, 0.28762814601840336, 0.32501719668676976, 0.2299828564449356]
[0.2929972573642034, 0.2060936743115372, 0.15668171581256077, 0.2730388927490741, 0.22317751323250434, 0.15152850406517016, 0.3316130242157181, 0.14427867796387306, 0.4282809690463542, 0.31156992968703984, 0.16391422890690707, 0.048951144028044666, Inf, 0.227560279881656, 0.10788381416506106, 0.09382340169186885, 0.3339178271329184, 0.33424427141687635, 0.37387910841994854, 0.25507905780739754]
[0.0656780668045235, 0.033015871427454865, 0.07184363961510483, 0.16824133007230355, 0.05003425080013737, 0.0814262614794094, 0.15505223975753657, 0.2185844244605096, 0.20159285912731106, 0.13371747634343245, 0.13383624716023326, 0.17883796621955797, 0.227560279881656, Inf, 0.21948796283943386, 0.23732366113152187, 0.14772170234688128, 0.14772208576322593, 0.14657017888539306, 0.23966756749865356]
[0.28136654786678134, 0.21280232982368455, 0.15399203684636534, 0.32584175667309606, 0.19182627920742384, 0.14038868776331165, 0.35939283049026094, 0.037482651740296004, 0.41435077673868753, 0.3375163207268721, 0.10022770338915385, 0.10782738668210762, 0.10788381416506106, 0.21948796283943386, Inf, 0.19738537609804352, 0.27800568091002387, 0.357012729571171, 0.3586628863173702, 0.3360139398920634]
[0.29659789715418755, 0.20734498588545477, 0.17955263585550238, 0.21905989138093232, 0.25237036522774486, 0.18271855209612275, 0.2962510105280306, 0.23138010469700138, 0.4235810620789192, 0.2796352392658198, 0.22569588494523873, 0.09748186337624568, 0.09382340169186885, 0.23732366113152187, 0.19738537609804352, Inf, 0.370488523692008, 0.30326239585641657, 0.37354059791993227, 0.17465722252754476]
[0.12963954510301284, 0.1803683294427151, 0.19094938053644547, 0.3051280287049638, 0.11828883550549452, 0.1887814539628459, 0.25784699887312224, 0.2565490033143472, 0.18823417427962255, 0.2425002811383958, 0.1793886404903796, 0.2908629141978838, 0.3339178271329184, 0.14772170234688128, 0.27800568091002387, 0.370488523692008, Inf, 0.24371036438914462, 0.14713432349443162, 0.3858766842698737]
[0.11676688347514048, 0.14470161865754425, 0.20316093310799763, 0.10642153261147552, 0.19471283351483684, 0.21741540784302615, 0.016501199441347297, 0.3620634787773587, 0.1507335294273577, 0.023627381140206332, 0.2804587797845641, 0.28762814601840336, 0.33424427141687635, 0.14772208576322593, 0.357012729571171, 0.30326239585641657, 0.24371036438914462, Inf, 0.12707715138717404, 0.2053685953007687]
[0.08092139323797576, 0.16949293430194484, 0.21832470210832478, 0.2228335230908717, 0.1671582299561863, 0.22672718097324832, 0.14356434047546904, 0.3503953392452387, 0.055762322300803045, 0.13831670660694423, 0.26266991482955, 0.32501719668676976, 0.37387910841994854, 0.14657017888539306, 0.3586628863173702, 0.37354059791993227, 0.14713432349443162, 0.12707715138717404, Inf, 0.32010286520150083]
[0.2676619510548516, 0.2089284837031396, 0.23033744832835926, 0.09918383509616115, 0.2820209365685355, 0.24361039336743545, 0.1912168090968339, 0.3608174219574764, 0.35443318189243156, 0.18623243692127633, 0.31433034674376187, 0.2299828564449356, 0.25507905780739754, 0.23966756749865356, 0.3360139398920634, 0.17465722252754476, 0.3858766842698737, 0.2053685953007687, 0.32010286520150083, Inf]
data points matrix is :
 [0.40175189450450693, 0.4950789132086962]
[0.4884743868926126, 0.5188694537844343]
[0.5391086233736329, 0.48888922576606764]
[0.46740472807156747, 0.6616878501479186]
[0.48077490998951267, 0.4452303748448095]
[0.5468192164997545, 0.4754365143562266]
[0.3827687811728777, 0.623358477432925]
[0.6496452572093562, 0.3727429902993882]
[0.2661254070476213, 0.5045966553043179]
[0.39869883333377887, 0.6081600072485721]
[0.5681519978820525, 0.40533792329373813]
[0.6454265521606204, 0.5105640128634663]
[0.6943733728754299, 0.5099134411405417]
[0.46740967204895084, 0.4934465201482575]
[0.6683796169845356, 0.4052079397880052]
[0.6782736085652336, 0.6023451905245597]
[0.3931923368816465, 0.36572225266190783]
[0.3750790351560822, 0.6087585668441475]
[0.32084001603729995, 0.4938380238167535]
[0.5483238524691985, 0.7190422610602731]




 AdNNnew 
obj val AdNNnew 12.617844035921738
x vector is :
 [0.9999999989660106, 1.0, 9.972453188957365e-10, 9.957036670929478e-10, 1.0410405726127157e-9, 1.0, 0.9999999974659288, 9.922672823454977e-10, 1.0272322112868698e-9, 1.014571718467077e-9, 1.0, 0.9999999974321223, 1.0226463351491875e-9, 1.0000159423834239e-9, 1.045215357357316e-9, 1.0, 0.9999999973589341, 1.009055650649502e-9, 1.028530098958171e-9, 1.1034801559040298e-9]y vector is :
 [0.052391291285263986, 0.03299992304401523, 0.9972453238957364, 0.9957036720929476, 1.0410405776127156, 0.018260438249574566, 0.007445545816860744, 0.9922672873454976, 1.0272322162868697, 1.0145717234670768, 0.05501233998662248, 0.02630480592408868, 1.0226463401491874, 1.0000159473834238, 1.045215362357316, 0.07117706052003481, 0.07724825999280449, 1.009055655649502, 1.028530103958171, 1.1034801609040297]z matrix is :
 [0.0, 3.0339895040754072e-9, 1.000000002036744, 1.0000000020382858, 1.000000001992949, 3.0339895040754072e-9, 6.068060720565427e-9, 1.0000000020417221, 1.0000000020067572, 1.0000000020194177, 3.0339895040754072e-9, 6.101867233709868e-9, 1.000000002011343, 1.0000000020339737, 1.000000001988774, 3.0339895040754072e-9, 6.175055577983812e-9, 1.0000000020249338, 1.0000000020054594, 1.0000000019305093]
[3.0339895040754072e-9, 0.0, 0.9999999990027546, 0.9999999990042963, 0.9999999989589594, 0.0, 3.0340712164900197e-9, 0.9999999990077326, 0.9999999989727677, 0.9999999989854282, 0.0, 3.0678777296344606e-9, 0.9999999989773536, 0.9999999989999842, 0.9999999989547845, 0.0, 3.141066073908405e-9, 0.9999999989909443, 0.9999999989714699, 0.9999999988965198]
[1.000000002036744, 0.9999999990027546, 0.0, 1.9999999980070509, 1.999999997961714, 0.9999999990027547, 1.0000000020368258, 1.9999999980104872, 1.9999999979755223, 1.9999999979881828, 0.9999999990027547, 1.0000000020706323, 1.9999999979801082, 1.9999999980027388, 1.9999999979575391, 0.9999999990027547, 1.0000000021438207, 1.9999999979936989, 1.9999999979742245, 1.9999999978992744]
[1.0000000020382858, 0.9999999990042963, 1.9999999980070509, 0.0, 1.9999999979632557, 0.9999999990042964, 1.0000000020383675, 1.9999999980120289, 1.999999997977064, 1.9999999979897245, 0.9999999990042964, 1.000000002072174, 1.9999999979816498, 1.9999999980042804, 1.9999999979590808, 0.9999999990042964, 1.0000000021453623, 1.9999999979952405, 1.999999997975766, 1.999999997900816]
[1.000000001992949, 0.9999999989589594, 1.999999997961714, 1.9999999979632557, 0.0, 0.9999999989589594, 1.0000000019930306, 1.999999997966692, 1.9999999979317271, 1.9999999979443877, 0.9999999989589594, 1.0000000020268371, 1.999999997936313, 1.9999999979589436, 1.999999997913744, 0.9999999989589594, 1.0000000021000255, 1.9999999979499037, 1.9999999979304293, 1.9999999978554792]
[3.0339895040754072e-9, 0.0, 0.9999999990027547, 0.9999999990042964, 0.9999999989589594, 0.0, 3.0340712164900197e-9, 0.9999999990077326, 0.9999999989727677, 0.9999999989854282, 0.0, 3.0678777296344606e-9, 0.9999999989773536, 0.9999999989999842, 0.9999999989547845, 0.0, 3.141066073908405e-9, 0.9999999989909443, 0.9999999989714699, 0.9999999988965198]
[6.068060720565427e-9, 3.0340712164900197e-9, 1.0000000020368258, 1.0000000020383675, 1.0000000019930306, 3.0340712164900197e-9, 0.0, 1.0000000020418038, 1.000000002006839, 1.0000000020194995, 3.0340712164900197e-9, 6.10194894612448e-9, 1.0000000020114248, 1.0000000020340554, 1.0000000019888557, 3.0340712164900197e-9, 6.175137290398425e-9, 1.0000000020250155, 1.000000002005541, 1.000000001930591]
[1.0000000020417221, 0.9999999990077326, 1.9999999980104872, 1.9999999980120289, 1.999999997966692, 0.9999999990077326, 1.0000000020418038, 0.0, 1.9999999979805003, 1.9999999979931609, 0.9999999990077327, 1.0000000020756104, 1.9999999979850862, 1.9999999980077168, 1.9999999979625172, 0.9999999990077327, 1.0000000021487987, 1.999999997998677, 1.9999999979792025, 1.9999999979042524]
[1.0000000020067572, 0.9999999989727677, 1.9999999979755223, 1.999999997977064, 1.9999999979317271, 0.9999999989727677, 1.000000002006839, 1.9999999979805003, 0.0, 1.999999997958196, 0.9999999989727678, 1.0000000020406454, 1.9999999979501213, 1.9999999979727519, 1.9999999979275522, 0.9999999989727678, 1.0000000021138338, 1.999999997963712, 1.9999999979442376, 1.9999999978692875]
[1.0000000020194177, 0.9999999989854282, 1.9999999979881828, 1.9999999979897245, 1.9999999979443877, 0.9999999989854282, 1.0000000020194995, 1.9999999979931609, 1.999999997958196, 0.0, 0.9999999989854282, 1.000000002053306, 1.9999999979627818, 1.9999999979854124, 1.9999999979402128, 0.9999999989854282, 1.0000000021264943, 1.9999999979763725, 1.999999997956898, 1.999999997881948]
[3.0339895040754072e-9, 0.0, 0.9999999990027547, 0.9999999990042964, 0.9999999989589594, 0.0, 3.0340712164900197e-9, 0.9999999990077327, 0.9999999989727678, 0.9999999989854282, 0.0, 3.0678777296344606e-9, 0.9999999989773536, 0.9999999989999842, 0.9999999989547845, 0.0, 3.141066073908405e-9, 0.9999999989909443, 0.9999999989714699, 0.9999999988965198]
[6.101867233709868e-9, 3.0678777296344606e-9, 1.0000000020706323, 1.000000002072174, 1.0000000020268371, 3.0678777296344606e-9, 6.10194894612448e-9, 1.0000000020756104, 1.0000000020406454, 1.000000002053306, 3.0678777296344606e-9, 0.0, 1.0000000020452313, 1.0000000020678619, 1.0000000020226623, 3.0678777296344606e-9, 6.208943803542866e-9, 1.000000002058822, 1.0000000020393476, 1.0000000019643975]
[1.000000002011343, 0.9999999989773536, 1.9999999979801082, 1.9999999979816498, 1.999999997936313, 0.9999999989773536, 1.0000000020114248, 1.9999999979850862, 1.9999999979501213, 1.9999999979627818, 0.9999999989773536, 1.0000000020452313, 0.0, 1.9999999979773377, 1.9999999979321381, 0.9999999989773537, 1.0000000021184197, 1.9999999979682979, 1.9999999979488234, 1.9999999978738734]
[1.0000000020339737, 0.9999999989999842, 1.9999999980027388, 1.9999999980042804, 1.9999999979589436, 0.9999999989999842, 1.0000000020340554, 1.9999999980077168, 1.9999999979727519, 1.9999999979854124, 0.9999999989999842, 1.0000000020678619, 1.9999999979773377, 0.0, 1.9999999979547687, 0.999999998999984, 1.0000000021410502, 1.9999999979909284, 1.999999997971454, 1.999999997896504]
[1.000000001988774, 0.9999999989547845, 1.9999999979575391, 1.9999999979590808, 1.999999997913744, 0.9999999989547845, 1.0000000019888557, 1.9999999979625172, 1.9999999979275522, 1.9999999979402128, 0.9999999989547845, 1.0000000020226623, 1.9999999979321381, 1.9999999979547687, 0.0, 0.9999999989547846, 1.0000000020958506, 1.9999999979457288, 1.9999999979262544, 1.9999999978513043]
[3.0339895040754072e-9, 0.0, 0.9999999990027547, 0.9999999990042964, 0.9999999989589594, 0.0, 3.0340712164900197e-9, 0.9999999990077327, 0.9999999989727678, 0.9999999989854282, 0.0, 3.0678777296344606e-9, 0.9999999989773537, 0.999999998999984, 0.9999999989547846, 0.0, 3.141066073908405e-9, 0.9999999989909443, 0.9999999989714699, 0.9999999988965198]
[6.175055577983812e-9, 3.141066073908405e-9, 1.0000000021438207, 1.0000000021453623, 1.0000000021000255, 3.141066073908405e-9, 6.175137290398425e-9, 1.0000000021487987, 1.0000000021138338, 1.0000000021264943, 3.141066073908405e-9, 6.208943803542866e-9, 1.0000000021184197, 1.0000000021410502, 1.0000000020958506, 3.141066073908405e-9, 0.0, 1.0000000021320101, 1.000000002112536, 1.0000000020375857]
[1.0000000020249338, 0.9999999989909443, 1.9999999979936989, 1.9999999979952405, 1.9999999979499037, 0.9999999989909443, 1.0000000020250155, 1.999999997998677, 1.999999997963712, 1.9999999979763725, 0.9999999989909443, 1.000000002058822, 1.9999999979682979, 1.9999999979909284, 1.9999999979457288, 0.9999999989909443, 1.0000000021320101, 0.0, 1.9999999979624141, 1.999999997887464]
[1.0000000020054594, 0.9999999989714699, 1.9999999979742245, 1.999999997975766, 1.9999999979304293, 0.9999999989714699, 1.000000002005541, 1.9999999979792025, 1.9999999979442376, 1.999999997956898, 0.9999999989714699, 1.0000000020393476, 1.9999999979488234, 1.999999997971454, 1.9999999979262544, 0.9999999989714699, 1.000000002112536, 1.9999999979624141, 0.0, 1.9999999978679897]
[1.0000000019305093, 0.9999999988965198, 1.9999999978992744, 1.999999997900816, 1.9999999978554792, 0.9999999988965198, 1.000000001930591, 1.9999999979042524, 1.9999999978692875, 1.999999997881948, 0.9999999988965198, 1.0000000019643975, 1.9999999978738734, 1.999999997896504, 1.9999999978513043, 0.9999999988965198, 1.0000000020375857, 1.999999997887464, 1.9999999978679897, 0.0]
w vector is :
 [0.052391291285263986, 0.03299992304401523, 0.9972453238957364, 0.9957036720929476, 1.0410405776127156, 0.018260438249574566, 0.007445545816860744, 0.9922672873454976, 1.0272322162868697, 1.0145717234670768, 0.05501233998662248, 0.02630480592408868, 1.0226463401491874, 1.0000159473834238, 1.045215362357316, 0.07117706052003481, 0.07724825999280449, 1.009055655649502, 1.028530103958171, 1.1034801609040297]p matrix is :
 [0.0, 0.0, 0.0, 0.0, 0.0, 0.0, 0.0, 0.0, 0.0, 0.0, 0.0, 0.0, 0.0, 0.0, 0.0, 0.0, 0.0, 0.0, 0.0, 0.0]
[0.0, 0.0, 0.0, 0.0, 0.0, 0.0, 0.0, 0.0, 0.0, 0.0, 0.0, 0.0, 0.0, 0.0, 0.0, 0.0, 0.0, 0.0, 0.0, 0.0]
[0.0, 0.0, 0.0, 0.0, 0.0, 0.0, 0.0, 0.0, 0.0, 0.0, 0.0, 0.0, 0.0, 0.0, 0.0, 0.0, 0.0, 0.0, 0.0, 0.0]
[0.0, 0.0, 0.0, 0.0, 0.0, 0.0, 0.0, 0.0, 0.0, 0.0, 0.0, 0.0, 0.0, 0.0, 0.0, 0.0, 0.0, 0.0, 0.0, 0.0]
[0.0, 0.0, 0.0, 0.0, 0.0, 0.0, 0.0, 0.0, 0.0, 0.0, 0.0, 0.0, 0.0, 0.0, 0.0, 0.0, 0.0, 0.0, 0.0, 0.0]
[0.0, 0.0, 0.0, 0.0, 0.0, 0.0, 0.0, 0.0, 0.0, 0.0, 0.0, 0.0, 0.0, 0.0, 0.0, 0.0, 0.0, 0.0, 0.0, 0.0]
[0.0, 0.0, 0.0, 0.0, 0.0, 0.0, 0.0, 0.0, 0.0, 0.0, 0.0, 0.0, 0.0, 0.0, 0.0, 0.0, 0.0, 0.0, 0.0, 0.0]
[0.0, 0.0, 0.0, 0.0, 0.0, 0.0, 0.0, 0.0, 0.0, 0.0, 0.0, 0.0, 0.0, 0.0, 0.0, 0.0, 0.0, 0.0, 0.0, 0.0]
[0.0, 0.0, 0.0, 0.0, 0.0, 0.0, 0.0, 0.0, 0.0, 0.0, 0.0, 0.0, 0.0, 0.0, 0.0, 0.0, 0.0, 0.0, 0.0, 0.0]
[0.0, 0.0, 0.0, 0.0, 0.0, 0.0, 0.0, 0.0, 0.0, 0.0, 0.0, 0.0, 0.0, 0.0, 0.0, 0.0, 0.0, 0.0, 0.0, 0.0]
[0.0, 0.0, 0.0, 0.0, 0.0, 0.0, 0.0, 0.0, 0.0, 0.0, 0.0, 0.0, 0.0, 0.0, 0.0, 0.0, 0.0, 0.0, 0.0, 0.0]
[0.0, 0.0, 0.0, 0.0, 0.0, 0.0, 0.0, 0.0, 0.0, 0.0, 0.0, 0.0, 0.0, 0.0, 0.0, 0.0, 0.0, 0.0, 0.0, 0.0]
[0.0, 0.0, 0.0, 0.0, 0.0, 0.0, 0.0, 0.0, 0.0, 0.0, 0.0, 0.0, 0.0, 0.0, 0.0, 0.0, 0.0, 0.0, 0.0, 0.0]
[0.0, 0.0, 0.0, 0.0, 0.0, 0.0, 0.0, 0.0, 0.0, 0.0, 0.0, 0.0, 0.0, 0.0, 0.0, 0.0, 0.0, 0.0, 0.0, 0.0]
[0.0, 0.0, 0.0, 0.0, 0.0, 0.0, 0.0, 0.0, 0.0, 0.0, 0.0, 0.0, 0.0, 0.0, 0.0, 0.0, 0.0, 0.0, 0.0, 0.0]
[0.0, 0.0, 0.0, 0.0, 0.0, 0.0, 0.0, 0.0, 0.0, 0.0, 0.0, 0.0, 0.0, 0.0, 0.0, 0.0, 0.0, 0.0, 0.0, 0.0]
[0.0, 0.0, 0.0, 0.0, 0.0, 0.0, 0.0, 0.0, 0.0, 0.0, 0.0, 0.0, 0.0, 0.0, 0.0, 0.0, 0.0, 0.0, 0.0, 0.0]
[0.0, 0.0, 0.0, 0.0, 0.0, 0.0, 0.0, 0.0, 0.0, 0.0, 0.0, 0.0, 0.0, 0.0, 0.0, 0.0, 0.0, 0.0, 0.0, 0.0]
[0.0, 0.0, 0.0, 0.0, 0.0, 0.0, 0.0, 0.0, 0.0, 0.0, 0.0, 0.0, 0.0, 0.0, 0.0, 0.0, 0.0, 0.0, 0.0, 0.0]
[0.0, 0.0, 0.0, 0.0, 0.0, 0.0, 0.0, 0.0, 0.0, 0.0, 0.0, 0.0, 0.0, 0.0, 0.0, 0.0, 0.0, 0.0, 0.0, 0.0]
