Academic license - for non-commercial use only
Academic license - for non-commercial use only
Optimize a model with 1964 rows, 860 columns and 5100 nonzeros
Variable types: 840 continuous, 20 integer (20 binary)
Coefficient statistics:
  Matrix range     [1e+00, 1e+09]
  Objective range  [1e+00, 1e+00]
  Bounds range     [0e+00, 0e+00]
  RHS range        [1e-02, 2e+00]
Warning: Model contains large matrix coefficients
         Consider reformulating model or setting NumericFocus parameter
         to avoid numerical issues.
Found heuristic solution: objective -0.0000000
Presolve removed 1370 rows and 630 columns
Presolve time: 0.00s
Presolved: 594 rows, 230 columns, 1770 nonzeros
Variable types: 210 continuous, 20 integer (20 binary)

Root relaxation: objective 1.255647e+01, 35 iterations, 0.00 seconds

    Nodes    |    Current Node    |     Objective Bounds      |     Work
 Expl Unexpl |  Obj  Depth IntInf | Incumbent    BestBd   Gap | It/Node Time

*    0     0               0      12.5564663   12.55647  0.00%     -    0s

Explored 0 nodes (47 simplex iterations) in 0.02 seconds
Thread count was 24 (of 24 available processors)

Solution count 2: 12.5565 -0 

Optimal solution found (tolerance 1.00e-04)
Best objective 1.255646631350e+01, best bound 1.255646631350e+01, gap 0.0000%
num_cluster is 4
card is 5
visit_m is 2
limits_ is [1, 1]
dim is 2
sum dis 63.341457209774745

dis_mat matrix is :
 [Inf, 0.21349265061187112, 0.3700921037064625, 0.07644519872550819, 0.09820487858025298, 0.16122038369829225, 0.17354154756069382, 0.18702922519282753, 0.1806629787078112, 0.20272925180577261, 0.3559163608521433, 0.28332158025457904, 0.2390605661774429, 0.1580720065343295, 0.06543038731059789, 0.21205349727974257, 0.20356960933017573, 0.03022555827845116, 0.24551957465050733, 0.1076449768119559]
[0.21349265061187112, Inf, 0.1566019553783466, 0.17455347364536977, 0.18055883106388163, 0.06445238496641711, 0.19437875431811114, 0.2647113822519895, 0.05608202301078218, 0.20602479567172843, 0.22291921222834182, 0.07880614296789457, 0.18800452079363508, 0.08405304343264046, 0.20988548018895675, 0.08653115264558651, 0.09384646621464394, 0.21126919059262994, 0.033127064010713574, 0.1327927694810519]
[0.3700921037064625, 0.1566019553783466, Inf, 0.32611569891510395, 0.3274211378042464, 0.21451469895270872, 0.3178293188945774, 0.39158236762163534, 0.1989089292454633, 0.31778085129973166, 0.22514743904522994, 0.09970482889313136, 0.2772908355943921, 0.22748828209956734, 0.3619825124241957, 0.19431013667674965, 0.2064461131438036, 0.3670566479435442, 0.12515843020476528, 0.2826616991414953]
[0.07644519872550819, 0.17455347364536977, 0.32611569891510395, Inf, 0.024388948017900175, 0.1118833074194859, 0.09882500552674288, 0.1291438492931542, 0.161544529164376, 0.127855794510269, 0.28227393337881573, 0.2520582470488716, 0.16264759457298794, 0.09977262701955483, 0.03587804721707637, 0.14772052913914435, 0.13745802108005364, 0.09918019200570956, 0.20762196421366752, 0.04366816905403216]
[0.09820487858025298, 0.18055883106388163, 0.3274211378042464, 0.024388948017900175, Inf, 0.11625545774962583, 0.07545773829795067, 0.10658069898793739, 0.17471075899851857, 0.10463118029428782, 0.26665416159562694, 0.2591628178755622, 0.14274380306281875, 0.10007012498876, 0.04358639592909993, 0.14155263802912424, 0.13033757189797718, 0.12265070762527715, 0.2131376384179494, 0.048373999188073245]
[0.16122038369829225, 0.06445238496641711, 0.21451469895270872, 0.1118833074194859, 0.11625545774962583, Inf, 0.13545941809903544, 0.2028023757385158, 0.07627959838193842, 0.15171711295959436, 0.21978858667089843, 0.14324115669817478, 0.14697339579720609, 0.022887493641242172, 0.1476656059433205, 0.06346790335916759, 0.06164122615078745, 0.16577528179720102, 0.09688219748184328, 0.06901284787451974]
[0.17354154756069382, 0.19437875431811114, 0.3178293188945774, 0.09882500552674288, 0.07545773829795067, 0.13545941809903544, Inf, 0.07378047375457403, 0.2095767227986461, 0.029188059502469024, 0.20751989287716033, 0.2704512559403556, 0.07544425333247841, 0.11277984690601021, 0.11356180733177039, 0.12394571135804537, 0.1119964160446099, 0.19793244184652464, 0.22256074127240438, 0.09427041285164564]
[0.18702922519282753, 0.2647113822519895, 0.39158236762163534, 0.1291438492931542, 0.10658069898793739, 0.2028023757385158, 0.07378047375457403, Inf, 0.27274260592984784, 0.0798131465571737, 0.2636717432503599, 0.3421238108451568, 0.1333794164275717, 0.18110256994545038, 0.12190233672034566, 0.19769853903360254, 0.1857119615254097, 0.21626655096147793, 0.29423473307707976, 0.14716292596904088]
[0.1806629787078112, 0.05608202301078218, 0.1989089292454633, 0.161544529164376, 0.17471075899851857, 0.07627959838193842, 0.2095767227986461, 0.27274260592984784, Inf, 0.2275763044194624, 0.27543612565364156, 0.10437630788966333, 0.2218478417271404, 0.09889778148456117, 0.19353224363814076, 0.12735241372064282, 0.13056694858371093, 0.1718639094077175, 0.07673774948577167, 0.12740622715522726]
[0.20272925180577261, 0.20602479567172843, 0.31778085129973166, 0.127855794510269, 0.10463118029428782, 0.15171711295959436, 0.029188059502469024, 0.0798131465571737, 0.2275763044194624, Inf, 0.18698243035473255, 0.27918453232411106, 0.05447941012535982, 0.12885848079776438, 0.142323248926528, 0.1278251287619716, 0.11676924046214156, 0.22701517432203772, 0.23175443117752803, 0.11985800966201329]
[0.3559163608521433, 0.22291921222834182, 0.22514743904522994, 0.28227393337881573, 0.26665416159562694, 0.21978858667089843, 0.20751989287716033, 0.2636717432503599, 0.27543612565364156, 0.18698243035473255, Inf, 0.2524934765922922, 0.13286491791142382, 0.20914445217198746, 0.3101807507456172, 0.1563280534608807, 0.15993923171420166, 0.3710532502689585, 0.22343789683497736, 0.24899993617224417]
[0.28332158025457904, 0.07880614296789457, 0.09970482889313136, 0.2520582470488716, 0.2591628178755622, 0.14324115669817478, 0.2704512559403556, 0.3421238108451568, 0.10437630788966333, 0.27918453232411106, 0.2524934765922922, Inf, 0.2530916260277837, 0.1625186546520399, 0.2868808711144841, 0.1526911617531333, 0.16283842381670346, 0.2761083075427601, 0.047913387321383186, 0.211146884254989]
[0.2390605661774429, 0.18800452079363508, 0.2772908355943921, 0.16264759457298794, 0.14274380306281875, 0.14697339579720609, 0.07544425333247841, 0.1333794164275717, 0.2218478417271404, 0.05447941012535982, 0.13286491791142382, 0.2530916260277837, Inf, 0.12633145216461406, 0.18480372582486085, 0.10198038227169925, 0.09423301689182419, 0.25967714482701487, 0.2079690051102556, 0.1406910937262168]
[0.1580720065343295, 0.08405304343264046, 0.22748828209956734, 0.09977262701955483, 0.10007012498876, 0.022887493641242172, 0.11277984690601021, 0.18110256994545038, 0.09889778148456117, 0.12885848079776438, 0.20914445217198746, 0.1625186546520399, 0.12633145216461406, Inf, 0.13551850055263043, 0.0552290879052159, 0.04929026514036508, 0.16676461792776, 0.11516100262180166, 0.05614998037251764]
[0.06543038731059789, 0.20988548018895675, 0.3619825124241957, 0.03587804721707637, 0.04358639592909993, 0.1476656059433205, 0.11356180733177039, 0.12190233672034566, 0.19353224363814076, 0.142323248926528, 0.3101807507456172, 0.2868808711144841, 0.18480372582486085, 0.13551850055263043, Inf, 0.1820685064337948, 0.1713765734188888, 0.09436599831834523, 0.2429976278129487, 0.07950351021854549]
[0.21205349727974257, 0.08653115264558651, 0.19431013667674965, 0.14772052913914435, 0.14155263802912424, 0.06346790335916759, 0.12394571135804537, 0.19769853903360254, 0.12735241372064282, 0.1278251287619716, 0.1563280534608807, 0.1526911617531333, 0.10198038227169925, 0.0552290879052159, 0.1820685064337948, Inf, 0.012167210211706901, 0.221895984134634, 0.10642637742854467, 0.10612338653461582]
[0.20356960933017573, 0.09384646621464394, 0.2064461131438036, 0.13745802108005364, 0.13033757189797718, 0.06164122615078745, 0.1119964160446099, 0.1857119615254097, 0.13056694858371093, 0.11676924046214156, 0.15993923171420166, 0.16283842381670346, 0.09423301689182419, 0.04929026514036508, 0.1713765734188888, 0.012167210211706901, Inf, 0.2146461846900772, 0.11596921004123126, 0.0967242106473687]
[0.03022555827845116, 0.21126919059262994, 0.3670566479435442, 0.09918019200570956, 0.12265070762527715, 0.16577528179720102, 0.19793244184652464, 0.21626655096147793, 0.1718639094077175, 0.22701517432203772, 0.3710532502689585, 0.2761083075427601, 0.25967714482701487, 0.16676461792776, 0.09436599831834523, 0.221895984134634, 0.2146461846900772, Inf, 0.24189897898016455, 0.12239358479335904]
[0.24551957465050733, 0.033127064010713574, 0.12515843020476528, 0.20762196421366752, 0.2131376384179494, 0.09688219748184328, 0.22256074127240438, 0.29423473307707976, 0.07673774948577167, 0.23175443117752803, 0.22343789683497736, 0.047913387321383186, 0.2079690051102556, 0.11516100262180166, 0.2429976278129487, 0.10642637742854467, 0.11596921004123126, 0.24189897898016455, Inf, 0.16562682836507286]
[0.1076449768119559, 0.1327927694810519, 0.2826616991414953, 0.04366816905403216, 0.048373999188073245, 0.06901284787451974, 0.09427041285164564, 0.14716292596904088, 0.12740622715522726, 0.11985800966201329, 0.24899993617224417, 0.211146884254989, 0.1406910937262168, 0.05614998037251764, 0.07950351021854549, 0.10612338653461582, 0.0967242106473687, 0.12239358479335904, 0.16562682836507286, Inf]
data points matrix is :
 [0.41261581014116266, 0.39669128924347025]
[0.46106414121098366, 0.6046140419229966]
[0.4977363373440582, 0.756861611555812]
[0.4808368929776099, 0.4311840749356268]
[0.5051693358374542, 0.42952485527197437]
[0.48019239573468864, 0.5430655260453933]
[0.5779818033698572, 0.4493292699536753]
[0.5987617194137993, 0.37853553155361547]
[0.4120534249861062, 0.577353392625769]
[0.6058416265667761, 0.45803404272245507]
[0.682701095033049, 0.6284894661282371]
[0.43533202693535333, 0.6791007284138195]
[0.6233134384030706, 0.5096358054710693]
[0.4985335890543271, 0.5293747264781821]
[0.47803376220850047, 0.39541569881925787]
[0.5389826257328697, 0.5669796142272497]
[0.5406807398550626, 0.5549314852121755]
[0.38447297543737835, 0.4077169514947602]
[0.45945319568950027, 0.6377019131826701]
[0.4871061970350288, 0.47439986852046295]




 AdNNnew 
obj val AdNNnew 12.556466313501845
x vector is :
 [0.9999999989890155, 1.0062356627616264e-9, 1.0, 9.985200877387702e-10, 1.0062284364430856e-9, 1.0, 0.9999999973703411, 1.0622027743424365e-9, 1.049846348193074e-9, 1.017610360134924e-9, 0.9999999974426536, 1.0, 1.0059845078221229e-9, 1.0140044176197543e-9, 1.0373579474424283e-9, 1.0, 0.999999997400738, 1.0302255552592097e-9, 1.0268913892159601e-9, 1.0421455506966139e-9]y vector is :
 [0.0, 1.0062356677616262, 0.09826703496191398, 0.9985200927387702, 1.0062284414430855, 0.00888307000748334, 0.011577696479594168, 1.0622027793424365, 1.0498463531930737, 1.017610365134924, 0.12688040714066318, 0.0014377939312174987, 1.0059845128221228, 1.0140044226197542, 1.0373579524424281, 0.0, 0.012167213310969482, 1.0302255602592096, 1.02689139421596, 1.0421455556966137]z matrix is :
 [0.0, 1.0000000020047484, 3.0109841286929395e-9, 1.000000002012464, 1.0000000020047557, 3.0109841286929395e-9, 6.140643549201741e-9, 1.0000000019487814, 1.0000000019611377, 1.0000000019933737, 6.068330948849621e-9, 3.0109841286929395e-9, 1.0000000020049997, 1.0000000019969797, 1.0000000019736262, 3.0109841286929395e-9, 6.110246753010529e-9, 1.0000000019807587, 1.0000000019840927, 1.0000000019688386]
[1.0000000020047484, 0.0, 0.9999999989937643, 1.999999997995244, 1.9999999979875358, 0.9999999989937643, 1.0000000021234237, 1.9999999979315615, 1.9999999979439178, 1.9999999979761538, 1.000000002051111, 0.9999999989937643, 1.9999999979877798, 1.9999999979797598, 1.9999999979564063, 0.9999999989937643, 1.0000000020930269, 1.9999999979635388, 1.9999999979668728, 1.9999999979516188]
[3.0109841286929395e-9, 0.9999999989937643, 0.0, 0.9999999990014798, 0.9999999989937716, 0.0, 3.1296594205088013e-9, 0.9999999989377972, 0.9999999989501536, 0.9999999989823896, 3.057346820156681e-9, 0.0, 0.9999999989940156, 0.9999999989859956, 0.999999998962642, 0.0, 3.099262624317589e-9, 0.9999999989697745, 0.9999999989731085, 0.9999999989578545]
[1.000000002012464, 1.999999997995244, 0.9999999990014798, 0.0, 1.9999999979952514, 0.99999999900148, 1.0000000021311393, 1.999999997939277, 1.9999999979516334, 1.9999999979838694, 1.0000000020588267, 0.99999999900148, 1.9999999979954954, 1.9999999979874754, 1.9999999979641219, 0.99999999900148, 1.0000000021007425, 1.9999999979712544, 1.9999999979745884, 1.9999999979593344]
[1.0000000020047557, 1.9999999979875358, 0.9999999989937716, 1.9999999979952514, 0.0, 0.9999999989937716, 1.000000002123431, 1.9999999979315688, 1.9999999979439251, 1.9999999979761611, 1.0000000020511184, 0.9999999989937716, 1.9999999979877872, 1.9999999979797671, 1.9999999979564136, 0.9999999989937716, 1.0000000020930342, 1.999999997963546, 1.99999999796688, 1.999999997951626]
[3.0109841286929395e-9, 0.9999999989937643, 0.0, 0.99999999900148, 0.9999999989937716, 0.0, 3.1296594205088013e-9, 0.9999999989377972, 0.9999999989501536, 0.9999999989823896, 3.057346820156681e-9, 0.0, 0.9999999989940156, 0.9999999989859956, 0.999999998962642, 0.0, 3.099262624317589e-9, 0.9999999989697745, 0.9999999989731085, 0.9999999989578545]
[6.140643549201741e-9, 1.0000000021234237, 3.1296594205088013e-9, 1.0000000021311393, 1.000000002123431, 3.1296594205088013e-9, 0.0, 1.0000000020674567, 1.000000002079813, 1.000000002112049, 6.1870062406654824e-9, 3.1296594205088013e-9, 1.000000002123675, 1.000000002115655, 1.0000000020923014, 3.1296594205088013e-9, 6.2289220448263904e-9, 1.000000002099434, 1.000000002102768, 1.000000002087514]
[1.0000000019487814, 1.9999999979315615, 0.9999999989377972, 1.999999997939277, 1.9999999979315688, 0.9999999989377972, 1.0000000020674567, 0.0, 1.9999999978879508, 1.9999999979201868, 1.000000001995144, 0.9999999989377972, 1.9999999979318128, 1.9999999979237928, 1.9999999979004393, 0.9999999989377972, 1.0000000020370599, 1.9999999979075718, 1.9999999979109058, 1.9999999978956517]
[1.0000000019611377, 1.9999999979439178, 0.9999999989501536, 1.9999999979516334, 1.9999999979439251, 0.9999999989501536, 1.000000002079813, 1.9999999978879508, 0.0, 1.9999999979325431, 1.0000000020075004, 0.9999999989501537, 1.9999999979441692, 1.9999999979361491, 1.9999999979127956, 0.9999999989501537, 1.0000000020494162, 1.999999997919928, 1.999999997923262, 1.999999997908008]
[1.0000000019933737, 1.9999999979761538, 0.9999999989823896, 1.9999999979838694, 1.9999999979761611, 0.9999999989823896, 1.000000002112049, 1.9999999979201868, 1.9999999979325431, 0.0, 1.0000000020397364, 0.9999999989823897, 1.9999999979764052, 1.9999999979683851, 1.9999999979450316, 0.9999999989823897, 1.0000000020816522, 1.999999997952164, 1.999999997955498, 1.999999997940244]
[6.068330948849621e-9, 1.000000002051111, 3.057346820156681e-9, 1.0000000020588267, 1.0000000020511184, 3.057346820156681e-9, 6.1870062406654824e-9, 1.000000001995144, 1.0000000020075004, 1.0000000020397364, 0.0, 3.0573469311789836e-9, 1.0000000020513626, 1.0000000020433424, 1.000000002019989, 3.0573469311789836e-9, 6.156609555496573e-9, 1.0000000020271216, 1.0000000020304554, 1.0000000020152013]
[3.0109841286929395e-9, 0.9999999989937643, 0.0, 0.99999999900148, 0.9999999989937716, 0.0, 3.1296594205088013e-9, 0.9999999989377972, 0.9999999989501537, 0.9999999989823897, 3.0573469311789836e-9, 0.0, 0.9999999989940156, 0.9999999989859956, 0.999999998962642, 0.0, 3.099262624317589e-9, 0.9999999989697745, 0.9999999989731085, 0.9999999989578545]
[1.0000000020049997, 1.9999999979877798, 0.9999999989940156, 1.9999999979954954, 1.9999999979877872, 0.9999999989940156, 1.000000002123675, 1.9999999979318128, 1.9999999979441692, 1.9999999979764052, 1.0000000020513626, 0.9999999989940156, 0.0, 1.9999999979800112, 1.9999999979566576, 0.9999999989940155, 1.0000000020932782, 1.9999999979637901, 1.9999999979671241, 1.9999999979518701]
[1.0000000019969797, 1.9999999979797598, 0.9999999989859956, 1.9999999979874754, 1.9999999979797671, 0.9999999989859956, 1.000000002115655, 1.9999999979237928, 1.9999999979361491, 1.9999999979683851, 1.0000000020433424, 0.9999999989859956, 1.9999999979800112, 0.0, 1.9999999979486376, 0.9999999989859956, 1.0000000020852582, 1.99999999795577, 1.999999997959104, 1.99999999794385]
[1.0000000019736262, 1.9999999979564063, 0.999999998962642, 1.9999999979641219, 1.9999999979564136, 0.999999998962642, 1.0000000020923014, 1.9999999979004393, 1.9999999979127956, 1.9999999979450316, 1.000000002019989, 0.999999998962642, 1.9999999979566576, 1.9999999979486376, 0.0, 0.999999998962642, 1.0000000020619046, 1.9999999979324166, 1.9999999979357506, 1.9999999979204965]
[3.0109841286929395e-9, 0.9999999989937643, 0.0, 0.99999999900148, 0.9999999989937716, 0.0, 3.1296594205088013e-9, 0.9999999989377972, 0.9999999989501537, 0.9999999989823897, 3.0573469311789836e-9, 0.0, 0.9999999989940155, 0.9999999989859956, 0.999999998962642, 0.0, 3.099262624317589e-9, 0.9999999989697745, 0.9999999989731085, 0.9999999989578545]
[6.110246753010529e-9, 1.0000000020930269, 3.099262624317589e-9, 1.0000000021007425, 1.0000000020930342, 3.099262624317589e-9, 6.2289220448263904e-9, 1.0000000020370599, 1.0000000020494162, 1.0000000020816522, 6.156609555496573e-9, 3.099262624317589e-9, 1.0000000020932782, 1.0000000020852582, 1.0000000020619046, 3.099262624317589e-9, 0.0, 1.000000002069037, 1.0000000020723712, 1.0000000020571171]
[1.0000000019807587, 1.9999999979635388, 0.9999999989697745, 1.9999999979712544, 1.999999997963546, 0.9999999989697745, 1.000000002099434, 1.9999999979075718, 1.999999997919928, 1.999999997952164, 1.0000000020271216, 0.9999999989697745, 1.9999999979637901, 1.99999999795577, 1.9999999979324166, 0.9999999989697745, 1.000000002069037, 0.0, 1.999999997942883, 1.999999997927629]
[1.0000000019840927, 1.9999999979668728, 0.9999999989731085, 1.9999999979745884, 1.99999999796688, 0.9999999989731085, 1.000000002102768, 1.9999999979109058, 1.999999997923262, 1.999999997955498, 1.0000000020304554, 0.9999999989731085, 1.9999999979671241, 1.999999997959104, 1.9999999979357506, 0.9999999989731085, 1.0000000020723712, 1.999999997942883, 0.0, 1.999999997930963]
[1.0000000019688386, 1.9999999979516188, 0.9999999989578545, 1.9999999979593344, 1.999999997951626, 0.9999999989578545, 1.000000002087514, 1.9999999978956517, 1.999999997908008, 1.999999997940244, 1.0000000020152013, 0.9999999989578545, 1.9999999979518701, 1.99999999794385, 1.9999999979204965, 0.9999999989578545, 1.0000000020571171, 1.999999997927629, 1.999999997930963, 0.0]
w vector is :
 [0.0, 1.0062356677616262, 0.09826703496191398, 0.9985200927387702, 1.0062284414430855, 0.00888307000748334, 0.011577696479594168, 1.0622027793424365, 1.0498463531930737, 1.017610365134924, 0.12688040714066318, 0.0014377939312174987, 1.0059845128221228, 1.0140044226197542, 1.0373579524424281, 0.0, 0.012167213310969482, 1.0302255602592096, 1.02689139421596, 1.0421455556966137]p matrix is :
 [0.0, 0.0, 0.0, 0.0, 0.0, 0.0, 0.0, 0.0, 0.0, 0.0, 0.0, 0.0, 0.0, 0.0, 0.0, 0.0, 0.0, 0.0, 0.0, 0.0]
[0.0, 0.0, 0.0, 0.0, 0.0, 0.0, 0.0, 0.0, 0.0, 0.0, 0.0, 0.0, 0.0, 0.0, 0.0, 0.0, 0.0, 0.0, 0.0, 0.0]
[0.0, 0.0, 0.0, 0.0, 0.0, 0.0, 0.0, 0.0, 0.0, 0.0, 0.0, 0.0, 0.0, 0.0, 0.0, 0.0, 0.0, 0.0, 0.0, 0.0]
[0.0, 0.0, 0.0, 0.0, 0.0, 0.0, 0.0, 0.0, 0.0, 0.0, 0.0, 0.0, 0.0, 0.0, 0.0, 0.0, 0.0, 0.0, 0.0, 0.0]
[0.0, 0.0, 0.0, 0.0, 0.0, 0.0, 0.0, 0.0, 0.0, 0.0, 0.0, 0.0, 0.0, 0.0, 0.0, 0.0, 0.0, 0.0, 0.0, 0.0]
[0.0, 0.0, 0.0, 0.0, 0.0, 0.0, 0.0, 0.0, 0.0, 0.0, 0.0, 0.0, 0.0, 0.0, 0.0, 0.0, 0.0, 0.0, 0.0, 0.0]
[0.0, 0.0, 0.0, 0.0, 0.0, 0.0, 0.0, 0.0, 0.0, 0.0, 0.0, 0.0, 0.0, 0.0, 0.0, 0.0, 0.0, 0.0, 0.0, 0.0]
[0.0, 0.0, 0.0, 0.0, 0.0, 0.0, 0.0, 0.0, 0.0, 0.0, 0.0, 0.0, 0.0, 0.0, 0.0, 0.0, 0.0, 0.0, 0.0, 0.0]
[0.0, 0.0, 0.0, 0.0, 0.0, 0.0, 0.0, 0.0, 0.0, 0.0, 0.0, 0.0, 0.0, 0.0, 0.0, 0.0, 0.0, 0.0, 0.0, 0.0]
[0.0, 0.0, 0.0, 0.0, 0.0, 0.0, 0.0, 0.0, 0.0, 0.0, 0.0, 0.0, 0.0, 0.0, 0.0, 0.0, 0.0, 0.0, 0.0, 0.0]
[0.0, 0.0, 0.0, 0.0, 0.0, 0.0, 0.0, 0.0, 0.0, 0.0, 0.0, 0.0, 0.0, 0.0, 0.0, 0.0, 0.0, 0.0, 0.0, 0.0]
[0.0, 0.0, 0.0, 0.0, 0.0, 0.0, 0.0, 0.0, 0.0, 0.0, 0.0, 0.0, 0.0, 0.0, 0.0, 0.0, 0.0, 0.0, 0.0, 0.0]
[0.0, 0.0, 0.0, 0.0, 0.0, 0.0, 0.0, 0.0, 0.0, 0.0, 0.0, 0.0, 0.0, 0.0, 0.0, 0.0, 0.0, 0.0, 0.0, 0.0]
[0.0, 0.0, 0.0, 0.0, 0.0, 0.0, 0.0, 0.0, 0.0, 0.0, 0.0, 0.0, 0.0, 0.0, 0.0, 0.0, 0.0, 0.0, 0.0, 0.0]
[0.0, 0.0, 0.0, 0.0, 0.0, 0.0, 0.0, 0.0, 0.0, 0.0, 0.0, 0.0, 0.0, 0.0, 0.0, 0.0, 0.0, 0.0, 0.0, 0.0]
[0.0, 0.0, 0.0, 0.0, 0.0, 0.0, 0.0, 0.0, 0.0, 0.0, 0.0, 0.0, 0.0, 0.0, 0.0, 0.0, 0.0, 0.0, 0.0, 0.0]
[0.0, 0.0, 0.0, 0.0, 0.0, 0.0, 0.0, 0.0, 0.0, 0.0, 0.0, 0.0, 0.0, 0.0, 0.0, 0.0, 0.0, 0.0, 0.0, 0.0]
[0.0, 0.0, 0.0, 0.0, 0.0, 0.0, 0.0, 0.0, 0.0, 0.0, 0.0, 0.0, 0.0, 0.0, 0.0, 0.0, 0.0, 0.0, 0.0, 0.0]
[0.0, 0.0, 0.0, 0.0, 0.0, 0.0, 0.0, 0.0, 0.0, 0.0, 0.0, 0.0, 0.0, 0.0, 0.0, 0.0, 0.0, 0.0, 0.0, 0.0]
[0.0, 0.0, 0.0, 0.0, 0.0, 0.0, 0.0, 0.0, 0.0, 0.0, 0.0, 0.0, 0.0, 0.0, 0.0, 0.0, 0.0, 0.0, 0.0, 0.0]
