Academic license - for non-commercial use only
Academic license - for non-commercial use only
Optimize a model with 1964 rows, 860 columns and 5100 nonzeros
Variable types: 840 continuous, 20 integer (20 binary)
Coefficient statistics:
  Matrix range     [1e+00, 1e+09]
  Objective range  [1e+00, 1e+00]
  Bounds range     [0e+00, 0e+00]
  RHS range        [4e-03, 2e+00]
Warning: Model contains large matrix coefficients
         Consider reformulating model or setting NumericFocus parameter
         to avoid numerical issues.
Found heuristic solution: objective -0.0000000
Presolve removed 1370 rows and 630 columns
Presolve time: 0.02s
Presolved: 594 rows, 230 columns, 1770 nonzeros
Variable types: 210 continuous, 20 integer (20 binary)

Root relaxation: objective 1.242344e+01, 33 iterations, 0.00 seconds

    Nodes    |    Current Node    |     Objective Bounds      |     Work
 Expl Unexpl |  Obj  Depth IntInf | Incumbent    BestBd   Gap | It/Node Time

*    0     0               0      12.4234351   12.42344  0.00%     -    0s

Explored 0 nodes (45 simplex iterations) in 0.03 seconds
Thread count was 24 (of 24 available processors)

Solution count 2: 12.4234 -0 

Optimal solution found (tolerance 1.00e-04)
Best objective 1.242343511455e+01, best bound 1.242343511455e+01, gap 0.0000%
num_cluster is 4
card is 5
visit_m is 2
limits_ is [1, 1]
dim is 2
sum dis 63.72778876760892

dis_mat matrix is :
 [Inf, 0.12552974067988845, 0.19186254336486724, 0.03992673156123543, 0.07717017923807822, 0.08618344660088302, 0.02970398060005756, 0.1561748116703696, 0.22473998358935465, 0.0953825726653414, 0.056845921179359826, 0.17686950299722917, 0.13461561860591456, 0.14247182867393685, 0.19560412674475802, 0.0721748542479136, 0.1878539803640669, 0.0590885849475994, 0.03314913515987646, 0.1947475500235799]
[0.12552974067988845, Inf, 0.10894818277094474, 0.16366609570837268, 0.19451522015142458, 0.16095491638697715, 0.14536773517421397, 0.032730561288238466, 0.11505861130708928, 0.18895239653274284, 0.17643778532195248, 0.2828510049018597, 0.034033298838493466, 0.26144874388775036, 0.29278446294304045, 0.15984831602017566, 0.28200483015786815, 0.0956971575871818, 0.14962743145780275, 0.2964866709605957]
[0.19186254336486724, 0.10894818277094474, Inf, 0.2309929145136984, 0.2341061663956987, 0.255541448484153, 0.19653882279663956, 0.09004327832279149, 0.05548505665190829, 0.2060686482272172, 0.24870585512013038, 0.3674053571208722, 0.13997175693103617, 0.33374310407478436, 0.38298125166249153, 0.24954494341972966, 0.373647266678105, 0.19015862270807155, 0.19992659261751888, 0.3006332578042593]
[0.03992673156123543, 0.16366609570837268, 0.2309929145136984, Inf, 0.06226427714276022, 0.07681636262949439, 0.04208803446021937, 0.19500963456033, 0.26466642712403665, 0.09868343348901547, 0.019619372174233995, 0.14075474789636105, 0.16912192890574615, 0.10281908529838343, 0.16227884184404326, 0.05955928487817995, 0.15594280396227414, 0.08329636229227867, 0.04129214354912417, 0.18173750273147476]
[0.07717017923807822, 0.19451522015142458, 0.2341061663956987, 0.06226427714276022, Inf, 0.13895177700379158, 0.05010388857314907, 0.22190320705132596, 0.27752538656755354, 0.0471837456965816, 0.07438028757877894, 0.17468565093953392, 0.2090451996102152, 0.12234133026383064, 0.20194103421345955, 0.12163337682246543, 0.19871668113228355, 0.13533612876105655, 0.04587554435097307, 0.12029593599675266]
[0.08618344660088302, 0.16095491638697715, 0.255541448484153, 0.07681636262949439, 0.13895177700379158, Inf, 0.10943810756542585, 0.1933472074192634, 0.27503671762935494, 0.173579117453788, 0.06709169337324308, 0.12490088658467544, 0.15037545129491614, 0.12029173019921079, 0.13193763384938606, 0.017341186186935042, 0.12104992773057772, 0.06621354403442395, 0.11083247491709473, 0.25726447284825477]
[0.02970398060005756, 0.14536773517421397, 0.19653882279663956, 0.04208803446021937, 0.05010388857314907, 0.10943810756542585, Inf, 0.17388140715427278, 0.23517333706839888, 0.06634379744879929, 0.061647149826517776, 0.18189755211251266, 0.1589498138585206, 0.13957014576964233, 0.2042270144205456, 0.09353878663534275, 0.19802336664287545, 0.08869037669411799, 0.0042748736681570785, 0.1653338716874882]
[0.1561748116703696, 0.032730561288238466, 0.09004327832279149, 0.19500963456033, 0.22190320705132596, 0.1933472074192634, 0.17388140715427278, Inf, 0.08473876612415264, 0.21156441267348414, 0.2084271175924625, 0.31556828419639854, 0.05295017285586796, 0.2937796658023297, 0.32525410328936244, 0.19254510654585158, 0.3143720299870261, 0.12837224138235898, 0.1780838040881114, 0.3180932620309489]
[0.22473998358935465, 0.11505861130708928, 0.05548505665190829, 0.26466642712403665, 0.27752538656755354, 0.27503671762935494, 0.23517333706839888, 0.08473876612415264, Inf, 0.25455435971526863, 0.2806366079701526, 0.39427845982593746, 0.13692526460654808, 0.36681531589390975, 0.40626995029064555, 0.2723143597840456, 0.395870275716095, 0.20897826462001265, 0.23897904243060583, 0.353058106239856]
[0.0953825726653414, 0.18895239653274284, 0.2060686482272172, 0.09868343348901547, 0.0471837456965816, 0.173579117453788, 0.06634379744879929, 0.21156441267348414, 0.25455435971526863, Inf, 0.11503084888690082, 0.2217848911483073, 0.21026584868997794, 0.16937760112550934, 0.2486994596314523, 0.15685828035539195, 0.24505093465999106, 0.15306406903014366, 0.06387984183890653, 0.10765491648762518]
[0.056845921179359826, 0.17643778532195248, 0.24870585512013038, 0.019619372174233995, 0.07438028757877894, 0.06709169337324308, 0.061647149826517776, 0.2084271175924625, 0.2806366079701526, 0.11503084888690082, Inf, 0.1213807168205612, 0.17873112971042746, 0.08618924561014506, 0.1426595993355254, 0.05001658552299177, 0.13638430578196595, 0.08956687826712863, 0.06065709504940217, 0.19049283974043865]
[0.17686950299722917, 0.2828510049018597, 0.3674053571208722, 0.14075474789636105, 0.17468565093953392, 0.12490088658467544, 0.18189755211251266, 0.31556828419639854, 0.39427845982593746, 0.2217848911483073, 0.1213807168205612, Inf, 0.2750339430593512, 0.057354554147355824, 0.031280736882187014, 0.12307450920682236, 0.03597876337108317, 0.1872547549021436, 0.18018168076502816, 0.2576500765708293]
[0.13461561860591456, 0.034033298838493466, 0.13997175693103617, 0.16912192890574615, 0.2090451996102152, 0.15037545129491614, 0.1589498138585206, 0.05295017285586796, 0.13692526460654808, 0.21026584868997794, 0.17873112971042746, 0.2750339430593512, Inf, 0.26044149245353565, 0.2814834923613433, 0.15292205701821798, 0.2699807217755667, 0.09064806219253618, 0.1631946813908909, 0.31772639470012953]
[0.14247182867393685, 0.26144874388775036, 0.33374310407478436, 0.10281908529838343, 0.12234133026383064, 0.12029173019921079, 0.13957014576964233, 0.2937796658023297, 0.36681531589390975, 0.16937760112550934, 0.08618924561014506, 0.057354554147355824, 0.26044149245353565, Inf, 0.08820075728042197, 0.11072772629827847, 0.08982333529849935, 0.1697934444526261, 0.1369656529207324, 0.20045410347260334]
[0.19560412674475802, 0.29278446294304045, 0.38298125166249153, 0.16227884184404326, 0.20194103421345955, 0.13193763384938606, 0.2042270144205456, 0.32525410328936244, 0.40626995029064555, 0.2486994596314523, 0.1426595993355254, 0.031280736882187014, 0.2814834923613433, 0.08820075728042197, Inf, 0.13415268562271576, 0.012847171192378477, 0.1973943008493951, 0.20296335592496312, 0.28865096618704095]
[0.0721748542479136, 0.15984831602017566, 0.24954494341972966, 0.05955928487817995, 0.12163337682246543, 0.017341186186935042, 0.09353878663534275, 0.19254510654585158, 0.2723143597840456, 0.15685828035539195, 0.05001658552299177, 0.12307450920682236, 0.15292205701821798, 0.11072772629827847, 0.13415268562271576, Inf, 0.12427509489309471, 0.06418804033594769, 0.09466826233893996, 0.23996519525435556]
[0.1878539803640669, 0.28200483015786815, 0.373647266678105, 0.15594280396227414, 0.19871668113228355, 0.12104992773057772, 0.19802336664287545, 0.3143720299870261, 0.395870275716095, 0.24505093465999106, 0.13638430578196595, 0.03597876337108317, 0.2699807217755667, 0.08982333529849935, 0.012847171192378477, 0.12427509489309471, Inf, 0.18689404641024118, 0.19699202594637422, 0.2897371116178244]
[0.0590885849475994, 0.0956971575871818, 0.19015862270807155, 0.08329636229227867, 0.13533612876105655, 0.06621354403442395, 0.08869037669411799, 0.12837224138235898, 0.20897826462001265, 0.15306406903014366, 0.08956687826712863, 0.1872547549021436, 0.09064806219253618, 0.1697934444526261, 0.1973943008493951, 0.06418804033594769, 0.18689404641024118, Inf, 0.09223302872880246, 0.25381942232311683]
[0.03314913515987646, 0.14962743145780275, 0.19992659261751888, 0.04129214354912417, 0.04587554435097307, 0.11083247491709473, 0.0042748736681570785, 0.1780838040881114, 0.23897904243060583, 0.06387984183890653, 0.06065709504940217, 0.18018168076502816, 0.1631946813908909, 0.1369656529207324, 0.20296335592496312, 0.09466826233893996, 0.19699202594637422, 0.09223302872880246, Inf, 0.16164475489130797]
[0.1947475500235799, 0.2964866709605957, 0.3006332578042593, 0.18173750273147476, 0.12029593599675266, 0.25726447284825477, 0.1653338716874882, 0.3180932620309489, 0.353058106239856, 0.10765491648762518, 0.19049283974043865, 0.2576500765708293, 0.31772639470012953, 0.20045410347260334, 0.28865096618704095, 0.23996519525435556, 0.2897371116178244, 0.25381942232311683, 0.16164475489130797, Inf]
data points matrix is :
 [0.4767451777089914, 0.47769728379820287]
[0.3707237483302507, 0.4104873715259142]
[0.39477407919064245, 0.30422689856161356]
[0.5012633201201833, 0.509209259075349]
[0.5538953937302614, 0.47594208252527537]
[0.44012241042051514, 0.5557124065895013]
[0.5045512480815523, 0.46724984803985586]
[0.3521456956599487, 0.38354028260665207]
[0.3394695255305449, 0.29975500230578866]
[0.5587660453993025, 0.42901040228390164]
[0.5015911880662427, 0.5288258914856546]
[0.524192268297705, 0.64808388739471]
[0.3486291588393369, 0.4363735559697097]
[0.5526318115349396, 0.5982768872652158]
[0.503422115540027, 0.6714737410564013]
[0.45478227787954406, 0.5464493064360078]
[0.49238472495985997, 0.664899106707092]
[0.4196079118888605, 0.49275695596294045]
[0.5086149502760023, 0.46857682556548486]
[0.6663396433804007, 0.4331939487887957]




 AdNNnew 
obj val AdNNnew 12.423435114550347
x vector is :
 [1.0, 0.9999999989818702, 9.965700021839922e-10, 9.916477033929361e-10, 1.0299123765729424e-9, 1.0, 0.9999999973979898, 1.0258237116269826e-9, 1.0589150424124314e-9, 1.0172713570764559e-9, 1.0, 0.9999999974026716, 1.0271264491759352e-9, 1.0573545511873293e-9, 1.012847168304404e-9, 1.0, 0.999999997375127, 1.0302143205276756e-9, 1.0042748707658922e-9, 1.0903835473035143e-9]y vector is :
 [0.028874258389709483, 0.006906846653562115, 0.996570007183992, 0.991647708392936, 1.0299123815729423, 0.0, 0.0, 1.0258237166269826, 1.0589150474124314, 1.0172713620764557, 0.027971662789650454, 0.0, 1.027126454175935, 1.0573545561873292, 1.0128471733044038, 0.017341186186935253, 0.0, 1.0302143255276754, 1.0042748757658921, 1.0903835523035141]z matrix is :
 [0.0, 3.018130190213242e-9, 0.9999999990034301, 0.9999999990083523, 0.9999999989700876, 0.0, 3.1020099822143266e-9, 0.9999999989741764, 0.999999998941085, 0.9999999989827286, 0.0, 3.0973281717194823e-9, 0.9999999989728736, 0.9999999989426454, 0.9999999989871529, 0.0, 3.1248728049604324e-9, 0.9999999989697856, 0.9999999989957251, 0.9999999989096164]
[3.018130190213242e-9, 0.0, 1.0000000020215603, 1.0000000020264825, 1.0000000019882176, 3.0181300791909393e-9, 6.120140061405266e-9, 1.0000000019923063, 1.000000001959215, 1.0000000020008586, 3.0181300791909393e-9, 6.115458250910422e-9, 1.0000000019910038, 1.0000000019607755, 1.000000002005283, 3.0181300791909393e-9, 6.143002884151372e-9, 1.0000000019879156, 1.0000000020138553, 1.0000000019277464]
[0.9999999990034301, 1.0000000020215603, 0.0, 1.9999999980117824, 1.9999999979735177, 0.99999999900343, 1.00000000210544, 1.9999999979776064, 1.999999997944515, 1.9999999979861587, 0.99999999900343, 1.0000000021007582, 1.9999999979763037, 1.9999999979460754, 1.999999997990583, 0.99999999900343, 1.0000000021283029, 1.9999999979732157, 1.9999999979991552, 1.9999999979130465]
[0.9999999990083523, 1.0000000020264825, 1.9999999980117824, 0.0, 1.99999999797844, 0.9999999990083522, 1.0000000021103623, 1.9999999979825287, 1.9999999979494374, 1.999999997991081, 0.9999999990083522, 1.0000000021056805, 1.999999997981226, 1.9999999979509977, 1.9999999979955052, 0.9999999990083522, 1.0000000021332252, 1.999999997978138, 1.9999999980040775, 1.9999999979179688]
[0.9999999989700876, 1.0000000019882176, 1.9999999979735177, 1.99999999797844, 0.0, 0.9999999989700876, 1.0000000020720976, 1.999999997944264, 1.9999999979111727, 1.9999999979528162, 0.9999999989700876, 1.0000000020674158, 1.9999999979429612, 1.999999997912733, 1.9999999979572405, 0.9999999989700876, 1.0000000020949604, 1.9999999979398733, 1.9999999979658127, 1.999999997879704]
[0.0, 3.0181300791909393e-9, 0.99999999900343, 0.9999999990083522, 0.9999999989700876, 0.0, 3.1020099822143266e-9, 0.9999999989741764, 0.999999998941085, 0.9999999989827286, 0.0, 3.0973281717194823e-9, 0.9999999989728736, 0.9999999989426454, 0.9999999989871529, 0.0, 3.1248728049604324e-9, 0.9999999989697856, 0.9999999989957251, 0.9999999989096164]
[3.1020099822143266e-9, 6.120140061405266e-9, 1.00000000210544, 1.0000000021103623, 1.0000000020720976, 3.1020099822143266e-9, 0.0, 1.0000000020761863, 1.000000002043095, 1.0000000020847386, 3.1020099822143266e-9, 6.199338153933809e-9, 1.0000000020748836, 1.0000000020446553, 1.0000000020891628, 3.1020099822143266e-9, 6.226882787174759e-9, 1.0000000020717956, 1.000000002097735, 1.0000000020116264]
[0.9999999989741764, 1.0000000019923063, 1.9999999979776064, 1.9999999979825287, 1.999999997944264, 0.9999999989741764, 1.0000000020761863, 0.0, 1.9999999979152614, 1.999999997956905, 0.9999999989741762, 1.0000000020715045, 1.99999999794705, 1.9999999979168217, 1.9999999979613292, 0.9999999989741762, 1.0000000020990492, 1.999999997943962, 1.9999999979699015, 1.9999999978837928]
[0.999999998941085, 1.000000001959215, 1.999999997944515, 1.9999999979494374, 1.9999999979111727, 0.999999998941085, 1.000000002043095, 1.9999999979152614, 0.0, 1.9999999979238137, 0.9999999989410849, 1.0000000020384132, 1.9999999979139587, 1.9999999978837304, 1.999999997928238, 0.9999999989410849, 1.0000000020659578, 1.9999999979108707, 1.9999999979368102, 1.9999999978507015]
[0.9999999989827286, 1.0000000020008586, 1.9999999979861587, 1.999999997991081, 1.9999999979528162, 0.9999999989827286, 1.0000000020847386, 1.999999997956905, 1.9999999979238137, 0.0, 0.9999999989827286, 1.0000000020800568, 1.9999999979556022, 1.999999997925374, 1.9999999979698815, 0.9999999989827286, 1.0000000021076014, 1.9999999979525143, 1.9999999979784537, 1.999999997892345]
[0.0, 3.0181300791909393e-9, 0.99999999900343, 0.9999999990083522, 0.9999999989700876, 0.0, 3.1020099822143266e-9, 0.9999999989741762, 0.9999999989410849, 0.9999999989827286, 0.0, 3.0973281717194823e-9, 0.9999999989728736, 0.9999999989426454, 0.9999999989871529, 0.0, 3.1248728049604324e-9, 0.9999999989697856, 0.9999999989957251, 0.9999999989096164]
[3.0973281717194823e-9, 6.115458250910422e-9, 1.0000000021007582, 1.0000000021056805, 1.0000000020674158, 3.0973281717194823e-9, 6.199338153933809e-9, 1.0000000020715045, 1.0000000020384132, 1.0000000020800568, 3.0973281717194823e-9, 0.0, 1.0000000020702018, 1.0000000020399735, 1.000000002084481, 3.0973281717194823e-9, 6.222200976679915e-9, 1.0000000020671138, 1.0000000020930533, 1.0000000020069446]
[0.9999999989728736, 1.0000000019910038, 1.9999999979763037, 1.999999997981226, 1.9999999979429612, 0.9999999989728736, 1.0000000020748836, 1.99999999794705, 1.9999999979139587, 1.9999999979556022, 0.9999999989728736, 1.0000000020702018, 0.0, 1.999999997915519, 1.9999999979600265, 0.9999999989728735, 1.0000000020977464, 1.9999999979426593, 1.9999999979685987, 1.99999999788249]
[0.9999999989426454, 1.0000000019607755, 1.9999999979460754, 1.9999999979509977, 1.999999997912733, 0.9999999989426454, 1.0000000020446553, 1.9999999979168217, 1.9999999978837304, 1.999999997925374, 0.9999999989426454, 1.0000000020399735, 1.999999997915519, 0.0, 1.9999999979297982, 0.9999999989426455, 1.0000000020675182, 1.999999997912431, 1.9999999979383705, 1.9999999978522618]
[0.9999999989871529, 1.000000002005283, 1.999999997990583, 1.9999999979955052, 1.9999999979572405, 0.9999999989871529, 1.0000000020891628, 1.9999999979613292, 1.999999997928238, 1.9999999979698815, 0.9999999989871529, 1.000000002084481, 1.9999999979600265, 1.9999999979297982, 0.0, 0.9999999989871529, 1.0000000021120257, 1.9999999979569385, 1.999999997982878, 1.9999999978967693]
[0.0, 3.0181300791909393e-9, 0.99999999900343, 0.9999999990083522, 0.9999999989700876, 0.0, 3.1020099822143266e-9, 0.9999999989741762, 0.9999999989410849, 0.9999999989827286, 0.0, 3.0973281717194823e-9, 0.9999999989728735, 0.9999999989426455, 0.9999999989871529, 0.0, 3.1248728049604324e-9, 0.9999999989697856, 0.9999999989957251, 0.9999999989096164]
[3.1248728049604324e-9, 6.143002884151372e-9, 1.0000000021283029, 1.0000000021332252, 1.0000000020949604, 3.1248728049604324e-9, 6.226882787174759e-9, 1.0000000020990492, 1.0000000020659578, 1.0000000021076014, 3.1248728049604324e-9, 6.222200976679915e-9, 1.0000000020977464, 1.0000000020675182, 1.0000000021120257, 3.1248728049604324e-9, 0.0, 1.0000000020946584, 1.000000002120598, 1.0000000020344892]
[0.9999999989697856, 1.0000000019879156, 1.9999999979732157, 1.999999997978138, 1.9999999979398733, 0.9999999989697856, 1.0000000020717956, 1.999999997943962, 1.9999999979108707, 1.9999999979525143, 0.9999999989697856, 1.0000000020671138, 1.9999999979426593, 1.999999997912431, 1.9999999979569385, 0.9999999989697856, 1.0000000020946584, 0.0, 1.9999999979655108, 1.999999997879402]
[0.9999999989957251, 1.0000000020138553, 1.9999999979991552, 1.9999999980040775, 1.9999999979658127, 0.9999999989957251, 1.000000002097735, 1.9999999979699015, 1.9999999979368102, 1.9999999979784537, 0.9999999989957251, 1.0000000020930533, 1.9999999979685987, 1.9999999979383705, 1.999999997982878, 0.9999999989957251, 1.000000002120598, 1.9999999979655108, 0.0, 1.9999999979053416]
[0.9999999989096164, 1.0000000019277464, 1.9999999979130465, 1.9999999979179688, 1.999999997879704, 0.9999999989096164, 1.0000000020116264, 1.9999999978837928, 1.9999999978507015, 1.999999997892345, 0.9999999989096164, 1.0000000020069446, 1.99999999788249, 1.9999999978522618, 1.9999999978967693, 0.9999999989096164, 1.0000000020344892, 1.999999997879402, 1.9999999979053416, 0.0]
w vector is :
 [0.028874258389709483, 0.006906846653562115, 0.996570007183992, 0.991647708392936, 1.0299123815729423, 0.0, 0.0, 1.0258237166269826, 1.0589150474124314, 1.0172713620764557, 0.027971662789650454, 0.0, 1.027126454175935, 1.0573545561873292, 1.0128471733044038, 0.017341186186935253, 0.0, 1.0302143255276754, 1.0042748757658921, 1.0903835523035141]p matrix is :
 [0.0, 0.0, 0.0, 0.0, 0.0, 0.0, 0.0, 0.0, 0.0, 0.0, 0.0, 0.0, 0.0, 0.0, 0.0, 0.0, 0.0, 0.0, 0.0, 0.0]
[0.0, 0.0, 0.0, 0.0, 0.0, 0.0, 0.0, 0.0, 0.0, 0.0, 0.0, 0.0, 0.0, 0.0, 0.0, 0.0, 0.0, 0.0, 0.0, 0.0]
[0.0, 0.0, 0.0, 0.0, 0.0, 0.0, 0.0, 0.0, 0.0, 0.0, 0.0, 0.0, 0.0, 0.0, 0.0, 0.0, 0.0, 0.0, 0.0, 0.0]
[0.0, 0.0, 0.0, 0.0, 0.0, 0.0, 0.0, 0.0, 0.0, 0.0, 0.0, 0.0, 0.0, 0.0, 0.0, 0.0, 0.0, 0.0, 0.0, 0.0]
[0.0, 0.0, 0.0, 0.0, 0.0, 0.0, 0.0, 0.0, 0.0, 0.0, 0.0, 0.0, 0.0, 0.0, 0.0, 0.0, 0.0, 0.0, 0.0, 0.0]
[0.0, 0.0, 0.0, 0.0, 0.0, 0.0, 0.0, 0.0, 0.0, 0.0, 0.0, 0.0, 0.0, 0.0, 0.0, 0.0, 0.0, 0.0, 0.0, 0.0]
[0.0, 0.0, 0.0, 0.0, 0.0, 0.0, 0.0, 0.0, 0.0, 0.0, 0.0, 0.0, 0.0, 0.0, 0.0, 0.0, 0.0, 0.0, 0.0, 0.0]
[0.0, 0.0, 0.0, 0.0, 0.0, 0.0, 0.0, 0.0, 0.0, 0.0, 0.0, 0.0, 0.0, 0.0, 0.0, 0.0, 0.0, 0.0, 0.0, 0.0]
[0.0, 0.0, 0.0, 0.0, 0.0, 0.0, 0.0, 0.0, 0.0, 0.0, 0.0, 0.0, 0.0, 0.0, 0.0, 0.0, 0.0, 0.0, 0.0, 0.0]
[0.0, 0.0, 0.0, 0.0, 0.0, 0.0, 0.0, 0.0, 0.0, 0.0, 0.0, 0.0, 0.0, 0.0, 0.0, 0.0, 0.0, 0.0, 0.0, 0.0]
[0.0, 0.0, 0.0, 0.0, 0.0, 0.0, 0.0, 0.0, 0.0, 0.0, 0.0, 0.0, 0.0, 0.0, 0.0, 0.0, 0.0, 0.0, 0.0, 0.0]
[0.0, 0.0, 0.0, 0.0, 0.0, 0.0, 0.0, 0.0, 0.0, 0.0, 0.0, 0.0, 0.0, 0.0, 0.0, 0.0, 0.0, 0.0, 0.0, 0.0]
[0.0, 0.0, 0.0, 0.0, 0.0, 0.0, 0.0, 0.0, 0.0, 0.0, 0.0, 0.0, 0.0, 0.0, 0.0, 0.0, 0.0, 0.0, 0.0, 0.0]
[0.0, 0.0, 0.0, 0.0, 0.0, 0.0, 0.0, 0.0, 0.0, 0.0, 0.0, 0.0, 0.0, 0.0, 0.0, 0.0, 0.0, 0.0, 0.0, 0.0]
[0.0, 0.0, 0.0, 0.0, 0.0, 0.0, 0.0, 0.0, 0.0, 0.0, 0.0, 0.0, 0.0, 0.0, 0.0, 0.0, 0.0, 0.0, 0.0, 0.0]
[0.0, 0.0, 0.0, 0.0, 0.0, 0.0, 0.0, 0.0, 0.0, 0.0, 0.0, 0.0, 0.0, 0.0, 0.0, 0.0, 0.0, 0.0, 0.0, 0.0]
[0.0, 0.0, 0.0, 0.0, 0.0, 0.0, 0.0, 0.0, 0.0, 0.0, 0.0, 0.0, 0.0, 0.0, 0.0, 0.0, 0.0, 0.0, 0.0, 0.0]
[0.0, 0.0, 0.0, 0.0, 0.0, 0.0, 0.0, 0.0, 0.0, 0.0, 0.0, 0.0, 0.0, 0.0, 0.0, 0.0, 0.0, 0.0, 0.0, 0.0]
[0.0, 0.0, 0.0, 0.0, 0.0, 0.0, 0.0, 0.0, 0.0, 0.0, 0.0, 0.0, 0.0, 0.0, 0.0, 0.0, 0.0, 0.0, 0.0, 0.0]
[0.0, 0.0, 0.0, 0.0, 0.0, 0.0, 0.0, 0.0, 0.0, 0.0, 0.0, 0.0, 0.0, 0.0, 0.0, 0.0, 0.0, 0.0, 0.0, 0.0]
