Academic license - for non-commercial use only
Academic license - for non-commercial use only
Optimize a model with 1964 rows, 860 columns and 5100 nonzeros
Variable types: 840 continuous, 20 integer (20 binary)
Coefficient statistics:
  Matrix range     [1e+00, 1e+09]
  Objective range  [1e+00, 1e+00]
  Bounds range     [0e+00, 0e+00]
  RHS range        [8e-03, 2e+00]
Warning: Model contains large matrix coefficients
         Consider reformulating model or setting NumericFocus parameter
         to avoid numerical issues.
Found heuristic solution: objective -0.0000000
Presolve removed 1370 rows and 630 columns
Presolve time: 0.00s
Presolved: 594 rows, 230 columns, 1770 nonzeros
Variable types: 210 continuous, 20 integer (20 binary)

Root relaxation: objective 1.255164e+01, 43 iterations, 0.00 seconds

    Nodes    |    Current Node    |     Objective Bounds      |     Work
 Expl Unexpl |  Obj  Depth IntInf | Incumbent    BestBd   Gap | It/Node Time

*    0     0               0      12.5516371   12.55164  0.00%     -    0s

Explored 0 nodes (55 simplex iterations) in 0.02 seconds
Thread count was 24 (of 24 available processors)

Solution count 2: 12.5516 -0 

Optimal solution found (tolerance 1.00e-04)
Best objective 1.255163711597e+01, best bound 1.255163711597e+01, gap 0.0000%
num_cluster is 4
card is 5
visit_m is 2
limits_ is [1, 1]
dim is 2
sum dis 66.55450816728278

dis_mat matrix is :
 [Inf, 0.1444345273359553, 0.1375044560731667, 0.04065768917660302, 0.21184246517374702, 0.08354495257844229, 0.09318877355439717, 0.22636464595905753, 0.1267119364464505, 0.19647027644997547, 0.1694545497636768, 0.08049649653524571, 0.18608536253567962, 0.22732188802362754, 0.12710267543388615, 0.38125577443202496, 0.1799672618534298, 0.2183339826309955, 0.07824501774525859, 0.18326768334011617]
[0.1444345273359553, Inf, 0.026541659603149994, 0.13290484600223348, 0.2715066533019047, 0.06240100172760419, 0.16225119865382565, 0.2970830440147149, 0.07043524739838829, 0.057150622505225235, 0.03285168739218696, 0.0640471500616457, 0.17048919099175552, 0.3021057576571823, 0.13239985680216876, 0.3269649269059862, 0.23636726938749056, 0.07496234660826907, 0.2074276325803253, 0.06643452052023577]
[0.1375044560731667, 0.026541659603149994, Inf, 0.11905986356525797, 0.24656845175145223, 0.06310093744531076, 0.14131579146617548, 0.27267880615154894, 0.09011041623402387, 0.07913119796393246, 0.032708133743070626, 0.061381724882098164, 0.14397043215030877, 0.2779790637797694, 0.10702249562047547, 0.30452615196772814, 0.21165875028262748, 0.09188796656847939, 0.19314722577300197, 0.05163502742057734]
[0.04065768917660302, 0.13290484600223348, 0.11905986356525797, Inf, 0.17861511432191085, 0.0813392297659353, 0.055778003027611815, 0.19628638520157185, 0.13627063714065632, 0.18909368694619624, 0.1517428291404683, 0.07508357011686044, 0.14562932333534404, 0.19842086921090213, 0.0869770149573852, 0.3410619841126967, 0.14503487698206532, 0.20773358387979948, 0.07455592880455904, 0.1580778073104715]
[0.21184246517374702, 0.2715066533019047, 0.24656845175145223, 0.17861511432191085, Inf, 0.2465530556793784, 0.12374304074720065, 0.02980497364230459, 0.3049578762518458, 0.3252258626583705, 0.2705557746883137, 0.23868793542010974, 0.12838755031426063, 0.038045100646604955, 0.13966614927231316, 0.25812379301489774, 0.03552201008640093, 0.33326871194827823, 0.15741221877581305, 0.25075345515381214]
[0.08354495257844229, 0.06240100172760419, 0.06310093744531076, 0.0813392297659353, 0.2465530556793784, Inf, 0.12543169391317588, 0.268401562186408, 0.05842556695851366, 0.1129440512430634, 0.09130169750404975, 0.007959541937484042, 0.17262789155638453, 0.2718847939535613, 0.11909113582364847, 0.35348386474655696, 0.21117911079595983, 0.1349825204572075, 0.15314096757705645, 0.11441011206736056]
[0.09318877355439717, 0.16225119865382565, 0.14131579146617548, 0.055778003027611815, 0.12374304074720065, 0.12543169391317588, Inf, 0.143472002816087, 0.18359579542909207, 0.21916943411521822, 0.17146166958102652, 0.11784089753062285, 0.1062379296607397, 0.146591697275752, 0.05832804163729681, 0.3000326076774775, 0.08953127609223728, 0.2331489944391491, 0.07645563948464325, 0.16531664273075677]
[0.22636464595905753, 0.2970830440147149, 0.27267880615154894, 0.19628638520157185, 0.02980497364230459, 0.268401562186408, 0.143472002816087, Inf, 0.3267690932066486, 0.35165818772538865, 0.29772869941775143, 0.2606588961027246, 0.15814099820513547, 0.009035255829800455, 0.16638524621612127, 0.28042005971984635, 0.061356026018953604, 0.3606271804223443, 0.1642286312366072, 0.2791666080811342]
[0.1267119364464505, 0.07043524739838829, 0.09011041623402387, 0.13627063714065632, 0.3049578762518458, 0.05842556695851366, 0.18359579542909207, 0.3267690932066486, Inf, 0.09065007280645904, 0.10231914352834819, 0.06627016497855522, 0.22466152666037698, 0.3301563229581529, 0.17492389075437753, 0.3945681992856148, 0.2695607055879863, 0.11674945821129842, 0.20316761826682728, 0.13682229232698448]
[0.19647027644997547, 0.057150622505225235, 0.07913119796393246, 0.18909368694619624, 0.3252258626583705, 0.1129440512430634, 0.21916943411521822, 0.35165818772538865, 0.09065007280645904, Inf, 0.05710163618901536, 0.11673298398266868, 0.2157574193865223, 0.3570512117994612, 0.18556097336845698, 0.3489067169687743, 0.29051873920212007, 0.02618126141717352, 0.2633653775095563, 0.0899391702318032]
[0.1694545497636768, 0.03285168739218696, 0.032708133743070626, 0.1517428291404683, 0.2705557746883137, 0.09130169750404975, 0.17146166958102652, 0.29772869941775143, 0.10231914352834819, 0.05710163618901536, Inf, 0.09116311317061523, 0.15866179355408824, 0.3035418717998549, 0.1313874683317886, 0.300579933934252, 0.2363857061836187, 0.06300310406673067, 0.22571742990755944, 0.03725569995156838]
[0.08049649653524571, 0.0640471500616457, 0.061381724882098164, 0.07508357011686044, 0.23868793542010974, 0.007959541937484042, 0.11784089753062285, 0.2606588961027246, 0.06627016497855522, 0.11673298398266868, 0.09116311317061523, Inf, 0.16521053275544614, 0.26420359702880064, 0.11127406604867782, 0.3472639663060885, 0.20329760347340436, 0.13792094333897545, 0.1478005150998531, 0.11194660341913942]
[0.18608536253567962, 0.17048919099175552, 0.14397043215030877, 0.14562932333534404, 0.12838755031426063, 0.17262789155638453, 0.1062379296607397, 0.15814099820513547, 0.22466152666037698, 0.2157574193865223, 0.15866179355408824, 0.16521053275544614, Inf, 0.1659817725195705, 0.0593983220184579, 0.19571623264625915, 0.1020821795533342, 0.2178656634185174, 0.18178401108206976, 0.13084706526675316]
[0.22732188802362754, 0.3021057576571823, 0.2779790637797694, 0.19842086921090213, 0.038045100646604955, 0.2718847939535613, 0.146591697275752, 0.009035255829800455, 0.3301563229581529, 0.3570512117994612, 0.3035418717998549, 0.26420359702880064, 0.1659817725195705, Inf, 0.17215595490865876, 0.28926558321771745, 0.0675670325244481, 0.3665023334497146, 0.1630248239491342, 0.2857141252228816]
[0.12710267543388615, 0.13239985680216876, 0.10702249562047547, 0.0869770149573852, 0.13966614927231316, 0.11909113582364847, 0.05832804163729681, 0.16638524621612127, 0.17492389075437753, 0.18556097336845698, 0.1313874683317886, 0.11127406604867782, 0.0593983220184579, 0.17215595490865876, Inf, 0.25416122252310314, 0.1050842130893845, 0.19434918158924322, 0.13377210635313594, 0.11607028983292646]
[0.38125577443202496, 0.3269649269059862, 0.30452615196772814, 0.3410619841126967, 0.25812379301489774, 0.35348386474655696, 0.3000326076774775, 0.28042005971984635, 0.3945681992856148, 0.3489067169687743, 0.300579933934252, 0.3472639663060885, 0.19571623264625915, 0.28926558321771745, 0.25416122252310314, Inf, 0.25688151421774663, 0.3369319444533408, 0.3726535019035336, 0.2633315252389121]
[0.1799672618534298, 0.23636726938749056, 0.21165875028262748, 0.14503487698206532, 0.03552201008640093, 0.21117911079595983, 0.08953127609223728, 0.061356026018953604, 0.2695607055879863, 0.29051873920212007, 0.2363857061836187, 0.20329760347340436, 0.1020821795533342, 0.0675670325244481, 0.1050842130893845, 0.25688151421774663, Inf, 0.2992731186624515, 0.13300108387721754, 0.21815554944953588]
[0.2183339826309955, 0.07496234660826907, 0.09188796656847939, 0.20773358387979948, 0.33326871194827823, 0.1349825204572075, 0.2331489944391491, 0.3606271804223443, 0.11674945821129842, 0.02618126141717352, 0.06300310406673067, 0.13792094333897545, 0.2178656634185174, 0.3665023334497146, 0.19434918158924322, 0.3369319444533408, 0.2992731186624515, Inf, 0.2822865859054445, 0.08753563461818016]
[0.07824501774525859, 0.2074276325803253, 0.19314722577300197, 0.07455592880455904, 0.15741221877581305, 0.15314096757705645, 0.07645563948464325, 0.1642286312366072, 0.20316761826682728, 0.2633653775095563, 0.22571742990755944, 0.1478005150998531, 0.18178401108206976, 0.1630248239491342, 0.13377210635313594, 0.3726535019035336, 0.13300108387721754, 0.2822865859054445, Inf, 0.22879484050949417]
[0.18326768334011617, 0.06643452052023577, 0.05163502742057734, 0.1580778073104715, 0.25075345515381214, 0.11441011206736056, 0.16531664273075677, 0.2791666080811342, 0.13682229232698448, 0.0899391702318032, 0.03725569995156838, 0.11194660341913942, 0.13084706526675316, 0.2857141252228816, 0.11607028983292646, 0.2633315252389121, 0.21815554944953588, 0.08753563461818016, 0.22879484050949417, Inf]
data points matrix is :
 [0.45459445309136787, 0.3838108228671067]
[0.4652226733555641, 0.5278537804206662]
[0.48937326981261475, 0.5168443124381442]
[0.49275776621166395, 0.39783256387396815]
[0.6620277166943038, 0.34081464627051716]
[0.4503607452857844, 0.46724843320891307]
[0.5476835626945615, 0.38811955700340595]
[0.6692309069966512, 0.3118931922391819]
[0.4011120504922035, 0.4986826969278628]
[0.4414896457831014, 0.579843558790837]
[0.4898920841722475, 0.5495483312220006]
[0.4577323474440232, 0.46424613584269225]
[0.6229389532848197, 0.4631070485317132]
[0.6671096193147058, 0.30311048272102237]
[0.5669902019238784, 0.4431596707652]
[0.7900778088246487, 0.5649375286939947]
[0.6331783619746449, 0.36153970194807]
[0.4552064640139459, 0.6021439477340002]
[0.5054768743637857, 0.32436957450023585]
[0.5270572243811875, 0.5521443921094072]




 AdNNnew 
obj val AdNNnew 12.551637115972134
x vector is :
 [1.0221733830364776e-9, 0.9999999989248756, 1.0235437245824962e-9, 1.0, 1.0294074032001472e-9, 0.9999999974089525, 1.0, 1.0003975584123524e-9, 1.0583680889414242e-9, 1.032281971774385e-9, 0.999999997431964, 1.0, 1.001070274380091e-9, 1.008637685408413e-9, 1.0583280355789686e-9, 1.0, 0.9999999974219378, 9.938992776166074e-10, 1.056071622630536e-9, 1.0280912907864462e-9]y vector is :
 [1.0221733880364776, 0.0029979320722345326, 1.023543729582496, 0.018484300117951817, 1.0294074082001472, 5.7475049768940245e-5, 0.0, 1.0003975634123523, 1.0583680939414242, 1.032281976774385, 0.009164406205066773, 0.00790206997876245, 1.001070279380091, 1.008637690408413, 1.0583280405789686, 0.19464595226509784, 0.00611460393490848, 0.9938992826166073, 1.0560716276305357, 1.028091295786446]z matrix is :
 [0.0, 1.0000000020529511, 1.9999999979542828, 0.9999999989778267, 1.999999997948419, 1.000000002068874, 0.9999999989778267, 1.999999997977429, 1.9999999979194585, 1.9999999979455445, 1.0000000020458626, 0.9999999989778267, 1.9999999979767562, 1.999999997969189, 1.9999999979194985, 0.9999999989778267, 1.0000000020558888, 1.9999999979839274, 1.9999999979217549, 1.9999999979497352]
[1.0000000020529511, 0.0, 1.0000000020515807, 3.0751244883830964e-9, 1.000000002045717, 6.166171906407669e-9, 3.0751244883830964e-9, 1.000000002074727, 1.0000000020167565, 1.0000000020428423, 6.1431605358208685e-9, 3.0751244883830964e-9, 1.0000000020740543, 1.000000002066487, 1.0000000020167965, 3.0751244883830964e-9, 6.153186737911653e-9, 1.0000000020812254, 1.000000002019053, 1.0000000020470332]
[1.9999999979542828, 1.0000000020515807, 0.0, 0.9999999989764563, 1.9999999979470489, 1.0000000020675037, 0.9999999989764563, 1.9999999979760588, 1.9999999979180882, 1.9999999979441743, 1.0000000020444924, 0.9999999989764563, 1.999999997975386, 1.9999999979678187, 1.9999999979181282, 0.9999999989764563, 1.0000000020545186, 1.9999999979825571, 1.9999999979203846, 1.999999997948365]
[0.9999999989778267, 3.0751244883830964e-9, 0.9999999989764563, 0.0, 0.9999999989705926, 3.091047418024573e-9, 0.0, 0.9999999989996025, 0.9999999989416319, 0.999999998967718, 3.068036047437772e-9, 0.0, 0.9999999989989297, 0.9999999989913624, 0.9999999989416719, 0.0, 3.078062249528557e-9, 0.9999999990061008, 0.9999999989439283, 0.9999999989719086]
[1.999999997948419, 1.000000002045717, 1.9999999979470489, 0.9999999989705926, 0.0, 1.00000000206164, 0.9999999989705926, 1.999999997970195, 1.9999999979122245, 1.9999999979383105, 1.0000000020386286, 0.9999999989705926, 1.9999999979695222, 1.999999997961955, 1.9999999979122645, 0.9999999989705926, 1.0000000020486548, 1.9999999979766934, 1.9999999979145209, 1.9999999979425012]
[1.000000002068874, 6.166171906407669e-9, 1.0000000020675037, 3.091047418024573e-9, 1.00000000206164, 0.0, 3.0910475290468753e-9, 1.0000000020906499, 1.0000000020326794, 1.0000000020587656, 6.1590835764846474e-9, 3.0910475290468753e-9, 1.000000002089977, 1.0000000020824098, 1.0000000020327193, 3.0910475290468753e-9, 6.169109778575432e-9, 1.0000000020971482, 1.0000000020349757, 1.000000002062956]
[0.9999999989778267, 3.0751244883830964e-9, 0.9999999989764563, 0.0, 0.9999999989705926, 3.0910475290468753e-9, 0.0, 0.9999999989996025, 0.9999999989416319, 0.999999998967718, 3.068036047437772e-9, 0.0, 0.9999999989989297, 0.9999999989913624, 0.9999999989416719, 0.0, 3.078062249528557e-9, 0.9999999990061008, 0.9999999989439283, 0.9999999989719086]
[1.999999997977429, 1.000000002074727, 1.9999999979760588, 0.9999999989996025, 1.999999997970195, 1.0000000020906499, 0.9999999989996025, 0.0, 1.9999999979412344, 1.9999999979673204, 1.0000000020676385, 0.9999999989996025, 1.9999999979985321, 1.9999999979909648, 1.9999999979412744, 0.9999999989996025, 1.0000000020776647, 1.9999999980057033, 1.9999999979435308, 1.999999997971511]
[1.9999999979194585, 1.0000000020167565, 1.9999999979180882, 0.9999999989416319, 1.9999999979122245, 1.0000000020326794, 0.9999999989416319, 1.9999999979412344, 0.0, 1.99999999790935, 1.000000002009668, 0.9999999989416319, 1.9999999979405616, 1.9999999979329943, 1.9999999978833038, 0.9999999989416319, 1.0000000020196942, 1.9999999979477328, 1.9999999978855603, 1.9999999979135406]
[1.9999999979455445, 1.0000000020428423, 1.9999999979441743, 0.999999998967718, 1.9999999979383105, 1.0000000020587656, 0.999999998967718, 1.9999999979673204, 1.99999999790935, 0.0, 1.000000002035754, 0.9999999989677181, 1.9999999979666476, 1.9999999979590803, 1.9999999979093899, 0.9999999989677181, 1.0000000020457802, 1.9999999979738188, 1.9999999979116463, 1.9999999979396266]
[1.0000000020458626, 6.1431605358208685e-9, 1.0000000020444924, 3.068036047437772e-9, 1.0000000020386286, 6.1590835764846474e-9, 3.068036047437772e-9, 1.0000000020676385, 1.000000002009668, 1.000000002035754, 0.0, 3.068036047437772e-9, 1.0000000020669657, 1.0000000020593984, 1.000000002009708, 3.068036047437772e-9, 6.146098296966329e-9, 1.0000000020741369, 1.0000000020119644, 1.0000000020399447]
[0.9999999989778267, 3.0751244883830964e-9, 0.9999999989764563, 0.0, 0.9999999989705926, 3.0910475290468753e-9, 0.0, 0.9999999989996025, 0.9999999989416319, 0.9999999989677181, 3.068036047437772e-9, 0.0, 0.9999999989989297, 0.9999999989913624, 0.9999999989416719, 0.0, 3.078062249528557e-9, 0.9999999990061008, 0.9999999989439283, 0.9999999989719086]
[1.9999999979767562, 1.0000000020740543, 1.999999997975386, 0.9999999989989297, 1.9999999979695222, 1.000000002089977, 0.9999999989989297, 1.9999999979985321, 1.9999999979405616, 1.9999999979666476, 1.0000000020669657, 0.9999999989989297, 0.0, 1.999999997990292, 1.9999999979406016, 0.9999999989989298, 1.000000002076992, 1.9999999980050305, 1.999999997942858, 1.9999999979708383]
[1.999999997969189, 1.000000002066487, 1.9999999979678187, 0.9999999989913624, 1.999999997961955, 1.0000000020824098, 0.9999999989913624, 1.9999999979909648, 1.9999999979329943, 1.9999999979590803, 1.0000000020593984, 0.9999999989913624, 1.999999997990292, 0.0, 1.9999999979330343, 0.9999999989913623, 1.0000000020694246, 1.9999999979974632, 1.9999999979352907, 1.999999997963271]
[1.9999999979194985, 1.0000000020167965, 1.9999999979181282, 0.9999999989416719, 1.9999999979122645, 1.0000000020327193, 0.9999999989416719, 1.9999999979412744, 1.9999999978833038, 1.9999999979093899, 1.000000002009708, 0.9999999989416719, 1.9999999979406016, 1.9999999979330343, 0.0, 0.9999999989416719, 1.0000000020197342, 1.9999999979477727, 1.9999999978856002, 1.9999999979135805]
[0.9999999989778267, 3.0751244883830964e-9, 0.9999999989764563, 0.0, 0.9999999989705926, 3.0910475290468753e-9, 0.0, 0.9999999989996025, 0.9999999989416319, 0.9999999989677181, 3.068036047437772e-9, 0.0, 0.9999999989989298, 0.9999999989913623, 0.9999999989416719, 0.0, 3.078062249528557e-9, 0.9999999990061008, 0.9999999989439283, 0.9999999989719086]
[1.0000000020558888, 6.153186737911653e-9, 1.0000000020545186, 3.078062249528557e-9, 1.0000000020486548, 6.169109778575432e-9, 3.078062249528557e-9, 1.0000000020776647, 1.0000000020196942, 1.0000000020457802, 6.146098296966329e-9, 3.078062249528557e-9, 1.000000002076992, 1.0000000020694246, 1.0000000020197342, 3.078062249528557e-9, 0.0, 1.000000002084163, 1.0000000020219906, 1.0000000020499709]
[1.9999999979839274, 1.0000000020812254, 1.9999999979825571, 0.9999999990061008, 1.9999999979766934, 1.0000000020971482, 0.9999999990061008, 1.9999999980057033, 1.9999999979477328, 1.9999999979738188, 1.0000000020741369, 0.9999999990061008, 1.9999999980050305, 1.9999999979974632, 1.9999999979477727, 0.9999999990061008, 1.000000002084163, 0.0, 1.9999999979500291, 1.9999999979780094]
[1.9999999979217549, 1.000000002019053, 1.9999999979203846, 0.9999999989439283, 1.9999999979145209, 1.0000000020349757, 0.9999999989439283, 1.9999999979435308, 1.9999999978855603, 1.9999999979116463, 1.0000000020119644, 0.9999999989439283, 1.999999997942858, 1.9999999979352907, 1.9999999978856002, 0.9999999989439283, 1.0000000020219906, 1.9999999979500291, 0.0, 1.999999997915837]
[1.9999999979497352, 1.0000000020470332, 1.999999997948365, 0.9999999989719086, 1.9999999979425012, 1.000000002062956, 0.9999999989719086, 1.999999997971511, 1.9999999979135406, 1.9999999979396266, 1.0000000020399447, 0.9999999989719086, 1.9999999979708383, 1.999999997963271, 1.9999999979135805, 0.9999999989719086, 1.0000000020499709, 1.9999999979780094, 1.999999997915837, 0.0]
w vector is :
 [1.0221733880364776, 0.0029979320722345326, 1.023543729582496, 0.018484300117951817, 1.0294074082001472, 5.7475049768940245e-5, 0.0, 1.0003975634123523, 1.0583680939414242, 1.032281976774385, 0.009164406205066773, 0.00790206997876245, 1.001070279380091, 1.008637690408413, 1.0583280405789686, 0.19464595226509784, 0.00611460393490848, 0.9938992826166073, 1.0560716276305357, 1.028091295786446]p matrix is :
 [0.0, 0.0, 0.0, 0.0, 0.0, 0.0, 0.0, 0.0, 0.0, 0.0, 0.0, 0.0, 0.0, 0.0, 0.0, 0.0, 0.0, 0.0, 0.0, 0.0]
[0.0, 0.0, 0.0, 0.0, 0.0, 0.0, 0.0, 0.0, 0.0, 0.0, 0.0, 0.0, 0.0, 0.0, 0.0, 0.0, 0.0, 0.0, 0.0, 0.0]
[0.0, 0.0, 0.0, 0.0, 0.0, 0.0, 0.0, 0.0, 0.0, 0.0, 0.0, 0.0, 0.0, 0.0, 0.0, 0.0, 0.0, 0.0, 0.0, 0.0]
[0.0, 0.0, 0.0, 0.0, 0.0, 0.0, 0.0, 0.0, 0.0, 0.0, 0.0, 0.0, 0.0, 0.0, 0.0, 0.0, 0.0, 0.0, 0.0, 0.0]
[0.0, 0.0, 0.0, 0.0, 0.0, 0.0, 0.0, 0.0, 0.0, 0.0, 0.0, 0.0, 0.0, 0.0, 0.0, 0.0, 0.0, 0.0, 0.0, 0.0]
[0.0, 0.0, 0.0, 0.0, 0.0, 0.0, 0.0, 0.0, 0.0, 0.0, 0.0, 0.0, 0.0, 0.0, 0.0, 0.0, 0.0, 0.0, 0.0, 0.0]
[0.0, 0.0, 0.0, 0.0, 0.0, 0.0, 0.0, 0.0, 0.0, 0.0, 0.0, 0.0, 0.0, 0.0, 0.0, 0.0, 0.0, 0.0, 0.0, 0.0]
[0.0, 0.0, 0.0, 0.0, 0.0, 0.0, 0.0, 0.0, 0.0, 0.0, 0.0, 0.0, 0.0, 0.0, 0.0, 0.0, 0.0, 0.0, 0.0, 0.0]
[0.0, 0.0, 0.0, 0.0, 0.0, 0.0, 0.0, 0.0, 0.0, 0.0, 0.0, 0.0, 0.0, 0.0, 0.0, 0.0, 0.0, 0.0, 0.0, 0.0]
[0.0, 0.0, 0.0, 0.0, 0.0, 0.0, 0.0, 0.0, 0.0, 0.0, 0.0, 0.0, 0.0, 0.0, 0.0, 0.0, 0.0, 0.0, 0.0, 0.0]
[0.0, 0.0, 0.0, 0.0, 0.0, 0.0, 0.0, 0.0, 0.0, 0.0, 0.0, 0.0, 0.0, 0.0, 0.0, 0.0, 0.0, 0.0, 0.0, 0.0]
[0.0, 0.0, 0.0, 0.0, 0.0, 0.0, 0.0, 0.0, 0.0, 0.0, 0.0, 0.0, 0.0, 0.0, 0.0, 0.0, 0.0, 0.0, 0.0, 0.0]
[0.0, 0.0, 0.0, 0.0, 0.0, 0.0, 0.0, 0.0, 0.0, 0.0, 0.0, 0.0, 0.0, 0.0, 0.0, 0.0, 0.0, 0.0, 0.0, 0.0]
[0.0, 0.0, 0.0, 0.0, 0.0, 0.0, 0.0, 0.0, 0.0, 0.0, 0.0, 0.0, 0.0, 0.0, 0.0, 0.0, 0.0, 0.0, 0.0, 0.0]
[0.0, 0.0, 0.0, 0.0, 0.0, 0.0, 0.0, 0.0, 0.0, 0.0, 0.0, 0.0, 0.0, 0.0, 0.0, 0.0, 0.0, 0.0, 0.0, 0.0]
[0.0, 0.0, 0.0, 0.0, 0.0, 0.0, 0.0, 0.0, 0.0, 0.0, 0.0, 0.0, 0.0, 0.0, 0.0, 0.0, 0.0, 0.0, 0.0, 0.0]
[0.0, 0.0, 0.0, 0.0, 0.0, 0.0, 0.0, 0.0, 0.0, 0.0, 0.0, 0.0, 0.0, 0.0, 0.0, 0.0, 0.0, 0.0, 0.0, 0.0]
[0.0, 0.0, 0.0, 0.0, 0.0, 0.0, 0.0, 0.0, 0.0, 0.0, 0.0, 0.0, 0.0, 0.0, 0.0, 0.0, 0.0, 0.0, 0.0, 0.0]
[0.0, 0.0, 0.0, 0.0, 0.0, 0.0, 0.0, 0.0, 0.0, 0.0, 0.0, 0.0, 0.0, 0.0, 0.0, 0.0, 0.0, 0.0, 0.0, 0.0]
[0.0, 0.0, 0.0, 0.0, 0.0, 0.0, 0.0, 0.0, 0.0, 0.0, 0.0, 0.0, 0.0, 0.0, 0.0, 0.0, 0.0, 0.0, 0.0, 0.0]
