Academic license - for non-commercial use only
Academic license - for non-commercial use only
Optimize a model with 1965 rows, 860 columns and 5100 nonzeros
Variable types: 840 continuous, 20 integer (20 binary)
Coefficient statistics:
  Matrix range     [1e+00, 1e+09]
  Objective range  [1e+00, 1e+00]
  Bounds range     [0e+00, 0e+00]
  RHS range        [2e-03, 2e+00]
Warning: Model contains large matrix coefficients
         Consider reformulating model or setting NumericFocus parameter
         to avoid numerical issues.
Found heuristic solution: objective -0.0000000
Presolve removed 1370 rows and 630 columns
Presolve time: 0.02s
Presolved: 595 rows, 230 columns, 1770 nonzeros
Variable types: 210 continuous, 20 integer (20 binary)

Root relaxation: objective 1.045258e+01, 43 iterations, 0.00 seconds

    Nodes    |    Current Node    |     Objective Bounds      |     Work
 Expl Unexpl |  Obj  Depth IntInf | Incumbent    BestBd   Gap | It/Node Time

*    0     0               0      10.4525850   10.45258  0.00%     -    0s

Explored 0 nodes (53 simplex iterations) in 0.03 seconds
Thread count was 24 (of 24 available processors)

Solution count 2: 10.4526 -0 

Optimal solution found (tolerance 1.00e-04)
Best objective 1.045258495516e+01, best bound 1.045258495516e+01, gap 0.0000%
num_cluster is 5
card is 4
visit_m is 2
limits_ is [1, 1]
dim is 2
sum dis 55.65348543481494

dis_mat matrix is :
 [Inf, 0.09220137661329007, 0.18571078653442052, 0.1860770035832278, 0.3169156937042411, 0.30642526191885006, 0.28591667873825494, 0.11283096743687027, 0.15381268749952998, 0.18614805390358982, 0.19295558227420082, 0.2679289785908046, 0.24248460219747212, 0.17259006881402605, 0.10300976053493822, 0.18621967933995964, 0.2718655453837164, 0.23065728144658554, 0.052575135628645436, 0.1762259892411624]
[0.09220137661329007, Inf, 0.172730186194914, 0.10864164162651546, 0.22543709647308363, 0.22514151430561377, 0.2949152924967147, 0.051058582006360646, 0.10584048792300257, 0.10806467402519931, 0.15818422797021695, 0.18319528649135752, 0.22410665184110498, 0.11720617747202298, 0.043556508264901844, 0.14287994546871202, 0.1986497935587362, 0.205241819777452, 0.12016548491078684, 0.09067685098051168]
[0.18571078653442052, 0.172730186194914, Inf, 0.13720888087801805, 0.2801981756427721, 0.214499631494007, 0.12587102271863831, 0.12474979510311526, 0.07993942390029886, 0.13897338105861928, 0.0434911400582826, 0.20067997940659577, 0.05677609712487602, 0.08729008399800779, 0.129805468955705, 0.06117884029576175, 0.16457639182128417, 0.048199602021607155, 0.1505754393551295, 0.15901205169057192]
[0.1860770035832278, 0.10864164162651546, 0.13720888087801805, Inf, 0.15140150529316906, 0.12035559734444279, 0.25880482685661244, 0.07349157184100266, 0.06265268219581187, 0.0018751836275929827, 0.09930197248209485, 0.0842642883183547, 0.16706880817364633, 0.04994335364523639, 0.08309613903137972, 0.07861075027989524, 0.09001830851347388, 0.1436750341506929, 0.18891481009383934, 0.02926737892669278]
[0.3169156937042411, 0.22543709647308363, 0.2801981756427721, 0.15140150529316906, Inf, 0.09661896430664903, 0.3897848998200649, 0.2148156424269047, 0.2133965966349402, 0.1501455336102943, 0.23748118169388732, 0.08180914644543417, 0.2930852714606875, 0.19740841712635462, 0.2220281631385571, 0.2190700729642456, 0.13481138751431482, 0.2702541553133415, 0.3327649268274103, 0.1458364018455963]
[0.30642526191885006, 0.22514151430561377, 0.214499631494007, 0.12035559734444279, 0.09661896430664903, Inf, 0.3084981475263949, 0.19379136628779695, 0.16794738053659647, 0.12028201436786538, 0.1713760323487793, 0.045415194748508525, 0.2130346201995757, 0.1479122679028184, 0.20345100662970986, 0.15776439751748383, 0.05033624965135742, 0.1922312209921675, 0.3066591066882012, 0.13458477026149168]
[0.28591667873825494, 0.2949152924967147, 0.12587102271863831, 0.25880482685661244, 0.3897848998200649, 0.3084981475263949, Inf, 0.2493745766561094, 0.20546913768023087, 0.2606516445063815, 0.15951104700306418, 0.3079837124673803, 0.09671821361408928, 0.2100650795688247, 0.25336478012731223, 0.1801947025478331, 0.25953903041278364, 0.11964413162621267, 0.23826841048191835, 0.28304126540123087]
[0.11283096743687027, 0.051058582006360646, 0.12474979510311526, 0.07349157184100266, 0.2148156424269047, 0.19379136628779695, 0.2493745766561094, Inf, 0.05482879133449726, 0.0736958737976114, 0.10720445688478882, 0.1567619992799619, 0.17401460974030047, 0.06765075408138456, 0.010201639364900974, 0.09191002132378659, 0.15964855703828013, 0.15455754772896843, 0.11821810948195573, 0.06901560048155647]
[0.15381268749952998, 0.10584048792300257, 0.07993942390029886, 0.06265268219581187, 0.2133965966349402, 0.16794738053659647, 0.20546913768023087, 0.05482879133449726, Inf, 0.0641444649106241, 0.053272801980543495, 0.14072658883621944, 0.12228656733877076, 0.020445798801623026, 0.06343709340157169, 0.03709444399823103, 0.12474807913513468, 0.10139630013211764, 0.14155556497371008, 0.08005452418541555]
[0.18614805390358982, 0.10806467402519931, 0.13897338105861928, 0.0018751836275929827, 0.1501455336102943, 0.12028201436786538, 0.2606516445063815, 0.0736958737976114, 0.0641444649106241, Inf, 0.10115224783936594, 0.08369041261284046, 0.16894330132460514, 0.05169436734663313, 0.08321558480223094, 0.08045695382830732, 0.09066316975425401, 0.1455501871336396, 0.18950201481683504, 0.027592049441245495]
[0.19295558227420082, 0.15818422797021695, 0.0434911400582826, 0.09930197248209485, 0.23748118169388732, 0.1713760323487793, 0.15951104700306418, 0.10720445688478882, 0.053272801980543495, 0.10115224783936594, Inf, 0.1574269785986321, 0.07003639504754675, 0.05147712662257987, 0.11493356994674829, 0.020725138180293996, 0.12175125387396206, 0.04825608904274493, 0.1681495835903399, 0.12434524648222882]
[0.2679289785908046, 0.18319528649135752, 0.20067997940659577, 0.0842642883183547, 0.08180914644543417, 0.045415194748508525, 0.3079837124673803, 0.1567619992799619, 0.14072658883621944, 0.08369041261284046, 0.1574269785986321, Inf, 0.21127874094496574, 0.12239293593198997, 0.16584725786478063, 0.14010262844354512, 0.05697730166945437, 0.1884924628658802, 0.27317730498076387, 0.09270781422864767]
[0.24248460219747212, 0.22410665184110498, 0.05677609712487602, 0.16706880817364633, 0.2930852714606875, 0.2130346201995757, 0.09671821361408928, 0.17401460974030047, 0.12228656733877076, 0.16894330132460514, 0.07003639504754675, 0.21127874094496574, Inf, 0.12125813614098553, 0.1805666375155904, 0.09012778337215287, 0.16347753084881173, 0.023630508082596653, 0.2061199976722607, 0.1935179525972189]
[0.17259006881402605, 0.11720617747202298, 0.08729008399800779, 0.04994335364523639, 0.19740841712635462, 0.1479122679028184, 0.2100650795688247, 0.06765075408138456, 0.020445798801623026, 0.05169436734663313, 0.05147712662257987, 0.12239293593198997, 0.12125813614098553, Inf, 0.0773059444980913, 0.031142872883513115, 0.10430338516207659, 0.09869441109678968, 0.16193823443956423, 0.07305465130999209]
[0.10300976053493822, 0.043556508264901844, 0.129805468955705, 0.08309613903137972, 0.2220281631385571, 0.20345100662970986, 0.25336478012731223, 0.010201639364900974, 0.06343709340157169, 0.08321558480223094, 0.11493356994674829, 0.16584725786478063, 0.1805666375155904, 0.0773059444980913, Inf, 0.10049176381715552, 0.16977521247172425, 0.16173328719648505, 0.11074025358997826, 0.07663404310050717]
[0.18621967933995964, 0.14287994546871202, 0.06117884029576175, 0.07861075027989524, 0.2190700729642456, 0.15776439751748383, 0.1801947025478331, 0.09191002132378659, 0.03709444399823103, 0.08045695382830732, 0.020725138180293996, 0.14010262844354512, 0.09012778337215287, 0.031142872883513115, 0.10049176381715552, Inf, 0.10947005635598898, 0.06758744299401165, 0.16685391900146723, 0.10371094017911475]
[0.2718655453837164, 0.1986497935587362, 0.16457639182128417, 0.09001830851347388, 0.13481138751431482, 0.05033624965135742, 0.25953903041278364, 0.15964855703828013, 0.12474807913513468, 0.09066316975425401, 0.12175125387396206, 0.05697730166945437, 0.16347753084881173, 0.10430338516207659, 0.16977521247172425, 0.10947005635598898, Inf, 0.14222652656568158, 0.2660132916416002, 0.11274944828902722]
[0.23065728144658554, 0.205241819777452, 0.048199602021607155, 0.1436750341506929, 0.2702541553133415, 0.1922312209921675, 0.11964413162621267, 0.15455754772896843, 0.10139630013211764, 0.1455501871336396, 0.04825608904274493, 0.1884924628658802, 0.023630508082596653, 0.09869441109678968, 0.16173328719648505, 0.06758744299401165, 0.14222652656568158, Inf, 0.19818803574166852, 0.17042855578971255]
[0.052575135628645436, 0.12016548491078684, 0.1505754393551295, 0.18891481009383934, 0.3327649268274103, 0.3066591066882012, 0.23826841048191835, 0.11821810948195573, 0.14155556497371008, 0.18950201481683504, 0.1681495835903399, 0.27317730498076387, 0.2061199976722607, 0.16193823443956423, 0.11074025358997826, 0.16685391900146723, 0.2660132916416002, 0.19818803574166852, Inf, 0.1871623492576935]
[0.1762259892411624, 0.09067685098051168, 0.15901205169057192, 0.02926737892669278, 0.1458364018455963, 0.13458477026149168, 0.28304126540123087, 0.06901560048155647, 0.08005452418541555, 0.027592049441245495, 0.12434524648222882, 0.09270781422864767, 0.1935179525972189, 0.07305465130999209, 0.07663404310050717, 0.10371094017911475, 0.11274944828902722, 0.17042855578971255, 0.1871623492576935, Inf]
data points matrix is :
 [0.5377253840834358, 0.325988806966505]
[0.4609377007013541, 0.3770255146404814]
[0.5732298413126103, 0.5082741046514659]
[0.43831556867123006, 0.48328578679200496]
[0.2937445100554625, 0.5282482691050823]
[0.3725814366157636, 0.5841049005306812]
[0.6808964607122339, 0.5734769682948104]
[0.48144856932895375, 0.42378322057909223]
[0.5004463137268877, 0.475215526253567]
[0.43669835315127103, 0.4823366147321568]
[0.5310387989981983, 0.5188284976701404]
[0.3748770993886628, 0.538747763865344]
[0.5846546789614389, 0.5638888355186675]
[0.4876358054752524, 0.49115044285112824]
[0.4840784617114444, 0.413926389861868]
[0.5120891903634124, 0.5104354240269077]
[0.4213635580242323, 0.5716935081892395]
[0.5626417186419451, 0.5552963684565217]
[0.579560401279799, 0.35783180027037736]
[0.4220624078307509, 0.4589462257455905]




 AdNNnew 
obj val AdNNnew 10.452584955158898
x vector is :
 [9.74616370196423e-10, 1.0422067194109741e-9, 1.0, 1.0, 1.0, 0.999999998377959, 1.0963659124824865e-9, 1.0088518505443281e-9, 0.9999999984710447, 1.0, 9.968293731434045e-10, 1.0153026824283443e-9, 1.0, 0.9999999984579313, 1.0013497768103712e-9, 1.0238957530161646e-9, 1.0, 0.999999998377726, 1.0779587533796473e-9, 1.0274921163426805e-9]y vector is :
 [0.9746163751964229, 1.042206724410974, 0.024921388974247116, 0.0017752585733432635, 0.06650645800178734, 0.030112508410079508, 1.0963659174824865, 1.008851855544328, 0.013198686970302576, 9.992707107309151e-5, 0.9968293781434043, 1.0153026874283442, 0.0003522950352367049, 0.007247115868698417, 1.0013497818103712, 1.0238957580161645, 0.020223743346495793, 0.023278215152810842, 1.0779587583796473, 1.0274921213426804]z matrix is :
 [0.0, 1.9999999979831768, 0.9999999990253836, 1.0000000010422068, 0.9999999990253836, 1.0000000011306014, 1.9999999979290177, 1.9999999980165317, 1.0000000010375159, 0.9999999990253836, 1.9999999980285543, 1.9999999980100809, 0.9999999990253836, 1.0000000010506291, 1.9999999980240337, 1.9999999980014878, 0.9999999990253836, 1.0000000011308345, 1.9999999979474248, 1.9999999979978915]
[1.9999999979831768, 0.0, 0.9999999989577932, 1.0000000009746164, 0.9999999989577932, 1.000000001063011, 1.9999999978614273, 1.9999999979489413, 1.0000000009699255, 0.9999999989577932, 1.999999997960964, 1.9999999979424905, 0.9999999989577932, 1.0000000009830388, 1.9999999979564433, 1.9999999979338974, 0.9999999989577932, 1.0000000010632442, 1.9999999978798344, 1.9999999979303011]
[0.9999999990253836, 0.9999999989577932, 0.0, 2.016823152928282e-9, 0.0, 2.1052177778813075e-9, 0.9999999989036341, 0.9999999989911481, 2.012132238604636e-9, 0.0, 0.9999999990031707, 0.9999999989846973, 0.0, 2.0252455268376934e-9, 0.9999999989986501, 0.9999999989761041, 0.0, 2.1054509247164788e-9, 0.9999999989220412, 0.9999999989725079]
[1.0000000010422068, 1.0000000009746164, 2.016823152928282e-9, 0.0, 2.016823152928282e-9, 4.1220409308095896e-9, 1.0000000009204573, 1.0000000010079713, 4.028955391532918e-9, 2.016823152928282e-9, 1.0000000010199939, 1.0000000010015204, 2.016823152928282e-9, 4.0420686797659755e-9, 1.0000000010154733, 1.0000000009929273, 2.016823152928282e-9, 4.122274077644761e-9, 1.0000000009388643, 1.000000000989331]
[0.9999999990253836, 0.9999999989577932, 0.0, 2.016823152928282e-9, 0.0, 2.1052177778813075e-9, 0.9999999989036341, 0.9999999989911481, 2.012132238604636e-9, 0.0, 0.9999999990031707, 0.9999999989846973, 0.0, 2.0252455268376934e-9, 0.9999999989986501, 0.9999999989761041, 0.0, 2.1054509247164788e-9, 0.9999999989220412, 0.9999999989725079]
[1.0000000011306014, 1.000000001063011, 2.1052177778813075e-9, 4.1220409308095896e-9, 2.1052177778813075e-9, 0.0, 1.000000001008852, 1.0000000010963659, 4.117350016485943e-9, 2.1052177778813075e-9, 1.0000000011083885, 1.000000001089915, 2.1052177778813075e-9, 4.130463304719001e-9, 1.0000000011038679, 1.000000001081322, 2.1052177778813075e-9, 4.210668702597786e-9, 1.000000001027259, 1.0000000010777257]
[1.9999999979290177, 1.9999999978614273, 0.9999999989036341, 1.0000000009204573, 0.9999999989036341, 1.000000001008852, 0.0, 1.9999999978947822, 1.0000000009157664, 0.9999999989036341, 1.9999999979068048, 1.9999999978883314, 0.9999999989036341, 1.0000000009288796, 1.9999999979022842, 1.9999999978797383, 0.9999999989036341, 1.000000001009085, 1.9999999978256753, 1.999999997876142]
[1.9999999980165317, 1.9999999979489413, 0.9999999989911481, 1.0000000010079713, 0.9999999989911481, 1.0000000010963659, 1.9999999978947822, 0.0, 1.0000000010032803, 0.9999999989911481, 1.9999999979943188, 1.9999999979758454, 0.9999999989911481, 1.0000000010163936, 1.9999999979897982, 1.9999999979672523, 0.9999999989911481, 1.000000001096599, 1.9999999979131893, 1.999999997963656]
[1.0000000010375159, 1.0000000009699255, 2.012132238604636e-9, 4.028955391532918e-9, 2.012132238604636e-9, 4.117350016485943e-9, 1.0000000009157664, 1.0000000010032803, 0.0, 2.0121321275823334e-9, 1.000000001015303, 1.0000000009968293, 2.0121321275823334e-9, 4.037377654420027e-9, 1.0000000010107821, 1.0000000009882362, 2.0121321275823334e-9, 4.117583052298812e-9, 1.0000000009341732, 1.00000000098464]
[0.9999999990253836, 0.9999999989577932, 0.0, 2.016823152928282e-9, 0.0, 2.1052177778813075e-9, 0.9999999989036341, 0.9999999989911481, 2.0121321275823334e-9, 0.0, 0.9999999990031707, 0.9999999989846973, 0.0, 2.0252455268376934e-9, 0.9999999989986501, 0.9999999989761041, 0.0, 2.1054509247164788e-9, 0.9999999989220412, 0.9999999989725079]
[1.9999999980285543, 1.999999997960964, 0.9999999990031707, 1.0000000010199939, 0.9999999990031707, 1.0000000011083885, 1.9999999979068048, 1.9999999979943188, 1.000000001015303, 0.9999999990031707, 0.0, 1.999999997987868, 0.9999999990031706, 1.0000000010284162, 1.9999999980018208, 1.9999999979792749, 0.9999999990031706, 1.0000000011086216, 1.9999999979252119, 1.9999999979756786]
[1.9999999980100809, 1.9999999979424905, 0.9999999989846973, 1.0000000010015204, 0.9999999989846973, 1.000000001089915, 1.9999999978883314, 1.9999999979758454, 1.0000000009968293, 0.9999999989846973, 1.999999997987868, 0.0, 0.9999999989846973, 1.0000000010099428, 1.9999999979833474, 1.9999999979608014, 0.9999999989846973, 1.0000000010901482, 1.9999999979067384, 1.9999999979572052]
[0.9999999990253836, 0.9999999989577932, 0.0, 2.016823152928282e-9, 0.0, 2.1052177778813075e-9, 0.9999999989036341, 0.9999999989911481, 2.0121321275823334e-9, 0.0, 0.9999999990031706, 0.9999999989846973, 0.0, 2.0252455268376934e-9, 0.9999999989986501, 0.9999999989761041, 0.0, 2.1054509247164788e-9, 0.9999999989220412, 0.9999999989725079]
[1.0000000010506291, 1.0000000009830388, 2.0252455268376934e-9, 4.0420686797659755e-9, 2.0252455268376934e-9, 4.130463304719001e-9, 1.0000000009288796, 1.0000000010163936, 4.037377654420027e-9, 2.0252455268376934e-9, 1.0000000010284162, 1.0000000010099428, 2.0252455268376934e-9, 0.0, 1.0000000010238956, 1.0000000010013497, 2.0252455268376934e-9, 4.130696451554172e-9, 1.0000000009472867, 1.0000000009977534]
[1.9999999980240337, 1.9999999979564433, 0.9999999989986501, 1.0000000010154733, 0.9999999989986501, 1.0000000011038679, 1.9999999979022842, 1.9999999979897982, 1.0000000010107821, 0.9999999989986501, 1.9999999980018208, 1.9999999979833474, 0.9999999989986501, 1.0000000010238956, 0.0, 1.9999999979747543, 0.9999999989986502, 1.000000001104101, 1.9999999979206913, 1.999999997971158]
[1.9999999980014878, 1.9999999979338974, 0.9999999989761041, 1.0000000009929273, 0.9999999989761041, 1.000000001081322, 1.9999999978797383, 1.9999999979672523, 1.0000000009882362, 0.9999999989761041, 1.9999999979792749, 1.9999999979608014, 0.9999999989761041, 1.0000000010013497, 1.9999999979747543, 0.0, 0.9999999989761043, 1.000000001081555, 1.9999999978981453, 1.999999997948612]
[0.9999999990253836, 0.9999999989577932, 0.0, 2.016823152928282e-9, 0.0, 2.1052177778813075e-9, 0.9999999989036341, 0.9999999989911481, 2.0121321275823334e-9, 0.0, 0.9999999990031706, 0.9999999989846973, 0.0, 2.0252455268376934e-9, 0.9999999989986502, 0.9999999989761043, 0.0, 2.1054509247164788e-9, 0.9999999989220412, 0.9999999989725079]
[1.0000000011308345, 1.0000000010632442, 2.1054509247164788e-9, 4.122274077644761e-9, 2.1054509247164788e-9, 4.210668702597786e-9, 1.000000001009085, 1.000000001096599, 4.117583052298812e-9, 2.1054509247164788e-9, 1.0000000011086216, 1.0000000010901482, 2.1054509247164788e-9, 4.130696451554172e-9, 1.000000001104101, 1.000000001081555, 2.1054509247164788e-9, 0.0, 1.0000000010274919, 1.0000000010779586]
[1.9999999979474248, 1.9999999978798344, 0.9999999989220412, 1.0000000009388643, 0.9999999989220412, 1.000000001027259, 1.9999999978256753, 1.9999999979131893, 1.0000000009341732, 0.9999999989220412, 1.9999999979252119, 1.9999999979067384, 0.9999999989220412, 1.0000000009472867, 1.9999999979206913, 1.9999999978981453, 0.9999999989220412, 1.0000000010274919, 0.0, 1.999999997894549]
[1.9999999979978915, 1.9999999979303011, 0.9999999989725079, 1.000000000989331, 0.9999999989725079, 1.0000000010777257, 1.999999997876142, 1.999999997963656, 1.00000000098464, 0.9999999989725079, 1.9999999979756786, 1.9999999979572052, 0.9999999989725079, 1.0000000009977534, 1.999999997971158, 1.999999997948612, 0.9999999989725079, 1.0000000010779586, 1.999999997894549, 0.0]
w vector is :
 [0.9746163751964229, 1.042206724410974, 0.024921388974247116, 0.0017752585733432635, 0.06650645800178734, 0.030112508410079508, 1.0963659174824865, 1.008851855544328, 0.013198686970302576, 9.992707107309151e-5, 0.9968293781434043, 1.0153026874283442, 0.0003522950352367049, 0.007247115868698417, 1.0013497818103712, 1.0238957580161645, 0.020223743346495793, 0.023278215152810842, 1.0779587583796473, 1.0274921213426804]p matrix is :
 [0.0, 0.0, 0.0, 0.0, 0.0, 0.0, 0.0, 0.0, 0.0, 0.0, 0.0, 0.0, 0.0, 0.0, 0.0, 0.0, 0.0, 0.0, 0.0, 0.0]
[0.0, 0.0, 0.0, 0.0, 0.0, 0.0, 0.0, 0.0, 0.0, 0.0, 0.0, 0.0, 0.0, 0.0, 0.0, 0.0, 0.0, 0.0, 0.0, 0.0]
[0.0, 0.0, 0.0, 0.0, 0.0, 0.0, 0.0, 0.0, 0.0, 0.0, 0.0, 0.0, 0.0, 0.0, 0.0, 0.0, 0.0, 0.0, 0.0, 0.0]
[0.0, 0.0, 0.0, 0.0, 0.0, 0.0, 0.0, 0.0, 0.0, 0.0, 0.0, 0.0, 0.0, 0.0, 0.0, 0.0, 0.0, 0.0, 0.0, 0.0]
[0.0, 0.0, 0.0, 0.0, 0.0, 0.0, 0.0, 0.0, 0.0, 0.0, 0.0, 0.0, 0.0, 0.0, 0.0, 0.0, 0.0, 0.0, 0.0, 0.0]
[0.0, 0.0, 0.0, 0.0, 0.0, 0.0, 0.0, 0.0, 0.0, 0.0, 0.0, 0.0, 0.0, 0.0, 0.0, 0.0, 0.0, 0.0, 0.0, 0.0]
[0.0, 0.0, 0.0, 0.0, 0.0, 0.0, 0.0, 0.0, 0.0, 0.0, 0.0, 0.0, 0.0, 0.0, 0.0, 0.0, 0.0, 0.0, 0.0, 0.0]
[0.0, 0.0, 0.0, 0.0, 0.0, 0.0, 0.0, 0.0, 0.0, 0.0, 0.0, 0.0, 0.0, 0.0, 0.0, 0.0, 0.0, 0.0, 0.0, 0.0]
[0.0, 0.0, 0.0, 0.0, 0.0, 0.0, 0.0, 0.0, 0.0, 0.0, 0.0, 0.0, 0.0, 0.0, 0.0, 0.0, 0.0, 0.0, 0.0, 0.0]
[0.0, 0.0, 0.0, 0.0, 0.0, 0.0, 0.0, 0.0, 0.0, 0.0, 0.0, 0.0, 0.0, 0.0, 0.0, 0.0, 0.0, 0.0, 0.0, 0.0]
[0.0, 0.0, 0.0, 0.0, 0.0, 0.0, 0.0, 0.0, 0.0, 0.0, 0.0, 0.0, 0.0, 0.0, 0.0, 0.0, 0.0, 0.0, 0.0, 0.0]
[0.0, 0.0, 0.0, 0.0, 0.0, 0.0, 0.0, 0.0, 0.0, 0.0, 0.0, 0.0, 0.0, 0.0, 0.0, 0.0, 0.0, 0.0, 0.0, 0.0]
[0.0, 0.0, 0.0, 0.0, 0.0, 0.0, 0.0, 0.0, 0.0, 0.0, 0.0, 0.0, 0.0, 0.0, 0.0, 0.0, 0.0, 0.0, 0.0, 0.0]
[0.0, 0.0, 0.0, 0.0, 0.0, 0.0, 0.0, 0.0, 0.0, 0.0, 0.0, 0.0, 0.0, 0.0, 0.0, 0.0, 0.0, 0.0, 0.0, 0.0]
[0.0, 0.0, 0.0, 0.0, 0.0, 0.0, 0.0, 0.0, 0.0, 0.0, 0.0, 0.0, 0.0, 0.0, 0.0, 0.0, 0.0, 0.0, 0.0, 0.0]
[0.0, 0.0, 0.0, 0.0, 0.0, 0.0, 0.0, 0.0, 0.0, 0.0, 0.0, 0.0, 0.0, 0.0, 0.0, 0.0, 0.0, 0.0, 0.0, 0.0]
[0.0, 0.0, 0.0, 0.0, 0.0, 0.0, 0.0, 0.0, 0.0, 0.0, 0.0, 0.0, 0.0, 0.0, 0.0, 0.0, 0.0, 0.0, 0.0, 0.0]
[0.0, 0.0, 0.0, 0.0, 0.0, 0.0, 0.0, 0.0, 0.0, 0.0, 0.0, 0.0, 0.0, 0.0, 0.0, 0.0, 0.0, 0.0, 0.0, 0.0]
[0.0, 0.0, 0.0, 0.0, 0.0, 0.0, 0.0, 0.0, 0.0, 0.0, 0.0, 0.0, 0.0, 0.0, 0.0, 0.0, 0.0, 0.0, 0.0, 0.0]
[0.0, 0.0, 0.0, 0.0, 0.0, 0.0, 0.0, 0.0, 0.0, 0.0, 0.0, 0.0, 0.0, 0.0, 0.0, 0.0, 0.0, 0.0, 0.0, 0.0]
