Academic license - for non-commercial use only
Academic license - for non-commercial use only
Optimize a model with 1965 rows, 860 columns and 5100 nonzeros
Variable types: 840 continuous, 20 integer (20 binary)
Coefficient statistics:
  Matrix range     [1e+00, 1e+09]
  Objective range  [1e+00, 1e+00]
  Bounds range     [0e+00, 0e+00]
  RHS range        [2e-02, 2e+00]
Warning: Model contains large matrix coefficients
         Consider reformulating model or setting NumericFocus parameter
         to avoid numerical issues.
Found heuristic solution: objective -0.0000000
Presolve removed 1370 rows and 630 columns
Presolve time: 0.03s
Presolved: 595 rows, 230 columns, 1770 nonzeros
Variable types: 210 continuous, 20 integer (20 binary)

Root relaxation: objective 1.061784e+01, 42 iterations, 0.02 seconds

    Nodes    |    Current Node    |     Objective Bounds      |     Work
 Expl Unexpl |  Obj  Depth IntInf | Incumbent    BestBd   Gap | It/Node Time

*    0     0               0      10.6178440   10.61784  0.00%     -    0s

Explored 0 nodes (52 simplex iterations) in 0.08 seconds
Thread count was 24 (of 24 available processors)

Solution count 2: 10.6178 -0 

Optimal solution found (tolerance 1.00e-04)
Best objective 1.061784403592e+01, best bound 1.061784403592e+01, gap 0.0000%
num_cluster is 5
card is 4
visit_m is 2
limits_ is [1, 1]
dim is 2
sum dis 77.34696938751793

dis_mat matrix is :
 [Inf, 0.0899265283822904, 0.1374961206589626, 0.17907772732364557, 0.09343186690503054, 0.14639109174930126, 0.1296765406282861, 0.27643660630819156, 0.13596003646105545, 0.11312230112478915, 0.18905671020880074, 0.2441661874526083, 0.2929972573642034, 0.0656780668045235, 0.28136654786678134, 0.29659789715418755, 0.12963954510301284, 0.11676688347514048, 0.08092139323797576, 0.2676619510548516]
[0.0899265283822904, Inf, 0.05884420087017191, 0.14436420907784786, 0.07404050169777121, 0.07273609399232808, 0.14863253729783027, 0.21755227594604268, 0.2228066013711496, 0.12661932299111017, 0.13870086556523137, 0.15717176123975873, 0.2060936743115372, 0.033015871427454865, 0.21280232982368455, 0.20734498588545477, 0.1803683294427151, 0.14470161865754425, 0.16949293430194484, 0.2089284837031396]
[0.1374961206589626, 0.05884420087017191, Inf, 0.18708504266709722, 0.07286231797675206, 0.015505763142556457, 0.20621378688924186, 0.16033806607544612, 0.273434744936325, 0.18422928229378524, 0.08845528671401735, 0.10850483112411406, 0.15668171581256077, 0.07184363961510483, 0.15399203684636534, 0.17955263585550238, 0.19094938053644547, 0.20316093310799763, 0.21832470210832478, 0.23033744832835926]
[0.17907772732364557, 0.14436420907784786, 0.18708504266709722, Inf, 0.21687000802119932, 0.20247523566229103, 0.09291062544274861, 0.34161490379271825, 0.25532529950878535, 0.08709609599274361, 0.2754365577994511, 0.2335169887772008, 0.2730388927490741, 0.16824133007230355, 0.32584175667309606, 0.21905989138093232, 0.3051280287049638, 0.10642153261147552, 0.2228335230908717, 0.09918383509616115]
[0.09343186690503054, 0.07404050169777121, 0.07286231797675206, 0.21687000802119932, Inf, 0.07262410954085403, 0.20330967074210973, 0.18377055011178012, 0.22270780042198354, 0.18243505001622662, 0.09605291864037868, 0.17714019173071757, 0.22317751323250434, 0.05003425080013737, 0.19182627920742384, 0.25237036522774486, 0.11828883550549452, 0.19471283351483684, 0.1671582299561863, 0.2820209365685355]
[0.14639109174930126, 0.07273609399232808, 0.015505763142556457, 0.20247523566229103, 0.07262410954085403, Inf, 0.2208924002572337, 0.1453243081222997, 0.2822044090457536, 0.19888482464677876, 0.073272778236197, 0.10467735092898942, 0.15152850406517016, 0.0814262614794094, 0.14038868776331165, 0.18271855209612275, 0.1887814539628459, 0.21741540784302615, 0.22672718097324832, 0.24361039336743545]
[0.1296765406282861, 0.14863253729783027, 0.20621378688924186, 0.09291062544274861, 0.20330967074210973, 0.2208924002572337, Inf, 0.36610268484788394, 0.1664633506890675, 0.022017267264438083, 0.2861815840766121, 0.28585257721028223, 0.3316130242157181, 0.15505223975753657, 0.35939283049026094, 0.2962510105280306, 0.25784699887312224, 0.016501199441347297, 0.14356434047546904, 0.1912168090968339]
[0.27643660630819156, 0.21755227594604268, 0.16033806607544612, 0.34161490379271825, 0.18377055011178012, 0.1453243081222997, 0.36610268484788394, Inf, 0.40555254214874775, 0.34408615131271014, 0.087770045987759, 0.1378855747817601, 0.14427867796387306, 0.2185844244605096, 0.037482651740296004, 0.23138010469700138, 0.2565490033143472, 0.3620634787773587, 0.3503953392452387, 0.3608174219574764]
[0.13596003646105545, 0.2228066013711496, 0.273434744936325, 0.25532529950878535, 0.22270780042198354, 0.2822044090457536, 0.1664633506890675, 0.40555254214874775, Inf, 0.16822925198425132, 0.31791879065481016, 0.37934808295320427, 0.4282809690463542, 0.20159285912731106, 0.41435077673868753, 0.4235810620789192, 0.18823417427962255, 0.1507335294273577, 0.055762322300803045, 0.35443318189243156]
[0.11312230112478915, 0.12661932299111017, 0.18422928229378524, 0.08709609599274361, 0.18243505001622662, 0.19888482464677876, 0.022017267264438083, 0.34408615131271014, 0.16822925198425132, Inf, 0.2642937243205105, 0.2653291264778795, 0.31156992968703984, 0.13371747634343245, 0.3375163207268721, 0.2796352392658198, 0.2425002811383958, 0.023627381140206332, 0.13831670660694423, 0.18623243692127633]
[0.18905671020880074, 0.13870086556523137, 0.08845528671401735, 0.2754365577994511, 0.09605291864037868, 0.073272778236197, 0.2861815840766121, 0.087770045987759, 0.31791879065481016, 0.2642937243205105, Inf, 0.13055223730403012, 0.16391422890690707, 0.13383624716023326, 0.10022770338915385, 0.22569588494523873, 0.1793886404903796, 0.2804587797845641, 0.26266991482955, 0.31433034674376187]
[0.2441661874526083, 0.15717176123975873, 0.10850483112411406, 0.2335169887772008, 0.17714019173071757, 0.10467735092898942, 0.28585257721028223, 0.1378855747817601, 0.37934808295320427, 0.2653291264778795, 0.13055223730403012, Inf, 0.048951144028044666, 0.17883796621955797, 0.10782738668210762, 0.09748186337624568, 0.2908629141978838, 0.28762814601840336, 0.32501719668676976, 0.2299828564449356]
[0.2929972573642034, 0.2060936743115372, 0.15668171581256077, 0.2730388927490741, 0.22317751323250434, 0.15152850406517016, 0.3316130242157181, 0.14427867796387306, 0.4282809690463542, 0.31156992968703984, 0.16391422890690707, 0.048951144028044666, Inf, 0.227560279881656, 0.10788381416506106, 0.09382340169186885, 0.3339178271329184, 0.33424427141687635, 0.37387910841994854, 0.25507905780739754]
[0.0656780668045235, 0.033015871427454865, 0.07184363961510483, 0.16824133007230355, 0.05003425080013737, 0.0814262614794094, 0.15505223975753657, 0.2185844244605096, 0.20159285912731106, 0.13371747634343245, 0.13383624716023326, 0.17883796621955797, 0.227560279881656, Inf, 0.21948796283943386, 0.23732366113152187, 0.14772170234688128, 0.14772208576322593, 0.14657017888539306, 0.23966756749865356]
[0.28136654786678134, 0.21280232982368455, 0.15399203684636534, 0.32584175667309606, 0.19182627920742384, 0.14038868776331165, 0.35939283049026094, 0.037482651740296004, 0.41435077673868753, 0.3375163207268721, 0.10022770338915385, 0.10782738668210762, 0.10788381416506106, 0.21948796283943386, Inf, 0.19738537609804352, 0.27800568091002387, 0.357012729571171, 0.3586628863173702, 0.3360139398920634]
[0.29659789715418755, 0.20734498588545477, 0.17955263585550238, 0.21905989138093232, 0.25237036522774486, 0.18271855209612275, 0.2962510105280306, 0.23138010469700138, 0.4235810620789192, 0.2796352392658198, 0.22569588494523873, 0.09748186337624568, 0.09382340169186885, 0.23732366113152187, 0.19738537609804352, Inf, 0.370488523692008, 0.30326239585641657, 0.37354059791993227, 0.17465722252754476]
[0.12963954510301284, 0.1803683294427151, 0.19094938053644547, 0.3051280287049638, 0.11828883550549452, 0.1887814539628459, 0.25784699887312224, 0.2565490033143472, 0.18823417427962255, 0.2425002811383958, 0.1793886404903796, 0.2908629141978838, 0.3339178271329184, 0.14772170234688128, 0.27800568091002387, 0.370488523692008, Inf, 0.24371036438914462, 0.14713432349443162, 0.3858766842698737]
[0.11676688347514048, 0.14470161865754425, 0.20316093310799763, 0.10642153261147552, 0.19471283351483684, 0.21741540784302615, 0.016501199441347297, 0.3620634787773587, 0.1507335294273577, 0.023627381140206332, 0.2804587797845641, 0.28762814601840336, 0.33424427141687635, 0.14772208576322593, 0.357012729571171, 0.30326239585641657, 0.24371036438914462, Inf, 0.12707715138717404, 0.2053685953007687]
[0.08092139323797576, 0.16949293430194484, 0.21832470210832478, 0.2228335230908717, 0.1671582299561863, 0.22672718097324832, 0.14356434047546904, 0.3503953392452387, 0.055762322300803045, 0.13831670660694423, 0.26266991482955, 0.32501719668676976, 0.37387910841994854, 0.14657017888539306, 0.3586628863173702, 0.37354059791993227, 0.14713432349443162, 0.12707715138717404, Inf, 0.32010286520150083]
[0.2676619510548516, 0.2089284837031396, 0.23033744832835926, 0.09918383509616115, 0.2820209365685355, 0.24361039336743545, 0.1912168090968339, 0.3608174219574764, 0.35443318189243156, 0.18623243692127633, 0.31433034674376187, 0.2299828564449356, 0.25507905780739754, 0.23966756749865356, 0.3360139398920634, 0.17465722252754476, 0.3858766842698737, 0.2053685953007687, 0.32010286520150083, Inf]
data points matrix is :
 [0.40175189450450693, 0.4950789132086962]
[0.4884743868926126, 0.5188694537844343]
[0.5391086233736329, 0.48888922576606764]
[0.46740472807156747, 0.6616878501479186]
[0.48077490998951267, 0.4452303748448095]
[0.5468192164997545, 0.4754365143562266]
[0.3827687811728777, 0.623358477432925]
[0.6496452572093562, 0.3727429902993882]
[0.2661254070476213, 0.5045966553043179]
[0.39869883333377887, 0.6081600072485721]
[0.5681519978820525, 0.40533792329373813]
[0.6454265521606204, 0.5105640128634663]
[0.6943733728754299, 0.5099134411405417]
[0.46740967204895084, 0.4934465201482575]
[0.6683796169845356, 0.4052079397880052]
[0.6782736085652336, 0.6023451905245597]
[0.3931923368816465, 0.36572225266190783]
[0.3750790351560822, 0.6087585668441475]
[0.32084001603729995, 0.4938380238167535]
[0.5483238524691985, 0.7190422610602731]




 AdNNnew 
obj val AdNNnew 10.617844035921738
x vector is :
 [1.0, 1.0, 1.0155057591447003e-9, 9.95703667092948e-10, 1.0, 0.9999999984711408, 1.007445536775344e-9, 1.0102044638947488e-9, 1.0, 0.9999999983895362, 1.0729495154808613e-9, 1.0263047968299061e-9, 1.0, 0.9999999983903354, 1.0272781758080647e-9, 1.0711770544488577e-9, 0.999999998338843, 1.0, 1.046467280507422e-9, 1.1034801559040298e-9]y vector is :
 [0.03445410869529564, 0.03301587352591007, 1.0155057641447003, 0.9957036720929479, 0.023103397086567945, 0.0, 1.0074455417753438, 1.0102044688947487, 0.009295035746913705, 0.014571726580902746, 1.0729495204808612, 1.0263048018299061, 0.022646341171833926, 0.0, 1.0272781808080647, 1.0711770594488577, 0.09518544056887435, 0.009055656658558009, 1.046467285507422, 1.1034801609040297]z matrix is :
 [0.0, 2.0112094212265674e-9, 1.0000000009957037, 1.0000000010155057, 2.0112094212265674e-9, 4.0288590241743805e-9, 1.000000001003764, 1.000000001001005, 2.0112094212265674e-9, 4.110463747153403e-9, 1.00000000093826, 1.0000000009849046, 2.0112094212265674e-9, 4.109664608620278e-9, 1.0000000009839312, 1.0000000009400323, 4.161156974546998e-9, 2.0112094212265674e-9, 1.000000000964742, 1.0000000009077292]
[2.0112094212265674e-9, 0.0, 0.9999999989844943, 0.9999999990042963, 0.0, 2.017649602947813e-9, 0.9999999989925545, 0.9999999989897956, 0.0, 2.099254325926836e-9, 0.9999999989270505, 0.9999999989736952, 0.0, 2.0984551873937107e-9, 0.9999999989727217, 0.9999999989288229, 2.1499475533204304e-9, 0.0, 0.9999999989535326, 0.9999999988965198]
[1.0000000009957037, 0.9999999989844943, 0.0, 1.9999999979887906, 0.9999999989844942, 1.000000001002144, 1.9999999979770489, 1.99999999797429, 0.9999999989844942, 1.0000000010837486, 1.9999999979115448, 1.9999999979581895, 0.9999999989844942, 1.0000000010829495, 1.999999997957216, 1.9999999979133172, 1.0000000011344419, 0.9999999989844942, 1.999999997938027, 1.9999999978810141]
[1.0000000010155057, 0.9999999990042963, 1.9999999979887906, 0.0, 0.9999999990042964, 1.0000000010219459, 1.9999999979968508, 1.999999997994092, 0.9999999990042964, 1.0000000011035506, 1.9999999979313468, 1.9999999979779914, 0.9999999990042964, 1.0000000011027514, 1.999999997977018, 1.9999999979331191, 1.0000000011542438, 0.9999999990042964, 1.999999997957829, 1.999999997900816]
[2.0112094212265674e-9, 0.0, 0.9999999989844942, 0.9999999990042964, 0.0, 2.017649602947813e-9, 0.9999999989925545, 0.9999999989897956, 0.0, 2.099254325926836e-9, 0.9999999989270505, 0.9999999989736952, 0.0, 2.0984551873937107e-9, 0.9999999989727217, 0.9999999989288229, 2.1499475533204304e-9, 0.0, 0.9999999989535326, 0.9999999988965198]
[4.0288590241743805e-9, 2.017649602947813e-9, 1.000000001002144, 1.0000000010219459, 2.017649602947813e-9, 0.0, 1.0000000010102044, 1.0000000010074452, 2.0176497139701155e-9, 4.1169040398969514e-9, 1.0000000009447003, 1.0000000009913448, 2.0176497139701155e-9, 4.116104901363826e-9, 1.0000000009903713, 1.0000000009464727, 4.167597267290546e-9, 2.0176497139701155e-9, 1.0000000009711822, 1.0000000009141696]
[1.000000001003764, 0.9999999989925545, 1.9999999979770489, 1.9999999979968508, 0.9999999989925545, 1.0000000010102044, 0.0, 1.9999999979823502, 0.9999999989925544, 1.0000000010918089, 1.999999997919605, 1.9999999979662497, 0.9999999989925544, 1.0000000010910097, 1.9999999979652763, 1.9999999979213774, 1.000000001142502, 0.9999999989925544, 1.9999999979460872, 1.9999999978890743]
[1.000000001001005, 0.9999999989897956, 1.99999999797429, 1.999999997994092, 0.9999999989897956, 1.0000000010074452, 1.9999999979823502, 0.0, 0.9999999989897955, 1.00000000108905, 1.9999999979168461, 1.9999999979634908, 0.9999999989897955, 1.0000000010882508, 1.9999999979625174, 1.9999999979186185, 1.0000000011397432, 0.9999999989897955, 1.9999999979433283, 1.9999999978863154]
[2.0112094212265674e-9, 0.0, 0.9999999989844942, 0.9999999990042964, 0.0, 2.0176497139701155e-9, 0.9999999989925544, 0.9999999989897955, 0.0, 2.099254325926836e-9, 0.9999999989270505, 0.9999999989736952, 0.0, 2.0984551873937107e-9, 0.9999999989727217, 0.9999999989288229, 2.1499475533204304e-9, 0.0, 0.9999999989535326, 0.9999999988965198]
[4.110463747153403e-9, 2.099254325926836e-9, 1.0000000010837486, 1.0000000011035506, 2.099254325926836e-9, 4.1169040398969514e-9, 1.0000000010918089, 1.00000000108905, 2.099254325926836e-9, 0.0, 1.0000000010263048, 1.0000000010729495, 2.099254325926836e-9, 4.197709513320547e-9, 1.000000001071976, 1.0000000010280772, 4.249201879247266e-9, 2.099254325926836e-9, 1.000000001052787, 1.0000000009957741]
[1.00000000093826, 0.9999999989270505, 1.9999999979115448, 1.9999999979313468, 0.9999999989270505, 1.0000000009447003, 1.999999997919605, 1.9999999979168461, 0.9999999989270505, 1.0000000010263048, 0.0, 1.9999999979007457, 0.9999999989270505, 1.0000000010255057, 1.9999999978997722, 1.9999999978558733, 1.000000001076998, 0.9999999989270505, 1.9999999978805831, 1.9999999978235703]
[1.0000000009849046, 0.9999999989736952, 1.9999999979581895, 1.9999999979779914, 0.9999999989736952, 1.0000000009913448, 1.9999999979662497, 1.9999999979634908, 0.9999999989736952, 1.0000000010729495, 1.9999999979007457, 0.0, 0.9999999989736952, 1.0000000010721504, 1.999999997946417, 1.999999997902518, 1.0000000011236427, 0.9999999989736952, 1.9999999979272278, 1.999999997870215]
[2.0112094212265674e-9, 0.0, 0.9999999989844942, 0.9999999990042964, 0.0, 2.0176497139701155e-9, 0.9999999989925544, 0.9999999989897955, 0.0, 2.099254325926836e-9, 0.9999999989270505, 0.9999999989736952, 0.0, 2.0984551873937107e-9, 0.9999999989727217, 0.9999999989288229, 2.1499475533204304e-9, 0.0, 0.9999999989535326, 0.9999999988965198]
[4.109664608620278e-9, 2.0984551873937107e-9, 1.0000000010829495, 1.0000000011027514, 2.0984551873937107e-9, 4.116104901363826e-9, 1.0000000010910097, 1.0000000010882508, 2.0984551873937107e-9, 4.197709513320547e-9, 1.0000000010255057, 1.0000000010721504, 2.0984551873937107e-9, 0.0, 1.000000001071177, 1.000000001027278, 4.248402740714141e-9, 2.0984551873937107e-9, 1.0000000010519878, 1.000000000994975]
[1.0000000009839312, 0.9999999989727217, 1.999999997957216, 1.999999997977018, 0.9999999989727217, 1.0000000009903713, 1.9999999979652763, 1.9999999979625174, 0.9999999989727217, 1.000000001071976, 1.9999999978997722, 1.999999997946417, 0.9999999989727217, 1.000000001071177, 0.0, 1.9999999979015446, 1.0000000011226693, 0.9999999989727218, 1.9999999979262544, 1.9999999978692415]
[1.0000000009400323, 0.9999999989288229, 1.9999999979133172, 1.9999999979331191, 0.9999999989288229, 1.0000000009464727, 1.9999999979213774, 1.9999999979186185, 0.9999999989288229, 1.0000000010280772, 1.9999999978558733, 1.999999997902518, 0.9999999989288229, 1.000000001027278, 1.9999999979015446, 0.0, 1.0000000010787704, 0.999999998928823, 1.9999999978823555, 1.9999999978253427]
[4.161156974546998e-9, 2.1499475533204304e-9, 1.0000000011344419, 1.0000000011542438, 2.1499475533204304e-9, 4.167597267290546e-9, 1.000000001142502, 1.0000000011397432, 2.1499475533204304e-9, 4.249201879247266e-9, 1.000000001076998, 1.0000000011236427, 2.1499475533204304e-9, 4.248402740714141e-9, 1.0000000011226693, 1.0000000010787704, 0.0, 2.1499475533204304e-9, 1.0000000011034802, 1.0000000010464674]
[2.0112094212265674e-9, 0.0, 0.9999999989844942, 0.9999999990042964, 0.0, 2.0176497139701155e-9, 0.9999999989925544, 0.9999999989897955, 0.0, 2.099254325926836e-9, 0.9999999989270505, 0.9999999989736952, 0.0, 2.0984551873937107e-9, 0.9999999989727218, 0.999999998928823, 2.1499475533204304e-9, 0.0, 0.9999999989535326, 0.9999999988965198]
[1.000000000964742, 0.9999999989535326, 1.999999997938027, 1.999999997957829, 0.9999999989535326, 1.0000000009711822, 1.9999999979460872, 1.9999999979433283, 0.9999999989535326, 1.000000001052787, 1.9999999978805831, 1.9999999979272278, 0.9999999989535326, 1.0000000010519878, 1.9999999979262544, 1.9999999978823555, 1.0000000011034802, 0.9999999989535326, 0.0, 1.9999999978500524]
[1.0000000009077292, 0.9999999988965198, 1.9999999978810141, 1.999999997900816, 0.9999999988965198, 1.0000000009141696, 1.9999999978890743, 1.9999999978863154, 0.9999999988965198, 1.0000000009957741, 1.9999999978235703, 1.999999997870215, 0.9999999988965198, 1.000000000994975, 1.9999999978692415, 1.9999999978253427, 1.0000000010464674, 0.9999999988965198, 1.9999999978500524, 0.0]
w vector is :
 [0.03445410869529564, 0.03301587352591007, 1.0155057641447003, 0.9957036720929479, 0.023103397086567945, 0.0, 1.0074455417753438, 1.0102044688947487, 0.009295035746913705, 0.014571726580902746, 1.0729495204808612, 1.0263048018299061, 0.022646341171833926, 0.0, 1.0272781808080647, 1.0711770594488577, 0.09518544056887435, 0.009055656658558009, 1.046467285507422, 1.1034801609040297]p matrix is :
 [0.0, 0.0, 0.0, 0.0, 0.0, 0.0, 0.0, 0.0, 0.0, 0.0, 0.0, 0.0, 0.0, 0.0, 0.0, 0.0, 0.0, 0.0, 0.0, 0.0]
[0.0, 0.0, 0.0, 0.0, 0.0, 0.0, 0.0, 0.0, 0.0, 0.0, 0.0, 0.0, 0.0, 0.0, 0.0, 0.0, 0.0, 0.0, 0.0, 0.0]
[0.0, 0.0, 0.0, 0.0, 0.0, 0.0, 0.0, 0.0, 0.0, 0.0, 0.0, 0.0, 0.0, 0.0, 0.0, 0.0, 0.0, 0.0, 0.0, 0.0]
[0.0, 0.0, 0.0, 0.0, 0.0, 0.0, 0.0, 0.0, 0.0, 0.0, 0.0, 0.0, 0.0, 0.0, 0.0, 0.0, 0.0, 0.0, 0.0, 0.0]
[0.0, 0.0, 0.0, 0.0, 0.0, 0.0, 0.0, 0.0, 0.0, 0.0, 0.0, 0.0, 0.0, 0.0, 0.0, 0.0, 0.0, 0.0, 0.0, 0.0]
[0.0, 0.0, 0.0, 0.0, 0.0, 0.0, 0.0, 0.0, 0.0, 0.0, 0.0, 0.0, 0.0, 0.0, 0.0, 0.0, 0.0, 0.0, 0.0, 0.0]
[0.0, 0.0, 0.0, 0.0, 0.0, 0.0, 0.0, 0.0, 0.0, 0.0, 0.0, 0.0, 0.0, 0.0, 0.0, 0.0, 0.0, 0.0, 0.0, 0.0]
[0.0, 0.0, 0.0, 0.0, 0.0, 0.0, 0.0, 0.0, 0.0, 0.0, 0.0, 0.0, 0.0, 0.0, 0.0, 0.0, 0.0, 0.0, 0.0, 0.0]
[0.0, 0.0, 0.0, 0.0, 0.0, 0.0, 0.0, 0.0, 0.0, 0.0, 0.0, 0.0, 0.0, 0.0, 0.0, 0.0, 0.0, 0.0, 0.0, 0.0]
[0.0, 0.0, 0.0, 0.0, 0.0, 0.0, 0.0, 0.0, 0.0, 0.0, 0.0, 0.0, 0.0, 0.0, 0.0, 0.0, 0.0, 0.0, 0.0, 0.0]
[0.0, 0.0, 0.0, 0.0, 0.0, 0.0, 0.0, 0.0, 0.0, 0.0, 0.0, 0.0, 0.0, 0.0, 0.0, 0.0, 0.0, 0.0, 0.0, 0.0]
[0.0, 0.0, 0.0, 0.0, 0.0, 0.0, 0.0, 0.0, 0.0, 0.0, 0.0, 0.0, 0.0, 0.0, 0.0, 0.0, 0.0, 0.0, 0.0, 0.0]
[0.0, 0.0, 0.0, 0.0, 0.0, 0.0, 0.0, 0.0, 0.0, 0.0, 0.0, 0.0, 0.0, 0.0, 0.0, 0.0, 0.0, 0.0, 0.0, 0.0]
[0.0, 0.0, 0.0, 0.0, 0.0, 0.0, 0.0, 0.0, 0.0, 0.0, 0.0, 0.0, 0.0, 0.0, 0.0, 0.0, 0.0, 0.0, 0.0, 0.0]
[0.0, 0.0, 0.0, 0.0, 0.0, 0.0, 0.0, 0.0, 0.0, 0.0, 0.0, 0.0, 0.0, 0.0, 0.0, 0.0, 0.0, 0.0, 0.0, 0.0]
[0.0, 0.0, 0.0, 0.0, 0.0, 0.0, 0.0, 0.0, 0.0, 0.0, 0.0, 0.0, 0.0, 0.0, 0.0, 0.0, 0.0, 0.0, 0.0, 0.0]
[0.0, 0.0, 0.0, 0.0, 0.0, 0.0, 0.0, 0.0, 0.0, 0.0, 0.0, 0.0, 0.0, 0.0, 0.0, 0.0, 0.0, 0.0, 0.0, 0.0]
[0.0, 0.0, 0.0, 0.0, 0.0, 0.0, 0.0, 0.0, 0.0, 0.0, 0.0, 0.0, 0.0, 0.0, 0.0, 0.0, 0.0, 0.0, 0.0, 0.0]
[0.0, 0.0, 0.0, 0.0, 0.0, 0.0, 0.0, 0.0, 0.0, 0.0, 0.0, 0.0, 0.0, 0.0, 0.0, 0.0, 0.0, 0.0, 0.0, 0.0]
[0.0, 0.0, 0.0, 0.0, 0.0, 0.0, 0.0, 0.0, 0.0, 0.0, 0.0, 0.0, 0.0, 0.0, 0.0, 0.0, 0.0, 0.0, 0.0, 0.0]
