Academic license - for non-commercial use only
Academic license - for non-commercial use only
Optimize a model with 3080 rows, 1325 columns and 8000 nonzeros
Variable types: 1300 continuous, 25 integer (25 binary)
Coefficient statistics:
  Matrix range     [1e+00, 1e+09]
  Objective range  [1e+00, 1e+00]
  Bounds range     [0e+00, 0e+00]
  RHS range        [1e-02, 2e+00]
Warning: Model contains large matrix coefficients
         Consider reformulating model or setting NumericFocus parameter
         to avoid numerical issues.
Found heuristic solution: objective -0.0000000
Presolve removed 2150 rows and 975 columns
Presolve time: 0.00s
Presolved: 930 rows, 350 columns, 2775 nonzeros
Variable types: 325 continuous, 25 integer (25 binary)

Root relaxation: objective 1.568366e+01, 62 iterations, 0.00 seconds

    Nodes    |    Current Node    |     Objective Bounds      |     Work
 Expl Unexpl |  Obj  Depth IntInf | Incumbent    BestBd   Gap | It/Node Time

*    0     0               0      15.6836559   15.68366  0.00%     -    0s

Explored 0 nodes (77 simplex iterations) in 0.02 seconds
Thread count was 24 (of 24 available processors)

Solution count 2: 15.6837 -0 

Optimal solution found (tolerance 1.00e-04)
Best objective 1.568365593975e+01, best bound 1.568365593975e+01, gap 0.0000%
num_cluster is 5
card is 5
visit_m is 2
limits_ is [1, 1]
dim is 2
sum dis 96.79676895840004

dis_mat matrix is :
 [Inf, 0.21349265061187112, 0.3700921037064625, 0.07644519872550819, 0.09820487858025298, 0.16122038369829225, 0.17354154756069382, 0.18702922519282753, 0.1806629787078112, 0.20272925180577261, 0.3559163608521433, 0.28332158025457904, 0.2390605661774429, 0.1580720065343295, 0.06543038731059789, 0.21205349727974257, 0.20356960933017573, 0.03022555827845116, 0.24551957465050733, 0.1076449768119559, 0.09692317031724222, 0.13419919181751247, 0.08001113293081047, 0.21024653835985607, 0.19553241269095387]
[0.21349265061187112, Inf, 0.1566019553783466, 0.17455347364536977, 0.18055883106388163, 0.06445238496641711, 0.19437875431811114, 0.2647113822519895, 0.05608202301078218, 0.20602479567172843, 0.22291921222834182, 0.07880614296789457, 0.18800452079363508, 0.08405304343264046, 0.20988548018895675, 0.08653115264558651, 0.09384646621464394, 0.21126919059262994, 0.033127064010713574, 0.1327927694810519, 0.11712544053933874, 0.12918578696849026, 0.2765470475135672, 0.10898290863747025, 0.13866111557460084]
[0.3700921037064625, 0.1566019553783466, Inf, 0.32611569891510395, 0.3274211378042464, 0.21451469895270872, 0.3178293188945774, 0.39158236762163534, 0.1989089292454633, 0.31778085129973166, 0.22514743904522994, 0.09970482889313136, 0.2772908355943921, 0.22748828209956734, 0.3619825124241957, 0.19431013667674965, 0.2064461131438036, 0.3670566479435442, 0.12515843020476528, 0.2826616991414953, 0.27361421229575583, 0.27110382160594215, 0.431238032988816, 0.21419353735447388, 0.25090571793653516]
[0.07644519872550819, 0.17455347364536977, 0.32611569891510395, Inf, 0.024388948017900175, 0.1118833074194859, 0.09882500552674288, 0.1291438492931542, 0.161544529164376, 0.127855794510269, 0.28227393337881573, 0.2520582470488716, 0.16264759457298794, 0.09977262701955483, 0.03587804721707637, 0.14772052913914435, 0.13745802108005364, 0.09918019200570956, 0.20762196421366752, 0.04366816905403216, 0.08157542065760547, 0.0635150413647018, 0.1562508902692368, 0.1410427042139435, 0.12126515590891189]
[0.09820487858025298, 0.18055883106388163, 0.3274211378042464, 0.024388948017900175, Inf, 0.11625545774962583, 0.07545773829795067, 0.10658069898793739, 0.17471075899851857, 0.10463118029428782, 0.26665416159562694, 0.2591628178755622, 0.14274380306281875, 0.10007012498876, 0.04358639592909993, 0.14155263802912424, 0.13033757189797718, 0.12265070762527715, 0.2131376384179494, 0.048373999188073245, 0.1003474493092344, 0.05713214948119306, 0.17705371005066825, 0.13129373051887638, 0.10657341570385924]
[0.16122038369829225, 0.06445238496641711, 0.21451469895270872, 0.1118833074194859, 0.11625545774962583, Inf, 0.13545941809903544, 0.2028023757385158, 0.07627959838193842, 0.15171711295959436, 0.21978858667089843, 0.14324115669817478, 0.14697339579720609, 0.022887493641242172, 0.1476656059433205, 0.06346790335916759, 0.06164122615078745, 0.16577528179720102, 0.09688219748184328, 0.06901284787451974, 0.0733209516365572, 0.06549654273384911, 0.23269466866049787, 0.0759548210701464, 0.09155448168876094]
[0.17354154756069382, 0.19437875431811114, 0.3178293188945774, 0.09882500552674288, 0.07545773829795067, 0.13545941809903544, Inf, 0.07378047375457403, 0.2095767227986461, 0.029188059502469024, 0.20751989287716033, 0.2704512559403556, 0.07544425333247841, 0.11277984690601021, 0.11356180733177039, 0.12394571135804537, 0.1119964160446099, 0.19793244184652464, 0.22256074127240438, 0.09427041285164564, 0.15697582045722697, 0.07501668137705358, 0.2516700429793369, 0.103755554667839, 0.06735689137924182]
[0.18702922519282753, 0.2647113822519895, 0.39158236762163534, 0.1291438492931542, 0.10658069898793739, 0.2028023757385158, 0.07378047375457403, Inf, 0.27274260592984784, 0.0798131465571737, 0.2636717432503599, 0.3421238108451568, 0.1333794164275717, 0.18110256994545038, 0.12190233672034566, 0.19769853903360254, 0.1857119615254097, 0.21626655096147793, 0.29423473307707976, 0.14716292596904088, 0.20609158544142764, 0.13785048951602893, 0.2547154722324895, 0.17743127713370538, 0.14083513784048893]
[0.1806629787078112, 0.05608202301078218, 0.1989089292454633, 0.161544529164376, 0.17471075899851857, 0.07627959838193842, 0.2095767227986461, 0.27274260592984784, Inf, 0.2275763044194624, 0.27543612565364156, 0.10437630788966333, 0.2218478417271404, 0.09889778148456117, 0.19353224363814076, 0.12735241372064282, 0.13056694858371093, 0.1718639094077175, 0.07673774948577167, 0.12740622715522726, 0.08614104887208014, 0.1357613915996659, 0.23362732441159642, 0.14616603022825123, 0.1672695038570446]
[0.20272925180577261, 0.20602479567172843, 0.31778085129973166, 0.127855794510269, 0.10463118029428782, 0.15171711295959436, 0.029188059502469024, 0.0798131465571737, 0.2275763044194624, Inf, 0.18698243035473255, 0.27918453232411106, 0.05447941012535982, 0.12885848079776438, 0.142323248926528, 0.1278251287619716, 0.11676924046214156, 0.22701517432203772, 0.23175443117752803, 0.11985800966201329, 0.1820716946694579, 0.09736179293981553, 0.28075706419547736, 0.10531212796393294, 0.06933698485641512]
[0.3559163608521433, 0.22291921222834182, 0.22514743904522994, 0.28227393337881573, 0.26665416159562694, 0.21978858667089843, 0.20751989287716033, 0.2636717432503599, 0.27543612565364156, 0.18698243035473255, Inf, 0.2524934765922922, 0.13286491791142382, 0.20914445217198746, 0.3101807507456172, 0.1563280534608807, 0.15993923171420166, 0.3710532502689585, 0.22343789683497736, 0.24899993617224417, 0.2895394255112651, 0.2217627318954333, 0.4353005191012152, 0.14888726884994524, 0.16100883253690085]
[0.28332158025457904, 0.07880614296789457, 0.09970482889313136, 0.2520582470488716, 0.2591628178755622, 0.14324115669817478, 0.2704512559403556, 0.3421238108451568, 0.10437630788966333, 0.27918453232411106, 0.2524934765922922, Inf, 0.2530916260277837, 0.1625186546520399, 0.2868808711144841, 0.1526911617531333, 0.16283842381670346, 0.2761083075427601, 0.047913387321383186, 0.211146884254989, 0.18675272600801857, 0.20784304281476448, 0.3378515968962608, 0.17605786495866055, 0.21009391669111813]
[0.2390605661774429, 0.18800452079363508, 0.2772908355943921, 0.16264759457298794, 0.14274380306281875, 0.14697339579720609, 0.07544425333247841, 0.1333794164275717, 0.2218478417271404, 0.05447941012535982, 0.13286491791142382, 0.2530916260277837, Inf, 0.12633145216461406, 0.18480372582486085, 0.10198038227169925, 0.09423301689182419, 0.25967714482701487, 0.2079690051102556, 0.1406910937262168, 0.1969896189384379, 0.11314110789285461, 0.31888665758184953, 0.07903991411394932, 0.05604391452939154]
[0.1580720065343295, 0.08405304343264046, 0.22748828209956734, 0.09977262701955483, 0.10007012498876, 0.022887493641242172, 0.11277984690601021, 0.18110256994545038, 0.09889778148456117, 0.12885848079776438, 0.20914445217198746, 0.1625186546520399, 0.12633145216461406, Inf, 0.13551850055263043, 0.0552290879052159, 0.04929026514036508, 0.16676461792776, 0.11516100262180166, 0.05614998037251764, 0.08040408614818931, 0.045449649431881255, 0.2332982234384296, 0.06106755786350991, 0.07039018966081445]
[0.06543038731059789, 0.20988548018895675, 0.3619825124241957, 0.03587804721707637, 0.04358639592909993, 0.1476656059433205, 0.11356180733177039, 0.12190233672034566, 0.19353224363814076, 0.142323248926528, 0.3101807507456172, 0.2868808711144841, 0.18480372582486085, 0.13551850055263043, Inf, 0.1820685064337948, 0.1713765734188888, 0.09436599831834523, 0.2429976278129487, 0.07950351021854549, 0.10967632398570772, 0.09712352557711741, 0.13922023624487986, 0.17363343506066986, 0.15012717492849897]
[0.21205349727974257, 0.08653115264558651, 0.19431013667674965, 0.14772052913914435, 0.14155263802912424, 0.06346790335916759, 0.12394571135804537, 0.19769853903360254, 0.12735241372064282, 0.1278251287619716, 0.1563280534608807, 0.1526911617531333, 0.10198038227169925, 0.0552290879052159, 0.1820685064337948, Inf, 0.012167210211706901, 0.221895984134634, 0.10642637742854467, 0.10612338653461582, 0.13441548606428763, 0.08499951048168124, 0.2882806286570557, 0.023396023873219318, 0.0585728370595008]
[0.20356960933017573, 0.09384646621464394, 0.2064461131438036, 0.13745802108005364, 0.13033757189797718, 0.06164122615078745, 0.1119964160446099, 0.1857119615254097, 0.13056694858371093, 0.11676924046214156, 0.15993923171420166, 0.16283842381670346, 0.09423301689182419, 0.04929026514036508, 0.1713765734188888, 0.012167210211706901, Inf, 0.2146461846900772, 0.11596921004123126, 0.0967242106473687, 0.129621440010297, 0.07426421969578512, 0.2806543267138241, 0.01567218446888006, 0.047437907546021514]
[0.03022555827845116, 0.21126919059262994, 0.3670566479435442, 0.09918019200570956, 0.12265070762527715, 0.16577528179720102, 0.19793244184652464, 0.21626655096147793, 0.1718639094077175, 0.22701517432203772, 0.3710532502689585, 0.2761083075427601, 0.25967714482701487, 0.16676461792776, 0.09436599831834523, 0.221895984134634, 0.2146461846900772, Inf, 0.24189897898016455, 0.12239358479335904, 0.09490909493266772, 0.15026469938118042, 0.06692181569748026, 0.22311165065308544, 0.21270308273388017]
[0.24551957465050733, 0.033127064010713574, 0.12515843020476528, 0.20762196421366752, 0.2131376384179494, 0.09688219748184328, 0.22256074127240438, 0.29423473307707976, 0.07673774948577167, 0.23175443117752803, 0.22343789683497736, 0.047913387321383186, 0.2079690051102556, 0.11516100262180166, 0.2429976278129487, 0.10642637742854467, 0.11596921004123126, 0.24189897898016455, Inf, 0.16562682836507286, 0.14873943982377086, 0.16059519137787426, 0.30630412809994695, 0.12980382203452268, 0.162909106325632]
[0.1076449768119559, 0.1327927694810519, 0.2826616991414953, 0.04366816905403216, 0.048373999188073245, 0.06901284787451974, 0.09427041285164564, 0.14716292596904088, 0.12740622715522726, 0.11985800966201329, 0.24899993617224417, 0.211146884254989, 0.1406910937262168, 0.05614998037251764, 0.07950351021854549, 0.10612338653461582, 0.0967242106473687, 0.12239358479335904, 0.16562682836507286, Inf, 0.0627163448309164, 0.028108640390941027, 0.18638075422821898, 0.10262743424679063, 0.09057180996851653]
[0.09692317031724222, 0.11712544053933874, 0.27361421229575583, 0.08157542065760547, 0.1003474493092344, 0.0733209516365572, 0.15697582045722697, 0.20609158544142764, 0.08614104887208014, 0.1820716946694579, 0.2895394255112651, 0.18675272600801857, 0.1969896189384379, 0.08040408614818931, 0.10967632398570772, 0.13441548606428763, 0.129621440010297, 0.09490909493266772, 0.14873943982377086, 0.0627163448309164, Inf, 0.08580153702578368, 0.1613274369710987, 0.1412232443727227, 0.1424780167151835]
[0.13419919181751247, 0.12918578696849026, 0.27110382160594215, 0.0635150413647018, 0.05713214948119306, 0.06549654273384911, 0.07501668137705358, 0.13785048951602893, 0.1357613915996659, 0.09736179293981553, 0.2217627318954333, 0.20784304281476448, 0.11314110789285461, 0.045449649431881255, 0.09712352557711741, 0.08499951048168124, 0.07426421969578512, 0.15026469938118042, 0.16059519137787426, 0.028108640390941027, 0.08580153702578368, Inf, 0.21357570135236492, 0.0776015200042068, 0.0625022881434741]
[0.08001113293081047, 0.2765470475135672, 0.431238032988816, 0.1562508902692368, 0.17705371005066825, 0.23269466866049787, 0.2516700429793369, 0.2547154722324895, 0.23362732441159642, 0.28075706419547736, 0.4353005191012152, 0.3378515968962608, 0.31888665758184953, 0.2332982234384296, 0.13922023624487986, 0.2882806286570557, 0.2806543267138241, 0.06692181569748026, 0.30630412809994695, 0.18638075422821898, 0.1613274369710987, 0.21357570135236492, Inf, 0.2884328942731057, 0.2753390512092909]
[0.21024653835985607, 0.10898290863747025, 0.21419353735447388, 0.1410427042139435, 0.13129373051887638, 0.0759548210701464, 0.103755554667839, 0.17743127713370538, 0.14616603022825123, 0.10531212796393294, 0.14888726884994524, 0.17605786495866055, 0.07903991411394932, 0.06106755786350991, 0.17363343506066986, 0.023396023873219318, 0.01567218446888006, 0.22311165065308544, 0.12980382203452268, 0.10262743424679063, 0.1412232443727227, 0.0776015200042068, 0.2884328942731057, Inf, 0.036757946871621525]
[0.19553241269095387, 0.13866111557460084, 0.25090571793653516, 0.12126515590891189, 0.10657341570385924, 0.09155448168876094, 0.06735689137924182, 0.14083513784048893, 0.1672695038570446, 0.06933698485641512, 0.16100883253690085, 0.21009391669111813, 0.05604391452939154, 0.07039018966081445, 0.15012717492849897, 0.0585728370595008, 0.047437907546021514, 0.21270308273388017, 0.162909106325632, 0.09057180996851653, 0.1424780167151835, 0.0625022881434741, 0.2753390512092909, 0.036757946871621525, Inf]
data points matrix is :
 [0.41261581014116266, 0.39669128924347025]
[0.46106414121098366, 0.6046140419229966]
[0.4977363373440582, 0.756861611555812]
[0.4808368929776099, 0.4311840749356268]
[0.5051693358374542, 0.42952485527197437]
[0.48019239573468864, 0.5430655260453933]
[0.5779818033698572, 0.4493292699536753]
[0.5987617194137993, 0.37853553155361547]
[0.4120534249861062, 0.577353392625769]
[0.6058416265667761, 0.45803404272245507]
[0.682701095033049, 0.6284894661282371]
[0.43533202693535333, 0.6791007284138195]
[0.6233134384030706, 0.5096358054710693]
[0.4985335890543271, 0.5293747264781821]
[0.47803376220850047, 0.39541569881925787]
[0.5389826257328697, 0.5669796142272497]
[0.5406807398550626, 0.5549314852121755]
[0.38447297543737835, 0.4077169514947602]
[0.45945319568950027, 0.6377019131826701]
[0.4871061970350288, 0.47439986852046295]
[0.4270678429585185, 0.4925309453978577]
[0.5126330738444336, 0.4861673756899833]
[0.3452824565265772, 0.3534709134481927]
[0.5557647526236177, 0.5506782599859886]
[0.5676189356870477, 0.5158842231101727]




 AdNNnew 
obj val AdNNnew 15.683655939745378
x vector is :
 [1.0, 9.964435636977613e-10, 0.9999999989791677, 1.008340293644598e-9, 1.0160486423489133e-9, 1.0, 0.9999999973942503, 1.0622027743424365e-9, 1.0259364221132643e-9, 1.017610360134924e-9, 0.9999999974454826, 1.0, 1.0071267767017105e-9, 1.0198527271191242e-9, 1.0275377415366005e-9, 1.0, 0.9999999974522364, 1.0085681145139927e-9, 1.036683488279825e-9, 1.002511718095525e-9, 1.0, 0.9999999974048881, 1.0583536891165662e-9, 1.00148724353582e-9, 1.0352706912990438e-9]y vector is :
 [0.02165743775589084, 0.9964435686977613, 0.08847493890908964, 1.008340298644598, 1.0160486473489132, 0.0030347605022651436, 0.011577696455684294, 1.0622027793424365, 1.0259364271132643, 1.017610365134924, 0.12573813825710378, 0.011229893004874512, 1.0071267817017104, 1.0198527321191242, 1.0275377465366005, 0.0, 0.012167213259470344, 1.0085681195139926, 1.036683493279825, 1.002511723095525, 0.060204620732879466, 0.025596919388016115, 1.058353694116566, 1.00148724853582, 1.0352706962990437]z matrix is :
 [0.0, 0.9999999990035564, 3.0208324730551794e-9, 0.9999999989916597, 0.9999999989839514, 0.0, 3.105749435405869e-9, 0.9999999989377972, 0.9999999989740636, 0.9999999989823896, 3.0545170837115165e-9, 0.0, 0.9999999989928732, 0.9999999989801474, 0.9999999989724622, 0.0, 3.0477633750081168e-9, 0.9999999989914319, 0.9999999989633166, 0.9999999989974884, 0.0, 3.0951117224731206e-9, 0.9999999989416464, 0.9999999989985127, 0.9999999989647292]
[0.9999999990035564, 0.0, 1.0000000020243889, 1.999999997995216, 1.9999999979875078, 0.9999999990035564, 1.0000000021093058, 1.9999999979413536, 1.99999999797762, 1.999999997985946, 1.0000000020580735, 0.9999999990035564, 1.9999999979964296, 1.9999999979837038, 1.9999999979760186, 0.9999999990035564, 1.0000000020513198, 1.9999999979949883, 1.999999997966873, 1.9999999980010448, 0.9999999990035564, 1.0000000020986681, 1.9999999979452028, 1.999999998002069, 1.9999999979682856]
[3.0208324730551794e-9, 1.0000000020243889, 0.0, 1.0000000020124924, 1.000000002004784, 3.020832584077482e-9, 6.126582019483351e-9, 1.0000000019586297, 1.0000000019948962, 1.000000002003222, 6.0753496677889984e-9, 3.020832584077482e-9, 1.0000000020137056, 1.0000000020009798, 1.0000000019932949, 3.020832584077482e-9, 6.068595959085599e-9, 1.0000000020122646, 1.0000000019841493, 1.000000002018321, 3.020832584077482e-9, 6.1159443065506025e-9, 1.000000001962479, 1.0000000020193451, 1.000000001985562]
[0.9999999989916597, 1.999999997995216, 1.0000000020124924, 0.0, 1.9999999979756111, 0.9999999989916597, 1.0000000020974091, 1.999999997929457, 1.9999999979657233, 1.9999999979740493, 1.0000000020461768, 0.9999999989916597, 1.9999999979845329, 1.999999997971807, 1.9999999979641219, 0.9999999989916597, 1.000000002039423, 1.9999999979830916, 1.9999999979549763, 1.999999997989148, 0.9999999989916597, 1.0000000020867714, 1.999999997933306, 1.9999999979901724, 1.999999997956389]
[0.9999999989839514, 1.9999999979875078, 1.000000002004784, 1.9999999979756111, 0.0, 0.9999999989839513, 1.0000000020897009, 1.9999999979217487, 1.999999997958015, 1.999999997966341, 1.0000000020384685, 0.9999999989839513, 1.9999999979768246, 1.9999999979640988, 1.9999999979564136, 0.9999999989839513, 1.0000000020317148, 1.9999999979753833, 1.999999997947268, 1.9999999979814398, 0.9999999989839513, 1.0000000020790631, 1.9999999979255978, 1.999999997982464, 1.9999999979486807]
[0.0, 0.9999999990035564, 3.020832584077482e-9, 0.9999999989916597, 0.9999999989839513, 0.0, 3.105749435405869e-9, 0.9999999989377972, 0.9999999989740636, 0.9999999989823896, 3.0545170837115165e-9, 0.0, 0.9999999989928732, 0.9999999989801474, 0.9999999989724622, 0.0, 3.0477633750081168e-9, 0.9999999989914319, 0.9999999989633166, 0.9999999989974884, 0.0, 3.0951117224731206e-9, 0.9999999989416464, 0.9999999989985127, 0.9999999989647292]
[3.105749435405869e-9, 1.0000000021093058, 6.126582019483351e-9, 1.0000000020974091, 1.0000000020897009, 3.105749435405869e-9, 0.0, 1.0000000020435467, 1.0000000020798132, 1.000000002088139, 6.160266630139688e-9, 3.1057495464281715e-9, 1.0000000020986226, 1.0000000020858968, 1.0000000020782118, 3.1057495464281715e-9, 6.153512921436288e-9, 1.0000000020971815, 1.0000000020690663, 1.000000002103238, 3.1057495464281715e-9, 6.200861268901292e-9, 1.000000002047396, 1.000000002104262, 1.000000002070479]
[0.9999999989377972, 1.9999999979413536, 1.0000000019586297, 1.999999997929457, 1.9999999979217487, 0.9999999989377972, 1.0000000020435467, 0.0, 1.9999999979118608, 1.9999999979201868, 1.0000000019923143, 0.9999999989377972, 1.9999999979306704, 1.9999999979179446, 1.9999999979102594, 0.9999999989377972, 1.0000000019855606, 1.9999999979292291, 1.9999999979011138, 1.9999999979352856, 0.9999999989377972, 1.000000002032909, 1.9999999978794436, 1.99999999793631, 1.9999999979025265]
[0.9999999989740636, 1.99999999797762, 1.0000000019948962, 1.9999999979657233, 1.999999997958015, 0.9999999989740636, 1.0000000020798132, 1.9999999979118608, 0.0, 1.9999999979564531, 1.0000000020285806, 0.9999999989740636, 1.9999999979669367, 1.999999997954211, 1.9999999979465257, 0.9999999989740636, 1.000000002021827, 1.9999999979654954, 1.9999999979373801, 1.999999997971552, 0.9999999989740636, 1.0000000020691753, 1.99999999791571, 1.9999999979725762, 1.9999999979387928]
[0.9999999989823896, 1.999999997985946, 1.000000002003222, 1.9999999979740493, 1.999999997966341, 0.9999999989823896, 1.000000002088139, 1.9999999979201868, 1.9999999979564531, 0.0, 1.0000000020369066, 0.9999999989823897, 1.9999999979752627, 1.999999997962537, 1.9999999979548517, 0.9999999989823897, 1.000000002030153, 1.9999999979738214, 1.9999999979457062, 1.999999997979878, 0.9999999989823897, 1.0000000020775013, 1.999999997924036, 1.9999999979809022, 1.9999999979471188]
[3.0545170837115165e-9, 1.0000000020580735, 6.0753496677889984e-9, 1.0000000020461768, 1.0000000020384685, 3.0545170837115165e-9, 6.160266630139688e-9, 1.0000000019923143, 1.0000000020285806, 1.0000000020369066, 0.0, 3.054517194733819e-9, 1.0000000020473903, 1.0000000020346644, 1.0000000020269795, 3.054517194733819e-9, 6.102280569741936e-9, 1.0000000020459492, 1.000000002017834, 1.0000000020520057, 3.054517194733819e-9, 6.14962891720694e-9, 1.0000000019961637, 1.0000000020530297, 1.0000000020192465]
[0.0, 0.9999999990035564, 3.020832584077482e-9, 0.9999999989916597, 0.9999999989839513, 0.0, 3.1057495464281715e-9, 0.9999999989377972, 0.9999999989740636, 0.9999999989823897, 3.054517194733819e-9, 0.0, 0.9999999989928732, 0.9999999989801474, 0.9999999989724622, 0.0, 3.0477633750081168e-9, 0.9999999989914319, 0.9999999989633166, 0.9999999989974884, 0.0, 3.0951117224731206e-9, 0.9999999989416464, 0.9999999989985127, 0.9999999989647292]
[0.9999999989928732, 1.9999999979964296, 1.0000000020137056, 1.9999999979845329, 1.9999999979768246, 0.9999999989928732, 1.0000000020986226, 1.9999999979306704, 1.9999999979669367, 1.9999999979752627, 1.0000000020473903, 0.9999999989928732, 0.0, 1.9999999979730205, 1.9999999979653353, 0.9999999989928732, 1.0000000020406365, 1.999999997984305, 1.9999999979561898, 1.9999999979903615, 0.9999999989928732, 1.000000002087985, 1.9999999979345195, 1.9999999979913858, 1.9999999979576024]
[0.9999999989801474, 1.9999999979837038, 1.0000000020009798, 1.999999997971807, 1.9999999979640988, 0.9999999989801474, 1.0000000020858968, 1.9999999979179446, 1.999999997954211, 1.999999997962537, 1.0000000020346644, 0.9999999989801474, 1.9999999979730205, 0.0, 1.9999999979526095, 0.9999999989801472, 1.0000000020279107, 1.9999999979715792, 1.999999997943464, 1.9999999979776357, 0.9999999989801472, 1.000000002075259, 1.9999999979217937, 1.99999999797866, 1.9999999979448766]
[0.9999999989724622, 1.9999999979760186, 1.0000000019932949, 1.9999999979641219, 1.9999999979564136, 0.9999999989724622, 1.0000000020782118, 1.9999999979102594, 1.9999999979465257, 1.9999999979548517, 1.0000000020269795, 0.9999999989724622, 1.9999999979653353, 1.9999999979526095, 0.0, 0.9999999989724623, 1.0000000020202255, 1.999999997963894, 1.9999999979357788, 1.9999999979699505, 0.9999999989724623, 1.000000002067574, 1.9999999979141085, 1.9999999979709748, 1.9999999979371914]
[0.0, 0.9999999990035564, 3.020832584077482e-9, 0.9999999989916597, 0.9999999989839513, 0.0, 3.1057495464281715e-9, 0.9999999989377972, 0.9999999989740636, 0.9999999989823897, 3.054517194733819e-9, 0.0, 0.9999999989928732, 0.9999999989801472, 0.9999999989724623, 0.0, 3.0477633750081168e-9, 0.9999999989914319, 0.9999999989633166, 0.9999999989974884, 0.0, 3.0951117224731206e-9, 0.9999999989416464, 0.9999999989985127, 0.9999999989647292]
[3.0477633750081168e-9, 1.0000000020513198, 6.068595959085599e-9, 1.000000002039423, 1.0000000020317148, 3.0477633750081168e-9, 6.153512921436288e-9, 1.0000000019855606, 1.000000002021827, 1.000000002030153, 6.102280569741936e-9, 3.0477633750081168e-9, 1.0000000020406365, 1.0000000020279107, 1.0000000020202255, 3.0477633750081168e-9, 0.0, 1.0000000020391953, 1.00000000201108, 1.0000000020452517, 3.0477633750081168e-9, 6.142875097481237e-9, 1.0000000019894097, 1.000000002046276, 1.0000000020124926]
[0.9999999989914319, 1.9999999979949883, 1.0000000020122646, 1.9999999979830916, 1.9999999979753833, 0.9999999989914319, 1.0000000020971815, 1.9999999979292291, 1.9999999979654954, 1.9999999979738214, 1.0000000020459492, 0.9999999989914319, 1.999999997984305, 1.9999999979715792, 1.999999997963894, 0.9999999989914319, 1.0000000020391953, 0.0, 1.9999999979547485, 1.9999999979889203, 0.9999999989914319, 1.0000000020865436, 1.9999999979330783, 1.9999999979899445, 1.9999999979561611]
[0.9999999989633166, 1.999999997966873, 1.0000000019841493, 1.9999999979549763, 1.999999997947268, 0.9999999989633166, 1.0000000020690663, 1.9999999979011138, 1.9999999979373801, 1.9999999979457062, 1.000000002017834, 0.9999999989633166, 1.9999999979561898, 1.999999997943464, 1.9999999979357788, 0.9999999989633166, 1.00000000201108, 1.9999999979547485, 0.0, 1.999999997960805, 0.9999999989633165, 1.0000000020584283, 1.999999997904963, 1.9999999979618293, 1.9999999979280458]
[0.9999999989974884, 1.9999999980010448, 1.000000002018321, 1.999999997989148, 1.9999999979814398, 0.9999999989974884, 1.000000002103238, 1.9999999979352856, 1.999999997971552, 1.999999997979878, 1.0000000020520057, 0.9999999989974884, 1.9999999979903615, 1.9999999979776357, 1.9999999979699505, 0.9999999989974884, 1.0000000020452517, 1.9999999979889203, 1.999999997960805, 0.0, 0.9999999989974883, 1.0000000020926, 1.9999999979391347, 1.999999997996001, 1.9999999979622176]
[0.0, 0.9999999990035564, 3.020832584077482e-9, 0.9999999989916597, 0.9999999989839513, 0.0, 3.1057495464281715e-9, 0.9999999989377972, 0.9999999989740636, 0.9999999989823897, 3.054517194733819e-9, 0.0, 0.9999999989928732, 0.9999999989801472, 0.9999999989724623, 0.0, 3.0477633750081168e-9, 0.9999999989914319, 0.9999999989633165, 0.9999999989974883, 0.0, 3.0951117224731206e-9, 0.9999999989416464, 0.9999999989985127, 0.9999999989647292]
[3.0951117224731206e-9, 1.0000000020986681, 6.1159443065506025e-9, 1.0000000020867714, 1.0000000020790631, 3.0951117224731206e-9, 6.200861268901292e-9, 1.000000002032909, 1.0000000020691753, 1.0000000020775013, 6.14962891720694e-9, 3.0951117224731206e-9, 1.000000002087985, 1.000000002075259, 1.000000002067574, 3.0951117224731206e-9, 6.142875097481237e-9, 1.0000000020865436, 1.0000000020584283, 1.0000000020926, 3.0951117224731206e-9, 0.0, 1.000000002036758, 1.0000000020936244, 1.000000002059841]
[0.9999999989416464, 1.9999999979452028, 1.000000001962479, 1.999999997933306, 1.9999999979255978, 0.9999999989416464, 1.000000002047396, 1.9999999978794436, 1.99999999791571, 1.999999997924036, 1.0000000019961637, 0.9999999989416464, 1.9999999979345195, 1.9999999979217937, 1.9999999979141085, 0.9999999989416464, 1.0000000019894097, 1.9999999979330783, 1.999999997904963, 1.9999999979391347, 0.9999999989416464, 1.000000002036758, 0.0, 1.999999997940159, 1.9999999979063756]
[0.9999999989985127, 1.999999998002069, 1.0000000020193451, 1.9999999979901724, 1.999999997982464, 0.9999999989985127, 1.000000002104262, 1.99999999793631, 1.9999999979725762, 1.9999999979809022, 1.0000000020530297, 0.9999999989985127, 1.9999999979913858, 1.99999999797866, 1.9999999979709748, 0.9999999989985127, 1.000000002046276, 1.9999999979899445, 1.9999999979618293, 1.999999997996001, 0.9999999989985127, 1.0000000020936244, 1.999999997940159, 0.0, 1.999999997963242]
[0.9999999989647292, 1.9999999979682856, 1.000000001985562, 1.999999997956389, 1.9999999979486807, 0.9999999989647292, 1.000000002070479, 1.9999999979025265, 1.9999999979387928, 1.9999999979471188, 1.0000000020192465, 0.9999999989647292, 1.9999999979576024, 1.9999999979448766, 1.9999999979371914, 0.9999999989647292, 1.0000000020124926, 1.9999999979561611, 1.9999999979280458, 1.9999999979622176, 0.9999999989647292, 1.000000002059841, 1.9999999979063756, 1.999999997963242, 0.0]
w vector is :
 [0.02165743775589084, 0.9964435686977613, 0.08847493890908964, 1.008340298644598, 1.0160486473489132, 0.0030347605022651436, 0.011577696455684294, 1.0622027793424365, 1.0259364271132643, 1.017610365134924, 0.12573813825710378, 0.011229893004874512, 1.0071267817017104, 1.0198527321191242, 1.0275377465366005, 0.0, 0.012167213259470344, 1.0085681195139926, 1.036683493279825, 1.002511723095525, 0.060204620732879466, 0.025596919388016115, 1.058353694116566, 1.00148724853582, 1.0352706962990437]p matrix is :
 [0.0, 0.0, 0.0, 0.0, 0.0, 0.0, 0.0, 0.0, 0.0, 0.0, 0.0, 0.0, 0.0, 0.0, 0.0, 0.0, 0.0, 0.0, 0.0, 0.0, 0.0, 0.0, 0.0, 0.0, 0.0]
[0.0, 0.0, 0.0, 0.0, 0.0, 0.0, 0.0, 0.0, 0.0, 0.0, 0.0, 0.0, 0.0, 0.0, 0.0, 0.0, 0.0, 0.0, 0.0, 0.0, 0.0, 0.0, 0.0, 0.0, 0.0]
[0.0, 0.0, 0.0, 0.0, 0.0, 0.0, 0.0, 0.0, 0.0, 0.0, 0.0, 0.0, 0.0, 0.0, 0.0, 0.0, 0.0, 0.0, 0.0, 0.0, 0.0, 0.0, 0.0, 0.0, 0.0]
[0.0, 0.0, 0.0, 0.0, 0.0, 0.0, 0.0, 0.0, 0.0, 0.0, 0.0, 0.0, 0.0, 0.0, 0.0, 0.0, 0.0, 0.0, 0.0, 0.0, 0.0, 0.0, 0.0, 0.0, 0.0]
[0.0, 0.0, 0.0, 0.0, 0.0, 0.0, 0.0, 0.0, 0.0, 0.0, 0.0, 0.0, 0.0, 0.0, 0.0, 0.0, 0.0, 0.0, 0.0, 0.0, 0.0, 0.0, 0.0, 0.0, 0.0]
[0.0, 0.0, 0.0, 0.0, 0.0, 0.0, 0.0, 0.0, 0.0, 0.0, 0.0, 0.0, 0.0, 0.0, 0.0, 0.0, 0.0, 0.0, 0.0, 0.0, 0.0, 0.0, 0.0, 0.0, 0.0]
[0.0, 0.0, 0.0, 0.0, 0.0, 0.0, 0.0, 0.0, 0.0, 0.0, 0.0, 0.0, 0.0, 0.0, 0.0, 0.0, 0.0, 0.0, 0.0, 0.0, 0.0, 0.0, 0.0, 0.0, 0.0]
[0.0, 0.0, 0.0, 0.0, 0.0, 0.0, 0.0, 0.0, 0.0, 0.0, 0.0, 0.0, 0.0, 0.0, 0.0, 0.0, 0.0, 0.0, 0.0, 0.0, 0.0, 0.0, 0.0, 0.0, 0.0]
[0.0, 0.0, 0.0, 0.0, 0.0, 0.0, 0.0, 0.0, 0.0, 0.0, 0.0, 0.0, 0.0, 0.0, 0.0, 0.0, 0.0, 0.0, 0.0, 0.0, 0.0, 0.0, 0.0, 0.0, 0.0]
[0.0, 0.0, 0.0, 0.0, 0.0, 0.0, 0.0, 0.0, 0.0, 0.0, 0.0, 0.0, 0.0, 0.0, 0.0, 0.0, 0.0, 0.0, 0.0, 0.0, 0.0, 0.0, 0.0, 0.0, 0.0]
[0.0, 0.0, 0.0, 0.0, 0.0, 0.0, 0.0, 0.0, 0.0, 0.0, 0.0, 0.0, 0.0, 0.0, 0.0, 0.0, 0.0, 0.0, 0.0, 0.0, 0.0, 0.0, 0.0, 0.0, 0.0]
[0.0, 0.0, 0.0, 0.0, 0.0, 0.0, 0.0, 0.0, 0.0, 0.0, 0.0, 0.0, 0.0, 0.0, 0.0, 0.0, 0.0, 0.0, 0.0, 0.0, 0.0, 0.0, 0.0, 0.0, 0.0]
[0.0, 0.0, 0.0, 0.0, 0.0, 0.0, 0.0, 0.0, 0.0, 0.0, 0.0, 0.0, 0.0, 0.0, 0.0, 0.0, 0.0, 0.0, 0.0, 0.0, 0.0, 0.0, 0.0, 0.0, 0.0]
[0.0, 0.0, 0.0, 0.0, 0.0, 0.0, 0.0, 0.0, 0.0, 0.0, 0.0, 0.0, 0.0, 0.0, 0.0, 0.0, 0.0, 0.0, 0.0, 0.0, 0.0, 0.0, 0.0, 0.0, 0.0]
[0.0, 0.0, 0.0, 0.0, 0.0, 0.0, 0.0, 0.0, 0.0, 0.0, 0.0, 0.0, 0.0, 0.0, 0.0, 0.0, 0.0, 0.0, 0.0, 0.0, 0.0, 0.0, 0.0, 0.0, 0.0]
[0.0, 0.0, 0.0, 0.0, 0.0, 0.0, 0.0, 0.0, 0.0, 0.0, 0.0, 0.0, 0.0, 0.0, 0.0, 0.0, 0.0, 0.0, 0.0, 0.0, 0.0, 0.0, 0.0, 0.0, 0.0]
[0.0, 0.0, 0.0, 0.0, 0.0, 0.0, 0.0, 0.0, 0.0, 0.0, 0.0, 0.0, 0.0, 0.0, 0.0, 0.0, 0.0, 0.0, 0.0, 0.0, 0.0, 0.0, 0.0, 0.0, 0.0]
[0.0, 0.0, 0.0, 0.0, 0.0, 0.0, 0.0, 0.0, 0.0, 0.0, 0.0, 0.0, 0.0, 0.0, 0.0, 0.0, 0.0, 0.0, 0.0, 0.0, 0.0, 0.0, 0.0, 0.0, 0.0]
[0.0, 0.0, 0.0, 0.0, 0.0, 0.0, 0.0, 0.0, 0.0, 0.0, 0.0, 0.0, 0.0, 0.0, 0.0, 0.0, 0.0, 0.0, 0.0, 0.0, 0.0, 0.0, 0.0, 0.0, 0.0]
[0.0, 0.0, 0.0, 0.0, 0.0, 0.0, 0.0, 0.0, 0.0, 0.0, 0.0, 0.0, 0.0, 0.0, 0.0, 0.0, 0.0, 0.0, 0.0, 0.0, 0.0, 0.0, 0.0, 0.0, 0.0]
[0.0, 0.0, 0.0, 0.0, 0.0, 0.0, 0.0, 0.0, 0.0, 0.0, 0.0, 0.0, 0.0, 0.0, 0.0, 0.0, 0.0, 0.0, 0.0, 0.0, 0.0, 0.0, 0.0, 0.0, 0.0]
[0.0, 0.0, 0.0, 0.0, 0.0, 0.0, 0.0, 0.0, 0.0, 0.0, 0.0, 0.0, 0.0, 0.0, 0.0, 0.0, 0.0, 0.0, 0.0, 0.0, 0.0, 0.0, 0.0, 0.0, 0.0]
[0.0, 0.0, 0.0, 0.0, 0.0, 0.0, 0.0, 0.0, 0.0, 0.0, 0.0, 0.0, 0.0, 0.0, 0.0, 0.0, 0.0, 0.0, 0.0, 0.0, 0.0, 0.0, 0.0, 0.0, 0.0]
[0.0, 0.0, 0.0, 0.0, 0.0, 0.0, 0.0, 0.0, 0.0, 0.0, 0.0, 0.0, 0.0, 0.0, 0.0, 0.0, 0.0, 0.0, 0.0, 0.0, 0.0, 0.0, 0.0, 0.0, 0.0]
[0.0, 0.0, 0.0, 0.0, 0.0, 0.0, 0.0, 0.0, 0.0, 0.0, 0.0, 0.0, 0.0, 0.0, 0.0, 0.0, 0.0, 0.0, 0.0, 0.0, 0.0, 0.0, 0.0, 0.0, 0.0]
