Academic license - for non-commercial use only
Academic license - for non-commercial use only
Optimize a model with 3080 rows, 1325 columns and 8000 nonzeros
Variable types: 1300 continuous, 25 integer (25 binary)
Coefficient statistics:
  Matrix range     [1e+00, 1e+09]
  Objective range  [1e+00, 1e+00]
  Bounds range     [0e+00, 0e+00]
  RHS range        [1e-02, 2e+00]
Warning: Model contains large matrix coefficients
         Consider reformulating model or setting NumericFocus parameter
         to avoid numerical issues.
Found heuristic solution: objective -0.0000000
Presolve removed 2150 rows and 975 columns
Presolve time: 0.00s
Presolved: 930 rows, 350 columns, 2775 nonzeros
Variable types: 325 continuous, 25 integer (25 binary)

Root relaxation: objective 1.570440e+01, 56 iterations, 0.00 seconds

    Nodes    |    Current Node    |     Objective Bounds      |     Work
 Expl Unexpl |  Obj  Depth IntInf | Incumbent    BestBd   Gap | It/Node Time

*    0     0               0      15.7044034   15.70440  0.00%     -    0s

Explored 0 nodes (71 simplex iterations) in 0.03 seconds
Thread count was 24 (of 24 available processors)

Solution count 2: 15.7044 -0 

Optimal solution found (tolerance 1.00e-04)
Best objective 1.570440342306e+01, best bound 1.570440342306e+01, gap 0.0000%
num_cluster is 5
card is 5
visit_m is 2
limits_ is [1, 1]
dim is 2
sum dis 109.87926562433383

dis_mat matrix is :
 [Inf, 0.11319831843384735, 0.07837243186505687, 0.19072144949260916, 0.04483011481152739, 0.02553570009608181, 0.3052131011419714, 0.11518188099046363, 0.16368029088818234, 0.08787465385293783, 0.2556605703450404, 0.164570446097067, 0.2253935963394784, 0.14673373932309056, 0.2080935749089041, 0.10552676307469393, 0.2561982819960227, 0.13595158136239607, 0.010244883313534623, 0.1676753151424051, 0.35347196169842465, 0.19253046918291639, 0.030264697398596142, 0.09854315622674335, 0.1506727837736208]
[0.11319831843384735, Inf, 0.08036205907922889, 0.18491924337318086, 0.10735300730936896, 0.10220248960564611, 0.24420322949329873, 0.16219072114110114, 0.0617237281231426, 0.1911518644498963, 0.1430813845626084, 0.17741258245515612, 0.2179288335027836, 0.12828693851132092, 0.22794425527817394, 0.218620833398561, 0.19969184901103307, 0.0935825276812284, 0.112948014262019, 0.1526615174559023, 0.3236643286750206, 0.15025558277980755, 0.13780182384207076, 0.19413091550332573, 0.16978554815401617]
[0.07837243186505687, 0.08036205907922889, Inf, 0.12371559557450251, 0.1061139246221391, 0.05384016642352134, 0.22695520555716564, 0.08187879801079449, 0.10375892821367272, 0.12593741375053424, 0.21350701397737729, 0.10621734961914003, 0.1590247176978535, 0.07206150278443904, 0.1560609650890935, 0.16787473588882285, 0.27249808959939403, 0.0577278599801674, 0.08547215858726812, 0.095599779516453, 0.281360865313891, 0.21585035359388194, 0.1085416154985668, 0.12330630836844148, 0.09562397218028348]
[0.19072144949260916, 0.18491924337318086, 0.12371559557450251, Inf, 0.22719976418319243, 0.16574434824381915, 0.1463781535996646, 0.09259205697005606, 0.1645533571310729, 0.18650775572902853, 0.2740799454272508, 0.034443365815796906, 0.035346917393107406, 0.05666740750163481, 0.05566538228996363, 0.24316712767773696, 0.38455685641080833, 0.09248547720437494, 0.20010217958426038, 0.03249059758215788, 0.16377326444638618, 0.3333918782002741, 0.2174999115578482, 0.17058162303087387, 0.04809452845295487]
[0.04483011481152739, 0.10735300730936896, 0.1061139246221391, 0.22719976418319243, Inf, 0.0641806614253786, 0.3292413494914911, 0.15834043960406038, 0.1666838665667929, 0.12735091876605434, 0.24135266141365685, 0.20396587702113972, 0.26242907186318476, 0.17810740810073142, 0.24970616980257845, 0.12948998004218987, 0.21554283485052023, 0.15950388837486498, 0.03503323728718179, 0.20111862003217082, 0.38731053363839574, 0.1511222307011581, 0.044249351829123755, 0.14071837088852368, 0.19073217857330782]
[0.02553570009608181, 0.10220248960564611, 0.05384016642352134, 0.16574434824381915, 0.0641806614253786, Inf, 0.2801534008035478, 0.09449840154069712, 0.1462207203561818, 0.08936954077689932, 0.24511765817127143, 0.14057721817206836, 0.20060367323165448, 0.12120351838995136, 0.18557648258888648, 0.11964410676002336, 0.26471618949550413, 0.11156506866501603, 0.034395160538734454, 0.14220714006342394, 0.3281500433715757, 0.20257550784133896, 0.055069056813669214, 0.0948791747445028, 0.12701241114359335]
[0.3052131011419714, 0.24420322949329873, 0.22695520555716564, 0.1463781535996646, 0.3292413494914911, 0.2801534008035478, Inf, 0.23381526295299032, 0.18988149004952637, 0.3258351452443776, 0.25146300652833475, 0.18003736285054447, 0.13403264407247864, 0.16233326345796156, 0.1872717040431108, 0.38006728434419057, 0.41916168177424457, 0.1701806273077348, 0.3124037827853113, 0.1488396487221036, 0.11228492725325644, 0.38577021555360375, 0.33520764008095577, 0.31231726464442416, 0.19197646431062396]
[0.11518188099046363, 0.16219072114110114, 0.08187879801079449, 0.09259205697005606, 0.15834043960406038, 0.09449840154069712, 0.23381526295299032, Inf, 0.17498209344388618, 0.0939286163347878, 0.28937086247606675, 0.05912570712553413, 0.1222702690964779, 0.0804491866141062, 0.09411681465995526, 0.15063947835768246, 0.3511648013675162, 0.103057093504897, 0.12540921829439153, 0.08559435288220639, 0.25361278577717905, 0.29179570461369464, 0.13639961680161614, 0.07869288664344762, 0.04464848187607169]
[0.16368029088818234, 0.0617237281231426, 0.10375892821367272, 0.1645533571310729, 0.1666838665667929, 0.1462207203561818, 0.18988149004952637, 0.17498209344388618, Inf, 0.2290078278258612, 0.11509584655739107, 0.16892408833437553, 0.19226043313975708, 0.11343442350475985, 0.21617737345167795, 0.26585902815054663, 0.23399292997728943, 0.07715299557477036, 0.16593978274168353, 0.13309548437460456, 0.27995358151947614, 0.19603557986531436, 0.19156209042736788, 0.22706382226812433, 0.16624903402001193]
[0.08787465385293783, 0.1911518644498963, 0.12593741375053424, 0.18650775572902853, 0.12735091876605434, 0.08936954077689932, 0.3258351452443776, 0.0939286163347878, 0.2290078278258612, Inf, 0.33346993169833433, 0.15273023457005216, 0.21509211214818172, 0.16586862483604567, 0.1788274937475475, 0.05733489171066707, 0.3426717846900972, 0.17496490418023644, 0.09484127985782037, 0.1770193364348574, 0.3459008718575371, 0.27840558414982497, 0.08590021640055504, 0.020423585350793482, 0.13847346581338313]
[0.2556605703450404, 0.1430813845626084, 0.21350701397737729, 0.2740799454272508, 0.24135266141365685, 0.24511765817127143, 0.25146300652833475, 0.28937086247606675, 0.11509584655739107, 0.33346993169833433, Inf, 0.2826380035712486, 0.2973231180154207, 0.2270589955811922, 0.32799395443764917, 0.3611773020032647, 0.1910605374613251, 0.19181509790427465, 0.254352875451007, 0.24439077937957343, 0.358979111725095, 0.18696693321960242, 0.27811176131535265, 0.3348123564319377, 0.2808978077100158]
[0.164570446097067, 0.17741258245515612, 0.10621734961914003, 0.034443365815796906, 0.20396587702113972, 0.14057721817206836, 0.18003736285054447, 0.05912570712553413, 0.16892408833437553, 0.15273023457005216, 0.2826380035712486, Inf, 0.06342866640664901, 0.05560664190852073, 0.050605755728228355, 0.20968160869817629, 0.3760161863968889, 0.09206098806257465, 0.17439050188319438, 0.04232051893080993, 0.1947671035997226, 0.32139491472296244, 0.1895968817391506, 0.13638154102210395, 0.014711651950412977]
[0.2253935963394784, 0.2179288335027836, 0.1590247176978535, 0.035346917393107406, 0.26242907186318476, 0.20060367323165448, 0.13403264407247864, 0.1222702690964779, 0.19226043313975708, 0.21509211214818172, 0.2973231180154207, 0.06342866640664901, Inf, 0.09053590597436131, 0.05325573051352208, 0.27231045479233423, 0.4171346914813119, 0.12453151584978794, 0.23489703445189788, 0.06567104337541337, 0.13136817016018293, 0.3672560619367374, 0.25164100642766685, 0.19782560739155672, 0.0781382098833397]
[0.14673373932309056, 0.12828693851132092, 0.07206150278443904, 0.05666740750163481, 0.17810740810073142, 0.12120351838995136, 0.16233326345796156, 0.0804491866141062, 0.11343442350475985, 0.16586862483604567, 0.2270589955811922, 0.05560664190852073, 0.09053590597436131, Inf, 0.10330565901969029, 0.2183994329671753, 0.327962110508355, 0.0372449049447241, 0.1550816728272917, 0.024891419468952326, 0.20930328269445506, 0.27686275117654513, 0.17582513574235342, 0.15475084472464662, 0.05502146976376986]
[0.2080935749089041, 0.22794425527817394, 0.1560609650890935, 0.05566538228996363, 0.24970616980257845, 0.18557648258888648, 0.1872717040431108, 0.09411681465995526, 0.21617737345167795, 0.1788274937475475, 0.32799395443764917, 0.050605755728228355, 0.05325573051352208, 0.10330565901969029, Inf, 0.23581015347068937, 0.42661365196617757, 0.1405252940364828, 0.21821666081980212, 0.08361418668812556, 0.17144247853053085, 0.3716922838948732, 0.23046390506202824, 0.1597059365917791, 0.060574259428514354]
[0.10552676307469393, 0.218620833398561, 0.16787473588882285, 0.24316712767773696, 0.12948998004218987, 0.11964410676002336, 0.38006728434419057, 0.15063947835768246, 0.26585902815054663, 0.05733489171066707, 0.3611773020032647, 0.20968160869817629, 0.27231045479233423, 0.2183994329671753, 0.23581015347068937, Inf, 0.33935038522627387, 0.22222410622670147, 0.10735164036187554, 0.23176077302633127, 0.4032173514894948, 0.2748922484620282, 0.08608666300335925, 0.07613727874287847, 0.1952855504025094]
[0.2561982819960227, 0.19969184901103307, 0.27249808959939403, 0.38455685641080833, 0.21554283485052023, 0.26471618949550413, 0.41916168177424457, 0.3511648013675162, 0.23399292997728943, 0.3426717846900972, 0.1910605374613251, 0.3760161863968889, 0.4171346914813119, 0.327962110508355, 0.42661365196617757, 0.33935038522627387, Inf, 0.2926128873689723, 0.24817047425556557, 0.35221418342122657, 0.513942084625241, 0.064651583197114, 0.2589356188806836, 0.35472765460183436, 0.3671623608606034]
[0.13595158136239607, 0.0935825276812284, 0.0577278599801674, 0.09248547720437494, 0.15950388837486498, 0.11156506866501603, 0.1701806273077348, 0.103057093504897, 0.07715299557477036, 0.17496490418023644, 0.19181509790427465, 0.09206098806257465, 0.12453151584978794, 0.0372449049447241, 0.1405252940364828, 0.22222410622670147, 0.2926128873689723, Inf, 0.14261167395094665, 0.05999511120186619, 0.23404483962764602, 0.2435670089119459, 0.16618094717943643, 0.16775934361490577, 0.08913213207278467]
[0.010244883313534623, 0.112948014262019, 0.08547215858726812, 0.20010217958426038, 0.03503323728718179, 0.034395160538734454, 0.3124037827853113, 0.12540921829439153, 0.16593978274168353, 0.09484127985782037, 0.254352875451007, 0.17439050188319438, 0.23489703445189788, 0.1550816728272917, 0.21821666081980212, 0.10735164036187554, 0.24817047425556557, 0.14261167395094665, Inf, 0.17647785155191542, 0.3625210497741053, 0.1842099724500067, 0.025643497932644917, 0.10671860049693117, 0.16057719776622478]
[0.1676753151424051, 0.1526615174559023, 0.095599779516453, 0.03249059758215788, 0.20111862003217082, 0.14220714006342394, 0.1488396487221036, 0.08559435288220639, 0.13309548437460456, 0.1770193364348574, 0.24439077937957343, 0.04232051893080993, 0.06567104337541337, 0.024891419468952326, 0.08361418668812556, 0.23176077302633127, 0.35221418342122657, 0.05999511120186619, 0.17647785155191542, Inf, 0.18632785443696753, 0.3016307499706693, 0.19598252880486794, 0.1636497389926187, 0.04830320396850676]
[0.35347196169842465, 0.3236643286750206, 0.281360865313891, 0.16377326444638618, 0.38731053363839574, 0.3281500433715757, 0.11228492725325644, 0.25361278577717905, 0.27995358151947614, 0.3459008718575371, 0.358979111725095, 0.1947671035997226, 0.13136817016018293, 0.20930328269445506, 0.17144247853053085, 0.4032173514894948, 0.513942084625241, 0.23404483962764602, 0.3625210497741053, 0.18632785443696753, Inf, 0.47276503453895313, 0.38095026303415364, 0.3280533700405718, 0.2094655540870612]
[0.19253046918291639, 0.15025558277980755, 0.21585035359388194, 0.3333918782002741, 0.1511222307011581, 0.20257550784133896, 0.38577021555360375, 0.29179570461369464, 0.19603557986531436, 0.27840558414982497, 0.18696693321960242, 0.32139491472296244, 0.3672560619367374, 0.27686275117654513, 0.3716922838948732, 0.2748922484620282, 0.064651583197114, 0.2435670089119459, 0.1842099724500067, 0.3016307499706693, 0.47276503453895313, Inf, 0.19433409222168085, 0.29091269297500627, 0.3114309450752726]
[0.030264697398596142, 0.13780182384207076, 0.1085416154985668, 0.2174999115578482, 0.044249351829123755, 0.055069056813669214, 0.33520764008095577, 0.13639961680161614, 0.19156209042736788, 0.08590021640055504, 0.27811176131535265, 0.1895968817391506, 0.25164100642766685, 0.17582513574235342, 0.23046390506202824, 0.08608666300335925, 0.2589356188806836, 0.16618094717943643, 0.025643497932644917, 0.19598252880486794, 0.38095026303415364, 0.19433409222168085, Inf, 0.10158420108343631, 0.17527915069134006]
[0.09854315622674335, 0.19413091550332573, 0.12330630836844148, 0.17058162303087387, 0.14071837088852368, 0.0948791747445028, 0.31231726464442416, 0.07869288664344762, 0.22706382226812433, 0.020423585350793482, 0.3348123564319377, 0.13638154102210395, 0.19782560739155672, 0.15475084472464662, 0.1597059365917791, 0.07613727874287847, 0.35472765460183436, 0.16775934361490577, 0.10671860049693117, 0.1636497389926187, 0.3280533700405718, 0.29091269297500627, 0.10158420108343631, Inf, 0.12251443329192974]
[0.1506727837736208, 0.16978554815401617, 0.09562397218028348, 0.04809452845295487, 0.19073217857330782, 0.12701241114359335, 0.19197646431062396, 0.04464848187607169, 0.16624903402001193, 0.13847346581338313, 0.2808978077100158, 0.014711651950412977, 0.0781382098833397, 0.05502146976376986, 0.060574259428514354, 0.1952855504025094, 0.3671623608606034, 0.08913213207278467, 0.16057719776622478, 0.04830320396850676, 0.2094655540870612, 0.3114309450752726, 0.17527915069134006, 0.12251443329192974, Inf]
data points matrix is :
 [0.47702533706932715, 0.5697034919958014]
[0.42190522712954404, 0.4708316922929694]
[0.4987342781660548, 0.4943977156376641]
[0.6009955324995497, 0.42476881035764313]
[0.4328997805738085, 0.5776202121484606]
[0.48954604255420014, 0.5474480676332307]
[0.5751435069653779, 0.2806916205355636]
[0.5781100647007165, 0.5144880634618385]
[0.43702029998413067, 0.41098728414968366]
[0.5570428555756239, 0.6060236175719622]
[0.3354759889951108, 0.3568041982230984]
[0.598932826105852, 0.4591503561497422]
[0.629129816247723, 0.40337099160963913]
[0.546551706051795, 0.4404871065338546]
[0.6491294909933977, 0.4527287249712524]
[0.5340034291466234, 0.6585257569311977]
[0.22694554043330079, 0.5140469109635708]
[0.5094137744695775, 0.43766629421537945]
[0.4677513044010938, 0.5740566462747675]
[0.5688363429151005, 0.4293975743953943]
[0.687321349301552, 0.2855943317313767]
[0.2872181086350975, 0.5374358983775893]
[0.47139531033413307, 0.5994399125535886]
[0.5727751713388745, 0.5929999053781779]
[0.591687066352689, 0.4719539364579815]




 AdNNnew 
obj val AdNNnew 15.704403423056705
x vector is :
 [0.999999998924092, 1.0, 1.0309862748991276e-9, 1.0181024979897733e-9, 1.0268195395650107e-9, 1.0, 0.9999999974377889, 1.0445312624810653e-9, 1.0168690890420933e-9, 1.0008105931584803e-9, 1.0, 0.9999999974362409, 1.0172444073679873e-9, 1.010503319884167e-9, 1.0360113110922792e-9, 1.0, 0.9999999974506564, 1.0267415730233121e-9, 1.0082136856871379e-9, 1.014388087559894e-9, 1.0, 0.9999999974628399, 1.0174298002198638e-9, 1.0196129801718896e-9, 1.0001172073503581e-9]y vector is :
 [0.0020311946940912984, 0.04485463306418008, 1.0309862798991276, 1.0181025029897732, 1.0268195445650106, 0.0228538854934075, 0.11228493031546716, 1.0445312674810652, 1.0168690940420932, 1.0008105981584803, 0.09822675149842836, 0.014594441663696611, 1.0172444123679871, 1.010503324884167, 1.0360113160922793, 0.05652429255137611, 0.0, 1.026741578023312, 1.0082136906871377, 1.0143880925598938, 0.0, 0.06465158928361747, 1.0174298052198638, 1.0196129851718896, 1.000117212350358]z matrix is :
 [0.0, 3.0759083058384817e-9, 1.000000002044922, 1.000000002057806, 1.000000002049089, 3.0759083058384817e-9, 6.138119235110651e-9, 1.0000000020313768, 1.0000000020590392, 1.0000000020750979, 3.0759083058384817e-9, 6.139667330096188e-9, 1.000000002058664, 1.0000000020654052, 1.0000000020398971, 3.0759083058384817e-9, 6.125251750255245e-9, 1.0000000020491666, 1.0000000020676945, 1.0000000020615203, 3.0759083058384817e-9, 6.1130681627830086e-9, 1.0000000020584787, 1.0000000020562951, 1.000000002075791]
[3.0759083058384817e-9, 0.0, 0.9999999989690138, 0.9999999989818975, 0.9999999989731805, 0.0, 3.062210929272169e-9, 0.9999999989554686, 0.999999998983131, 0.9999999989991895, 0.0, 3.063759024257706e-9, 0.9999999989827555, 0.9999999989894968, 0.9999999989639887, 0.0, 3.0493434444167633e-9, 0.9999999989732584, 0.9999999989917863, 0.9999999989856119, 0.0, 3.037159856944527e-9, 0.9999999989825703, 0.9999999989803869, 0.9999999989998827]
[1.000000002044922, 0.9999999989690138, 0.0, 1.9999999979509113, 1.9999999979421943, 0.9999999989690137, 1.0000000020312247, 1.9999999979244825, 1.9999999979521448, 1.9999999979682033, 0.9999999989690137, 1.0000000020327728, 1.9999999979517693, 1.9999999979585106, 1.9999999979330025, 0.9999999989690137, 1.0000000020183573, 1.9999999979422722, 1.9999999979608, 1.9999999979546257, 0.9999999989690137, 1.0000000020061737, 1.9999999979515841, 1.9999999979494008, 1.9999999979688965]
[1.000000002057806, 0.9999999989818975, 1.9999999979509113, 0.0, 1.999999997955078, 0.9999999989818975, 1.0000000020441084, 1.9999999979373662, 1.9999999979650285, 1.999999997981087, 0.9999999989818975, 1.0000000020456565, 1.999999997964653, 1.9999999979713943, 1.9999999979458862, 0.9999999989818975, 1.000000002031241, 1.999999997955156, 1.9999999979736838, 1.9999999979675094, 0.9999999989818975, 1.0000000020190574, 1.9999999979644678, 1.9999999979622844, 1.9999999979817802]
[1.000000002049089, 0.9999999989731805, 1.9999999979421943, 1.999999997955078, 0.0, 0.9999999989731805, 1.0000000020353914, 1.9999999979286491, 1.9999999979563114, 1.99999999797237, 0.9999999989731805, 1.0000000020369395, 1.999999997955936, 1.9999999979626772, 1.9999999979371692, 0.9999999989731805, 1.000000002022524, 1.999999997946439, 1.9999999979649667, 1.9999999979587924, 0.9999999989731805, 1.0000000020103403, 1.9999999979557508, 1.9999999979535674, 1.9999999979730632]
[3.0759083058384817e-9, 0.0, 0.9999999989690137, 0.9999999989818975, 0.9999999989731805, 0.0, 3.062210929272169e-9, 0.9999999989554686, 0.999999998983131, 0.9999999989991895, 0.0, 3.063759024257706e-9, 0.9999999989827555, 0.9999999989894968, 0.9999999989639887, 0.0, 3.0493434444167633e-9, 0.9999999989732584, 0.9999999989917863, 0.9999999989856119, 0.0, 3.037159856944527e-9, 0.9999999989825703, 0.9999999989803869, 0.9999999989998827]
[6.138119235110651e-9, 3.062210929272169e-9, 1.0000000020312247, 1.0000000020441084, 1.0000000020353914, 3.062210929272169e-9, 0.0, 1.0000000020176796, 1.000000002045342, 1.0000000020614004, 3.062210929272169e-9, 6.125969953529875e-9, 1.0000000020449664, 1.0000000020517077, 1.0000000020261997, 3.062210929272169e-9, 6.111554373688932e-9, 1.0000000020354693, 1.0000000020539972, 1.0000000020478228, 3.062210929272169e-9, 6.099370786216696e-9, 1.0000000020447812, 1.0000000020425979, 1.0000000020620936]
[1.0000000020313768, 0.9999999989554686, 1.9999999979244825, 1.9999999979373662, 1.9999999979286491, 0.9999999989554686, 1.0000000020176796, 0.0, 1.9999999979385996, 1.999999997954658, 0.9999999989554688, 1.0000000020192277, 1.9999999979382241, 1.9999999979449654, 1.9999999979194574, 0.9999999989554688, 1.000000002004812, 1.999999997928727, 1.999999997947255, 1.9999999979410805, 0.9999999989554688, 1.0000000019926285, 1.999999997938039, 1.9999999979358556, 1.9999999979553513]
[1.0000000020590392, 0.999999998983131, 1.9999999979521448, 1.9999999979650285, 1.9999999979563114, 0.999999998983131, 1.000000002045342, 1.9999999979385996, 0.0, 1.9999999979823204, 0.9999999989831309, 1.00000000204689, 1.9999999979658865, 1.9999999979726277, 1.9999999979471197, 0.9999999989831309, 1.0000000020324744, 1.9999999979563894, 1.9999999979749172, 1.9999999979687428, 0.9999999989831309, 1.0000000020202908, 1.9999999979657013, 1.999999997963518, 1.9999999979830136]
[1.0000000020750979, 0.9999999989991895, 1.9999999979682033, 1.999999997981087, 1.99999999797237, 0.9999999989991895, 1.0000000020614004, 1.999999997954658, 1.9999999979823204, 0.0, 0.9999999989991895, 1.0000000020629485, 1.999999997981945, 1.9999999979886862, 1.9999999979631782, 0.9999999989991895, 1.000000002048533, 1.9999999979724479, 1.9999999979909757, 1.9999999979848013, 0.9999999989991895, 1.0000000020363493, 1.9999999979817598, 1.9999999979795764, 1.9999999979990721]
[3.0759083058384817e-9, 0.0, 0.9999999989690137, 0.9999999989818975, 0.9999999989731805, 0.0, 3.062210929272169e-9, 0.9999999989554688, 0.9999999989831309, 0.9999999989991895, 0.0, 3.063759024257706e-9, 0.9999999989827555, 0.9999999989894968, 0.9999999989639887, 0.0, 3.0493434444167633e-9, 0.9999999989732584, 0.9999999989917863, 0.9999999989856119, 0.0, 3.037159856944527e-9, 0.9999999989825703, 0.9999999989803869, 0.9999999989998827]
[6.139667330096188e-9, 3.063759024257706e-9, 1.0000000020327728, 1.0000000020456565, 1.0000000020369395, 3.063759024257706e-9, 6.125969953529875e-9, 1.0000000020192277, 1.00000000204689, 1.0000000020629485, 3.063759024257706e-9, 0.0, 1.0000000020465145, 1.0000000020532558, 1.0000000020277477, 3.0637589132354037e-9, 6.113102357652167e-9, 1.0000000020370172, 1.000000002055545, 1.000000002049371, 3.0637589132354037e-9, 6.1009187701799306e-9, 1.0000000020463293, 1.0000000020441457, 1.0000000020636417]
[1.000000002058664, 0.9999999989827555, 1.9999999979517693, 1.999999997964653, 1.999999997955936, 0.9999999989827555, 1.0000000020449664, 1.9999999979382241, 1.9999999979658865, 1.999999997981945, 0.9999999989827555, 1.0000000020465145, 0.0, 1.9999999979722523, 1.9999999979467442, 0.9999999989827556, 1.000000002032099, 1.999999997956014, 1.9999999979745418, 1.9999999979683674, 0.9999999989827556, 1.0000000020199153, 1.9999999979653258, 1.9999999979631424, 1.9999999979826382]
[1.0000000020654052, 0.9999999989894968, 1.9999999979585106, 1.9999999979713943, 1.9999999979626772, 0.9999999989894968, 1.0000000020517077, 1.9999999979449654, 1.9999999979726277, 1.9999999979886862, 0.9999999989894968, 1.0000000020532558, 1.9999999979722523, 0.0, 1.9999999979534855, 0.9999999989894967, 1.0000000020388402, 1.9999999979627552, 1.999999997981283, 1.9999999979751086, 0.9999999989894967, 1.0000000020266566, 1.999999997972067, 1.9999999979698837, 1.9999999979893794]
[1.0000000020398971, 0.9999999989639887, 1.9999999979330025, 1.9999999979458862, 1.9999999979371692, 0.9999999989639887, 1.0000000020261997, 1.9999999979194574, 1.9999999979471197, 1.9999999979631782, 0.9999999989639887, 1.0000000020277477, 1.9999999979467442, 1.9999999979534855, 0.0, 0.9999999989639887, 1.0000000020133322, 1.9999999979372471, 1.999999997955775, 1.9999999979496006, 0.9999999989639887, 1.0000000020011486, 1.999999997946559, 1.9999999979443757, 1.9999999979638714]
[3.0759083058384817e-9, 0.0, 0.9999999989690137, 0.9999999989818975, 0.9999999989731805, 0.0, 3.062210929272169e-9, 0.9999999989554688, 0.9999999989831309, 0.9999999989991895, 0.0, 3.0637589132354037e-9, 0.9999999989827556, 0.9999999989894967, 0.9999999989639887, 0.0, 3.0493434444167633e-9, 0.9999999989732584, 0.9999999989917863, 0.9999999989856119, 0.0, 3.037159856944527e-9, 0.9999999989825703, 0.9999999989803869, 0.9999999989998827]
[6.125251750255245e-9, 3.0493434444167633e-9, 1.0000000020183573, 1.000000002031241, 1.000000002022524, 3.0493434444167633e-9, 6.111554373688932e-9, 1.000000002004812, 1.0000000020324744, 1.000000002048533, 3.0493434444167633e-9, 6.113102357652167e-9, 1.000000002032099, 1.0000000020388402, 1.0000000020133322, 3.0493434444167633e-9, 0.0, 1.0000000020226019, 1.0000000020411297, 1.0000000020349553, 3.0493434444167633e-9, 6.08650330136129e-9, 1.0000000020319137, 1.0000000020297304, 1.0000000020492261]
[1.0000000020491666, 0.9999999989732584, 1.9999999979422722, 1.999999997955156, 1.999999997946439, 0.9999999989732584, 1.0000000020354693, 1.999999997928727, 1.9999999979563894, 1.9999999979724479, 0.9999999989732584, 1.0000000020370172, 1.999999997956014, 1.9999999979627552, 1.9999999979372471, 0.9999999989732584, 1.0000000020226019, 0.0, 1.9999999979650447, 1.9999999979588703, 0.9999999989732584, 1.0000000020104183, 1.9999999979558287, 1.9999999979536454, 1.999999997973141]
[1.0000000020676945, 0.9999999989917863, 1.9999999979608, 1.9999999979736838, 1.9999999979649667, 0.9999999989917863, 1.0000000020539972, 1.999999997947255, 1.9999999979749172, 1.9999999979909757, 0.9999999989917863, 1.000000002055545, 1.9999999979745418, 1.999999997981283, 1.999999997955775, 0.9999999989917863, 1.0000000020411297, 1.9999999979650447, 0.0, 1.9999999979773981, 0.9999999989917863, 1.0000000020289461, 1.9999999979743566, 1.9999999979721732, 1.999999997991669]
[1.0000000020615203, 0.9999999989856119, 1.9999999979546257, 1.9999999979675094, 1.9999999979587924, 0.9999999989856119, 1.0000000020478228, 1.9999999979410805, 1.9999999979687428, 1.9999999979848013, 0.9999999989856119, 1.000000002049371, 1.9999999979683674, 1.9999999979751086, 1.9999999979496006, 0.9999999989856119, 1.0000000020349553, 1.9999999979588703, 1.9999999979773981, 0.0, 0.9999999989856119, 1.0000000020227717, 1.9999999979681822, 1.9999999979659988, 1.9999999979854945]
[3.0759083058384817e-9, 0.0, 0.9999999989690137, 0.9999999989818975, 0.9999999989731805, 0.0, 3.062210929272169e-9, 0.9999999989554688, 0.9999999989831309, 0.9999999989991895, 0.0, 3.0637589132354037e-9, 0.9999999989827556, 0.9999999989894967, 0.9999999989639887, 0.0, 3.0493434444167633e-9, 0.9999999989732584, 0.9999999989917863, 0.9999999989856119, 0.0, 3.037159856944527e-9, 0.9999999989825703, 0.9999999989803869, 0.9999999989998827]
[6.1130681627830086e-9, 3.037159856944527e-9, 1.0000000020061737, 1.0000000020190574, 1.0000000020103403, 3.037159856944527e-9, 6.099370786216696e-9, 1.0000000019926285, 1.0000000020202908, 1.0000000020363493, 3.037159856944527e-9, 6.1009187701799306e-9, 1.0000000020199153, 1.0000000020266566, 1.0000000020011486, 3.037159856944527e-9, 6.08650330136129e-9, 1.0000000020104183, 1.0000000020289461, 1.0000000020227717, 3.037159856944527e-9, 0.0, 1.0000000020197302, 1.000000002017547, 1.0000000020370425]
[1.0000000020584787, 0.9999999989825703, 1.9999999979515841, 1.9999999979644678, 1.9999999979557508, 0.9999999989825703, 1.0000000020447812, 1.999999997938039, 1.9999999979657013, 1.9999999979817598, 0.9999999989825703, 1.0000000020463293, 1.9999999979653258, 1.999999997972067, 1.999999997946559, 0.9999999989825703, 1.0000000020319137, 1.9999999979558287, 1.9999999979743566, 1.9999999979681822, 0.9999999989825703, 1.0000000020197302, 0.0, 1.9999999979629572, 1.999999997982453]
[1.0000000020562951, 0.9999999989803869, 1.9999999979494008, 1.9999999979622844, 1.9999999979535674, 0.9999999989803869, 1.0000000020425979, 1.9999999979358556, 1.999999997963518, 1.9999999979795764, 0.9999999989803869, 1.0000000020441457, 1.9999999979631424, 1.9999999979698837, 1.9999999979443757, 0.9999999989803869, 1.0000000020297304, 1.9999999979536454, 1.9999999979721732, 1.9999999979659988, 0.9999999989803869, 1.000000002017547, 1.9999999979629572, 0.0, 1.9999999979802696]
[1.000000002075791, 0.9999999989998827, 1.9999999979688965, 1.9999999979817802, 1.9999999979730632, 0.9999999989998827, 1.0000000020620936, 1.9999999979553513, 1.9999999979830136, 1.9999999979990721, 0.9999999989998827, 1.0000000020636417, 1.9999999979826382, 1.9999999979893794, 1.9999999979638714, 0.9999999989998827, 1.0000000020492261, 1.999999997973141, 1.999999997991669, 1.9999999979854945, 0.9999999989998827, 1.0000000020370425, 1.999999997982453, 1.9999999979802696, 0.0]
w vector is :
 [0.0020311946940912984, 0.04485463306418008, 1.0309862798991276, 1.0181025029897732, 1.0268195445650106, 0.0228538854934075, 0.11228493031546716, 1.0445312674810652, 1.0168690940420932, 1.0008105981584803, 0.09822675149842836, 0.014594441663696611, 1.0172444123679871, 1.010503324884167, 1.0360113160922793, 0.05652429255137611, 0.0, 1.026741578023312, 1.0082136906871377, 1.0143880925598938, 0.0, 0.06465158928361747, 1.0174298052198638, 1.0196129851718896, 1.000117212350358]p matrix is :
 [0.0, 0.0, 0.0, 0.0, 0.0, 0.0, 0.0, 0.0, 0.0, 0.0, 0.0, 0.0, 0.0, 0.0, 0.0, 0.0, 0.0, 0.0, 0.0, 0.0, 0.0, 0.0, 0.0, 0.0, 0.0]
[0.0, 0.0, 0.0, 0.0, 0.0, 0.0, 0.0, 0.0, 0.0, 0.0, 0.0, 0.0, 0.0, 0.0, 0.0, 0.0, 0.0, 0.0, 0.0, 0.0, 0.0, 0.0, 0.0, 0.0, 0.0]
[0.0, 0.0, 0.0, 0.0, 0.0, 0.0, 0.0, 0.0, 0.0, 0.0, 0.0, 0.0, 0.0, 0.0, 0.0, 0.0, 0.0, 0.0, 0.0, 0.0, 0.0, 0.0, 0.0, 0.0, 0.0]
[0.0, 0.0, 0.0, 0.0, 0.0, 0.0, 0.0, 0.0, 0.0, 0.0, 0.0, 0.0, 0.0, 0.0, 0.0, 0.0, 0.0, 0.0, 0.0, 0.0, 0.0, 0.0, 0.0, 0.0, 0.0]
[0.0, 0.0, 0.0, 0.0, 0.0, 0.0, 0.0, 0.0, 0.0, 0.0, 0.0, 0.0, 0.0, 0.0, 0.0, 0.0, 0.0, 0.0, 0.0, 0.0, 0.0, 0.0, 0.0, 0.0, 0.0]
[0.0, 0.0, 0.0, 0.0, 0.0, 0.0, 0.0, 0.0, 0.0, 0.0, 0.0, 0.0, 0.0, 0.0, 0.0, 0.0, 0.0, 0.0, 0.0, 0.0, 0.0, 0.0, 0.0, 0.0, 0.0]
[0.0, 0.0, 0.0, 0.0, 0.0, 0.0, 0.0, 0.0, 0.0, 0.0, 0.0, 0.0, 0.0, 0.0, 0.0, 0.0, 0.0, 0.0, 0.0, 0.0, 0.0, 0.0, 0.0, 0.0, 0.0]
[0.0, 0.0, 0.0, 0.0, 0.0, 0.0, 0.0, 0.0, 0.0, 0.0, 0.0, 0.0, 0.0, 0.0, 0.0, 0.0, 0.0, 0.0, 0.0, 0.0, 0.0, 0.0, 0.0, 0.0, 0.0]
[0.0, 0.0, 0.0, 0.0, 0.0, 0.0, 0.0, 0.0, 0.0, 0.0, 0.0, 0.0, 0.0, 0.0, 0.0, 0.0, 0.0, 0.0, 0.0, 0.0, 0.0, 0.0, 0.0, 0.0, 0.0]
[0.0, 0.0, 0.0, 0.0, 0.0, 0.0, 0.0, 0.0, 0.0, 0.0, 0.0, 0.0, 0.0, 0.0, 0.0, 0.0, 0.0, 0.0, 0.0, 0.0, 0.0, 0.0, 0.0, 0.0, 0.0]
[0.0, 0.0, 0.0, 0.0, 0.0, 0.0, 0.0, 0.0, 0.0, 0.0, 0.0, 0.0, 0.0, 0.0, 0.0, 0.0, 0.0, 0.0, 0.0, 0.0, 0.0, 0.0, 0.0, 0.0, 0.0]
[0.0, 0.0, 0.0, 0.0, 0.0, 0.0, 0.0, 0.0, 0.0, 0.0, 0.0, 0.0, 0.0, 0.0, 0.0, 0.0, 0.0, 0.0, 0.0, 0.0, 0.0, 0.0, 0.0, 0.0, 0.0]
[0.0, 0.0, 0.0, 0.0, 0.0, 0.0, 0.0, 0.0, 0.0, 0.0, 0.0, 0.0, 0.0, 0.0, 0.0, 0.0, 0.0, 0.0, 0.0, 0.0, 0.0, 0.0, 0.0, 0.0, 0.0]
[0.0, 0.0, 0.0, 0.0, 0.0, 0.0, 0.0, 0.0, 0.0, 0.0, 0.0, 0.0, 0.0, 0.0, 0.0, 0.0, 0.0, 0.0, 0.0, 0.0, 0.0, 0.0, 0.0, 0.0, 0.0]
[0.0, 0.0, 0.0, 0.0, 0.0, 0.0, 0.0, 0.0, 0.0, 0.0, 0.0, 0.0, 0.0, 0.0, 0.0, 0.0, 0.0, 0.0, 0.0, 0.0, 0.0, 0.0, 0.0, 0.0, 0.0]
[0.0, 0.0, 0.0, 0.0, 0.0, 0.0, 0.0, 0.0, 0.0, 0.0, 0.0, 0.0, 0.0, 0.0, 0.0, 0.0, 0.0, 0.0, 0.0, 0.0, 0.0, 0.0, 0.0, 0.0, 0.0]
[0.0, 0.0, 0.0, 0.0, 0.0, 0.0, 0.0, 0.0, 0.0, 0.0, 0.0, 0.0, 0.0, 0.0, 0.0, 0.0, 0.0, 0.0, 0.0, 0.0, 0.0, 0.0, 0.0, 0.0, 0.0]
[0.0, 0.0, 0.0, 0.0, 0.0, 0.0, 0.0, 0.0, 0.0, 0.0, 0.0, 0.0, 0.0, 0.0, 0.0, 0.0, 0.0, 0.0, 0.0, 0.0, 0.0, 0.0, 0.0, 0.0, 0.0]
[0.0, 0.0, 0.0, 0.0, 0.0, 0.0, 0.0, 0.0, 0.0, 0.0, 0.0, 0.0, 0.0, 0.0, 0.0, 0.0, 0.0, 0.0, 0.0, 0.0, 0.0, 0.0, 0.0, 0.0, 0.0]
[0.0, 0.0, 0.0, 0.0, 0.0, 0.0, 0.0, 0.0, 0.0, 0.0, 0.0, 0.0, 0.0, 0.0, 0.0, 0.0, 0.0, 0.0, 0.0, 0.0, 0.0, 0.0, 0.0, 0.0, 0.0]
[0.0, 0.0, 0.0, 0.0, 0.0, 0.0, 0.0, 0.0, 0.0, 0.0, 0.0, 0.0, 0.0, 0.0, 0.0, 0.0, 0.0, 0.0, 0.0, 0.0, 0.0, 0.0, 0.0, 0.0, 0.0]
[0.0, 0.0, 0.0, 0.0, 0.0, 0.0, 0.0, 0.0, 0.0, 0.0, 0.0, 0.0, 0.0, 0.0, 0.0, 0.0, 0.0, 0.0, 0.0, 0.0, 0.0, 0.0, 0.0, 0.0, 0.0]
[0.0, 0.0, 0.0, 0.0, 0.0, 0.0, 0.0, 0.0, 0.0, 0.0, 0.0, 0.0, 0.0, 0.0, 0.0, 0.0, 0.0, 0.0, 0.0, 0.0, 0.0, 0.0, 0.0, 0.0, 0.0]
[0.0, 0.0, 0.0, 0.0, 0.0, 0.0, 0.0, 0.0, 0.0, 0.0, 0.0, 0.0, 0.0, 0.0, 0.0, 0.0, 0.0, 0.0, 0.0, 0.0, 0.0, 0.0, 0.0, 0.0, 0.0]
[0.0, 0.0, 0.0, 0.0, 0.0, 0.0, 0.0, 0.0, 0.0, 0.0, 0.0, 0.0, 0.0, 0.0, 0.0, 0.0, 0.0, 0.0, 0.0, 0.0, 0.0, 0.0, 0.0, 0.0, 0.0]
