Academic license - for non-commercial use only
Academic license - for non-commercial use only
Optimize a model with 3080 rows, 1325 columns and 8000 nonzeros
Variable types: 1300 continuous, 25 integer (25 binary)
Coefficient statistics:
  Matrix range     [1e+00, 1e+09]
  Objective range  [1e+00, 1e+00]
  Bounds range     [0e+00, 0e+00]
  RHS range        [2e-02, 2e+00]
Warning: Model contains large matrix coefficients
         Consider reformulating model or setting NumericFocus parameter
         to avoid numerical issues.
Found heuristic solution: objective -0.0000000
Presolve removed 2150 rows and 975 columns
Presolve time: 0.00s
Presolved: 930 rows, 350 columns, 2775 nonzeros
Variable types: 325 continuous, 25 integer (25 binary)

Root relaxation: objective 1.571973e+01, 49 iterations, 0.00 seconds

    Nodes    |    Current Node    |     Objective Bounds      |     Work
 Expl Unexpl |  Obj  Depth IntInf | Incumbent    BestBd   Gap | It/Node Time

*    0     0               0      15.7197338   15.71973  0.00%     -    0s

Explored 0 nodes (64 simplex iterations) in 0.02 seconds
Thread count was 24 (of 24 available processors)

Solution count 2: 15.7197 -0 

Optimal solution found (tolerance 1.00e-04)
Best objective 1.571973375338e+01, best bound 1.571973375338e+01, gap 0.0000%
num_cluster is 5
card is 5
visit_m is 2
limits_ is [1, 1]
dim is 2
sum dis 95.82148224421785

dis_mat matrix is :
 [Inf, 0.06291957701983837, 0.08145383930504828, 0.11277408909230098, 0.22008920940957427, 0.1703700110638962, 0.01651938958804266, 0.16487151215881682, 0.1429792491701027, 0.032611481873230874, 0.09453482237757689, 0.04379256439905366, 0.09773907423902899, 0.13069550878638525, 0.07790981247267131, 0.24912049794228647, 0.048045413138269585, 0.10156804349385862, 0.1855113113094631, 0.06488215862100143, 0.1638197863538366, 0.16140033287856512, 0.1552231885931636, 0.04814416501238027, 0.08896737568151865]
[0.06291957701983837, Inf, 0.025940278071128562, 0.1624862027712403, 0.25060748378724257, 0.13702607159368, 0.050958180269604976, 0.2276762244482928, 0.08454063000260113, 0.061887481462096515, 0.08812319862681683, 0.028655278720439742, 0.035670942587893884, 0.12891568515370963, 0.11484626827503362, 0.20629514820106754, 0.02070226666618192, 0.16330821332816964, 0.2192570427258432, 0.12521066576945897, 0.1868511987226841, 0.21405366951496782, 0.21550552334317166, 0.08389874653363938, 0.15100420038803092]
[0.08145383930504828, 0.025940278071128562, Inf, 0.16784842966650465, 0.2444520279743283, 0.15193458190869893, 0.07264224260879835, 0.2434505874673016, 0.08436746619307758, 0.07018518731568872, 0.11241857076930128, 0.03878217213048916, 0.02137740963810056, 0.11410402172135703, 0.11680707592547956, 0.2146319071947113, 0.04624349722967938, 0.17738454993400204, 0.24518544707153922, 0.13859878953662746, 0.17903920982396734, 0.21987197045333073, 0.23646220802082143, 0.08916885244202061, 0.1703948613886396]
[0.11277408909230098, 0.1624862027712403, 0.16784842966650465, Inf, 0.12195139192954611, 0.2831125470214273, 0.1291311530250008, 0.11207192775419722, 0.24700163317007756, 0.10059882721176827, 0.20485700704824072, 0.13409746281829582, 0.18899648229718155, 0.12062655412856785, 0.05283146456212412, 0.36157533809296366, 0.15571365612374796, 0.061139442667692744, 0.2508699616250626, 0.05933220931234554, 0.09016625994442198, 0.052023592774601286, 0.1510694884458642, 0.07908262027847077, 0.10190958939258342]
[0.22008920940957427, 0.25060748378724257, 0.2444520279743283, 0.12195139192954611, Inf, 0.38494539042006265, 0.23456876884396274, 0.20892602863398294, 0.3287674276054028, 0.19580739466404026, 0.3145022987405514, 0.22336367459311127, 0.2648469275798565, 0.14134644778580377, 0.1423745271224926, 0.4568752977475522, 0.25201151778652287, 0.17986733662796164, 0.3727432991263731, 0.1799688682185433, 0.06621660546721192, 0.11126641854773504, 0.26403227576525184, 0.17398865991402934, 0.22332977442349114]
[0.1703700110638962, 0.13702607159368, 0.15193458190869893, 0.2831125470214273, 0.38494539042006265, Inf, 0.1541481638811841, 0.3103741175963304, 0.09036580636174653, 0.18950476566774418, 0.08362517905374313, 0.16223061077218826, 0.1381145898736048, 0.2651318718661231, 0.24410302475487836, 0.0826093824626496, 0.13294218716361805, 0.2605965624513866, 0.1944029588558506, 0.23067475560315445, 0.32281626770116273, 0.33060603780416503, 0.26975420921574816, 0.21189306865290466, 0.22720146895682128]
[0.01651938958804266, 0.050958180269604976, 0.07264224260879835, 0.1291311530250008, 0.23456876884396274, 0.1541481638811841, Inf, 0.17879538941749762, 0.12777368054048305, 0.041555477485136647, 0.08006319822216469, 0.03875979216725162, 0.08657442720384317, 0.1378757902359593, 0.09219695077414099, 0.23263241254845546, 0.03348197160081671, 0.11685162667825605, 0.18233949526363188, 0.08095040368176665, 0.1767348006250724, 0.1779184506009727, 0.16461114703637655, 0.061013503173531616, 0.10025184319251416]
[0.16487151215881682, 0.2276762244482928, 0.2434505874673016, 0.11207192775419722, 0.20892602863398294, 0.3103741175963304, 0.17879538941749762, Inf, 0.30606143848805883, 0.17502082335038907, 0.22698906974318578, 0.20471052579372123, 0.2617259771940355, 0.2299415853440685, 0.15252861556381375, 0.39298154000668434, 0.21223490869747294, 0.06724642527872046, 0.20047868583247364, 0.10568439305724485, 0.1987479377464795, 0.09766368532650824, 0.06660364544981037, 0.1624511559824886, 0.08358576181024449]
[0.1429792491701027, 0.08454063000260113, 0.08436746619307758, 0.24700163317007756, 0.3287674276054028, 0.09036580636174653, 0.12777368054048305, 0.30606143848805883, Inf, 0.1464134473502142, 0.1062472187094486, 0.11294225068704669, 0.06406800134615347, 0.19516976058313829, 0.19843813204350086, 0.13410743029932143, 0.09495585517006226, 0.24449802002603044, 0.24964627138506407, 0.20756051552054788, 0.26317489622226864, 0.29859291698224655, 0.28349949222932197, 0.16820375095788526, 0.22496092510517207]
[0.032611481873230874, 0.061887481462096515, 0.07018518731568872, 0.10059882721176827, 0.19580739466404026, 0.18950476566774418, 0.041555477485136647, 0.17502082335038907, 0.1464134473502142, Inf, 0.12062720085220648, 0.03364849152201311, 0.09039608740215377, 0.09809516203804537, 0.05483394535201145, 0.26439159303793935, 0.05719406569541866, 0.10816106716620189, 0.2178750077277456, 0.0693846488349045, 0.13602430086866849, 0.15222073548089285, 0.17661563720354714, 0.022702115247723528, 0.10876849140943261]
[0.09453482237757689, 0.08812319862681683, 0.11241857076930128, 0.20485700704824072, 0.3145022987405514, 0.08362517905374313, 0.08006319822216469, 0.22698906974318578, 0.1062472187094486, 0.12062720085220648, Inf, 0.1027245235999638, 0.11047548530172802, 0.2112535889723655, 0.1721494229501568, 0.16616693553063905, 0.07303617700227669, 0.17751817610030887, 0.14440195364490296, 0.14952314149402884, 0.2565616967459507, 0.2500279899632195, 0.18978549125148939, 0.14105336591263481, 0.1436507201062689]
[0.04379256439905366, 0.028655278720439742, 0.03878217213048916, 0.13409746281829582, 0.22336367459311127, 0.16223061077218826, 0.03875979216725162, 0.20471052579372123, 0.11294225068704669, 0.03364849152201311, 0.1027245235999638, Inf, 0.05761599471182793, 0.10857278918293155, 0.08622703129802828, 0.23400340637454456, 0.030544728521177213, 0.1388657268561617, 0.2200182155161512, 0.10017060830547155, 0.16058723264403726, 0.1858246228210648, 0.19894260067756983, 0.05529404927838012, 0.1322288118077013]
[0.09773907423902899, 0.035670942587893884, 0.02137740963810056, 0.18899648229718155, 0.2648469275798565, 0.1381145898736048, 0.08657442720384317, 0.2617259771940355, 0.06406800134615347, 0.09039608740215377, 0.11047548530172802, 0.05761599471182793, Inf, 0.13180375644121506, 0.13815386661764348, 0.1962969558272506, 0.05546540039107967, 0.19634316530322551, 0.2494331404411084, 0.15773096215182927, 0.19914517412996555, 0.24101490764116906, 0.2511640601790768, 0.11012670677129295, 0.18637033756365556]
[0.13069550878638525, 0.12891568515370963, 0.11410402172135703, 0.12062655412856785, 0.14134644778580377, 0.2651318718661231, 0.1378757902359593, 0.2299415853440685, 0.19516976058313829, 0.09809516203804537, 0.2112535889723655, 0.10857278918293155, 0.13180375644121506, Inf, 0.07967531598959621, 0.32808611631907725, 0.13881759207723018, 0.16755940050170226, 0.3152699044606892, 0.13809566928712538, 0.07618039584702158, 0.1626346204682076, 0.25420354699878633, 0.08831672180623565, 0.1896429782051898]
[0.07790981247267131, 0.11484626827503362, 0.11680707592547956, 0.05283146456212412, 0.1423745271224926, 0.24410302475487836, 0.09219695077414099, 0.15252861556381375, 0.19843813204350086, 0.05483394535201145, 0.1721494229501568, 0.08622703129802828, 0.13815386661764348, 0.07967531598959621, Inf, 0.3191672671240527, 0.1120229082373749, 0.08821076405863479, 0.24799308123300515, 0.05936856071242026, 0.08710149377706285, 0.1042307026345322, 0.1747626725869156, 0.032228766455862756, 0.1116838031286653]
[0.24912049794228647, 0.20629514820106754, 0.2146319071947113, 0.36157533809296366, 0.4568752977475522, 0.0826093824626496, 0.23263241254845546, 0.39298154000668434, 0.13410743029932143, 0.26439159303793935, 0.16616693553063905, 0.23400340637454456, 0.1962969558272506, 0.32808611631907725, 0.3191672671240527, Inf, 0.2072338833879237, 0.34248770329542066, 0.2635545842917517, 0.31135137047064687, 0.3926096728128349, 0.4104150880833243, 0.351218572842652, 0.2870894648249736, 0.3097941154745823]
[0.048045413138269585, 0.02070226666618192, 0.04624349722967938, 0.15571365612374796, 0.25201151778652287, 0.13294218716361805, 0.03348197160081671, 0.21223490869747294, 0.09495585517006226, 0.05719406569541866, 0.07303617700227669, 0.030544728521177213, 0.05546540039107967, 0.13881759207723018, 0.1120229082373749, 0.2072338833879237, Inf, 0.14960924743707985, 0.19916360236838968, 0.11265400993582841, 0.19022726043734123, 0.20626378231554188, 0.19661540245182774, 0.07987445094931396, 0.13341647011672633]
[0.10156804349385862, 0.16330821332816964, 0.17738454993400204, 0.061139442667692744, 0.17986733662796164, 0.2605965624513866, 0.11685162667825605, 0.06724642527872046, 0.24449802002603044, 0.10816106716620189, 0.17751817610030887, 0.1388657268561617, 0.19634316530322551, 0.16755940050170226, 0.08821076405863479, 0.34248770329542066, 0.14960924743707985, Inf, 0.19471011558008555, 0.038829256835001554, 0.15082475119195204, 0.08119706897321094, 0.09065201980916557, 0.09524944686414379, 0.045632484356864046]
[0.1855113113094631, 0.2192570427258432, 0.24518544707153922, 0.2508699616250626, 0.3727432991263731, 0.1944029588558506, 0.18233949526363188, 0.20047868583247364, 0.24964627138506407, 0.2178750077277456, 0.14440195364490296, 0.2200182155161512, 0.2494331404411084, 0.3152699044606892, 0.24799308123300515, 0.2635545842917517, 0.19916360236838968, 0.19471011558008555, Inf, 0.1949896246508634, 0.33223156484342276, 0.2743857115833459, 0.1353434087181689, 0.22785249115317635, 0.149728177608134]
[0.06488215862100143, 0.12521066576945897, 0.13859878953662746, 0.05933220931234554, 0.1799688682185433, 0.23067475560315445, 0.08095040368176665, 0.10568439305724485, 0.20756051552054788, 0.0693846488349045, 0.14952314149402884, 0.10017060830547155, 0.15773096215182927, 0.13809566928712538, 0.05936856071242026, 0.31135137047064687, 0.11265400993582841, 0.038829256835001554, 0.1949896246508634, Inf, 0.13770874457239965, 0.10051773602790802, 0.11631684050724128, 0.05806333959435105, 0.05239574844934043]
[0.1638197863538366, 0.1868511987226841, 0.17903920982396734, 0.09016625994442198, 0.06621660546721192, 0.32281626770116273, 0.1767348006250724, 0.1987479377464795, 0.26317489622226864, 0.13602430086866849, 0.2565616967459507, 0.16058723264403726, 0.19914517412996555, 0.07618039584702158, 0.08710149377706285, 0.3926096728128349, 0.19022726043734123, 0.15082475119195204, 0.33223156484342276, 0.13770874457239965, Inf, 0.11017269345111728, 0.24118194725901712, 0.11586680944902128, 0.18781330546675234]
[0.16140033287856512, 0.21405366951496782, 0.21987197045333073, 0.052023592774601286, 0.11126641854773504, 0.33060603780416503, 0.1779184506009727, 0.09766368532650824, 0.29859291698224655, 0.15222073548089285, 0.2500279899632195, 0.1858246228210648, 0.24101490764116906, 0.1626346204682076, 0.1042307026345322, 0.4104150880833243, 0.20626378231554188, 0.08119706897321094, 0.2743857115833459, 0.10051773602790802, 0.11017269345111728, Inf, 0.15501308273552006, 0.1310251066824495, 0.12672993547192368]
[0.1552231885931636, 0.21550552334317166, 0.23646220802082143, 0.1510694884458642, 0.26403227576525184, 0.26975420921574816, 0.16461114703637655, 0.06660364544981037, 0.28349949222932197, 0.17661563720354714, 0.18978549125148939, 0.19894260067756983, 0.2511640601790768, 0.25420354699878633, 0.1747626725869156, 0.351218572842652, 0.19661540245182774, 0.09065201980916557, 0.1353434087181689, 0.11631684050724128, 0.24118194725901712, 0.15501308273552006, Inf, 0.17216479774808435, 0.06785997026053722]
[0.04814416501238027, 0.08389874653363938, 0.08916885244202061, 0.07908262027847077, 0.17398865991402934, 0.21189306865290466, 0.061013503173531616, 0.1624511559824886, 0.16820375095788526, 0.022702115247723528, 0.14105336591263481, 0.05529404927838012, 0.11012670677129295, 0.08831672180623565, 0.032228766455862756, 0.2870894648249736, 0.07987445094931396, 0.09524944686414379, 0.22785249115317635, 0.05806333959435105, 0.11586680944902128, 0.1310251066824495, 0.17216479774808435, Inf, 0.10501042997058548]
[0.08896737568151865, 0.15100420038803092, 0.1703948613886396, 0.10190958939258342, 0.22332977442349114, 0.22720146895682128, 0.10025184319251416, 0.08358576181024449, 0.22496092510517207, 0.10876849140943261, 0.1436507201062689, 0.1322288118077013, 0.18637033756365556, 0.1896429782051898, 0.1116838031286653, 0.3097941154745823, 0.13341647011672633, 0.045632484356864046, 0.149728177608134, 0.05239574844934043, 0.18781330546675234, 0.12672993547192368, 0.06785997026053722, 0.10501042997058548, Inf]
data points matrix is :
 [0.500761777426334, 0.5057025248091463]
[0.4451598988296124, 0.5351525548408934]
[0.4215070201007008, 0.5245017635912784]
[0.5306114932077602, 0.39695056097232034]
[0.47837021567239846, 0.2867553209887935]
[0.46069772997734165, 0.6712948337244973]
[0.4940548377324548, 0.5207991201969879]
[0.6406141293040839, 0.41838737609028487]
[0.39855563395706495, 0.6056873733132347]
[0.4777831514343077, 0.4825618355910906]
[0.5046588211203866, 0.6001569884009039]
[0.45710152007727967, 0.5091040869296448]
[0.4102975474758662, 0.5427045481669481]
[0.410794422256241, 0.41090172829018007]
[0.4884395239378884, 0.428773330425653]
[0.4133342709406128, 0.7389780134587298]
[0.46559899476314953, 0.5384430263173496]
[0.5761982443434246, 0.43769218060889215]
[0.6478607059857378, 0.61873505039551]
[0.5415713465965336, 0.45526173207684006]
[0.4545450662001842, 0.3485372041927478]
[0.5643637446825104, 0.3573621823042974]
[0.6543960269163738, 0.48354951912908006]
[0.48375954172491276, 0.46066049326201675]
[0.5865508046243924, 0.48213481919177076]




 AdNNnew 
obj val AdNNnew 15.7197337533836
x vector is :
 [9.98637837826154e-10, 1.0051018348235144e-9, 1.0, 1.0055733303499774e-9, 0.999999998990687, 1.0, 0.9999999973665532, 1.0512134228562448e-9, 1.0635290228870364e-9, 1.0187041828196978e-9, 1.0, 0.9999999974197856, 1.0005389663950494e-9, 1.0514444698916107e-9, 1.0282308340183105e-9, 1.0, 0.9999999973412174, 1.0160329903552295e-9, 1.1199531860558634e-9, 1.022796254440943e-9, 0.9999999974510123, 1.0, 1.015390210526962e-9, 1.0039979204053236e-9, 1.0295994819560021e-9]y vector is :
 [0.9986378428261539, 1.0051018398235143, 0.020838437242512345, 1.0055733353499774, 0.04148068857255782, 0.02683677741118108, 0.017881548896697574, 1.0512134278562446, 1.0635290278870364, 1.0187041878196978, 0.024448761469086255, 0.014944305763825438, 1.0005389713950492, 1.0514444748916105, 1.0282308390183104, 0.055772605051468624, 0.015600428996348503, 1.0160329953552294, 1.1199531910558633, 1.0227962594409428, 0.02473592295295457, 0.04645025641905032, 1.015390215526962, 1.0039979254053235, 1.0295994869560021]z matrix is :
 [0.0, 1.9999999979962604, 0.9999999990013622, 1.9999999979957888, 1.0000000020106752, 0.9999999990013622, 1.000000002134809, 1.9999999979501488, 1.9999999979378331, 1.999999997982658, 0.9999999990013622, 1.0000000020815765, 1.9999999980008232, 1.9999999979499177, 1.9999999979731313, 0.9999999990013622, 1.0000000021601447, 1.9999999979853291, 1.999999997881409, 1.9999999979785659, 1.00000000205035, 0.9999999990013622, 1.999999997985972, 1.9999999979973642, 1.9999999979717626]
[1.9999999979962604, 0.0, 0.9999999989948981, 1.9999999979893248, 1.0000000020042112, 0.9999999989948981, 1.000000002128345, 1.9999999979436849, 1.9999999979313692, 1.999999997976194, 0.9999999989948981, 1.0000000020751125, 1.9999999979943592, 1.9999999979434537, 1.9999999979666674, 0.9999999989948981, 1.0000000021536808, 1.9999999979788652, 1.999999997874945, 1.999999997972102, 1.000000002043886, 0.9999999989948981, 1.999999997979508, 1.9999999979909002, 1.9999999979652987]
[0.9999999990013622, 0.9999999989948981, 0.0, 0.9999999989944266, 3.0093130209962737e-9, 0.0, 3.1334468353350076e-9, 0.9999999989487867, 0.999999998936471, 0.9999999989812958, 0.0, 3.0802143058394904e-9, 0.999999998999461, 0.9999999989485555, 0.9999999989717692, 0.0, 3.1587825688461635e-9, 0.999999998983967, 0.9999999988800468, 0.9999999989772037, 3.0489877289596734e-9, 0.0, 0.9999999989846098, 0.999999998996002, 0.9999999989704005]
[1.9999999979957888, 1.9999999979893248, 0.9999999989944266, 0.0, 1.0000000020037396, 0.9999999989944267, 1.0000000021278734, 1.9999999979432133, 1.9999999979308976, 1.9999999979757224, 0.9999999989944267, 1.000000002074641, 1.9999999979938876, 1.999999997942982, 1.9999999979661958, 0.9999999989944267, 1.0000000021532092, 1.9999999979783936, 1.9999999978744734, 1.9999999979716303, 1.0000000020434143, 0.9999999989944267, 1.9999999979790364, 1.9999999979904286, 1.999999997964827]
[1.0000000020106752, 1.0000000020042112, 3.0093130209962737e-9, 1.0000000020037396, 0.0, 3.0093130209962737e-9, 6.142759856331281e-9, 1.0000000019580997, 1.000000001945784, 1.0000000019906088, 3.0093130209962737e-9, 6.089527326835764e-9, 1.000000002008774, 1.0000000019578685, 1.0000000019810822, 3.0093130209962737e-9, 6.168095589842437e-9, 1.00000000199328, 1.0000000018893598, 1.0000000019865167, 6.058300749955947e-9, 3.0093130209962737e-9, 1.0000000019939228, 1.000000002005315, 1.0000000019797135]
[0.9999999990013622, 0.9999999989948981, 0.0, 0.9999999989944267, 3.0093130209962737e-9, 0.0, 3.1334468353350076e-9, 0.9999999989487867, 0.999999998936471, 0.9999999989812958, 0.0, 3.0802143058394904e-9, 0.999999998999461, 0.9999999989485555, 0.9999999989717692, 0.0, 3.1587825688461635e-9, 0.999999998983967, 0.9999999988800468, 0.9999999989772037, 3.0489877289596734e-9, 0.0, 0.9999999989846098, 0.999999998996002, 0.9999999989704005]
[1.000000002134809, 1.000000002128345, 3.1334468353350076e-9, 1.0000000021278734, 6.142759856331281e-9, 3.1334468353350076e-9, 0.0, 1.0000000020822335, 1.0000000020699176, 1.0000000021147426, 3.133446724312705e-9, 6.2136610301521955e-9, 1.0000000021329076, 1.0000000020820021, 1.000000002105216, 3.133446724312705e-9, 6.2922292931588686e-9, 1.0000000021174138, 1.0000000020134934, 1.0000000021106503, 6.1824344532723785e-9, 3.133446724312705e-9, 1.0000000021180564, 1.0000000021294486, 1.0000000021038473]
[1.9999999979501488, 1.9999999979436849, 0.9999999989487867, 1.9999999979432133, 1.0000000019580997, 0.9999999989487867, 1.0000000020822335, 0.0, 1.9999999978852576, 1.9999999979300824, 0.9999999989487866, 1.000000002029001, 1.9999999979482477, 1.9999999978973422, 1.9999999979205558, 0.9999999989487866, 1.0000000021075692, 1.9999999979327536, 1.9999999978288334, 1.9999999979259904, 1.0000000019977744, 0.9999999989487866, 1.9999999979333964, 1.9999999979447887, 1.9999999979191871]
[1.9999999979378331, 1.9999999979313692, 0.999999998936471, 1.9999999979308976, 1.000000001945784, 0.999999998936471, 1.0000000020699176, 1.9999999978852576, 0.0, 1.9999999979177667, 0.999999998936471, 1.0000000020166853, 1.999999997935932, 1.9999999978850265, 1.9999999979082401, 0.999999998936471, 1.0000000020952535, 1.999999997920438, 1.9999999978165177, 1.9999999979136747, 1.0000000019854587, 0.999999998936471, 1.9999999979210807, 1.999999997932473, 1.9999999979068714]
[1.999999997982658, 1.999999997976194, 0.9999999989812958, 1.9999999979757224, 1.0000000019906088, 0.9999999989812958, 1.0000000021147426, 1.9999999979300824, 1.9999999979177667, 0.0, 0.9999999989812958, 1.00000000206151, 1.9999999979807568, 1.9999999979298513, 1.999999997953065, 0.9999999989812958, 1.0000000021400783, 1.9999999979652627, 1.9999999978613425, 1.9999999979584995, 1.0000000020302835, 0.9999999989812958, 1.9999999979659056, 1.9999999979772978, 1.9999999979516963]
[0.9999999990013622, 0.9999999989948981, 0.0, 0.9999999989944267, 3.0093130209962737e-9, 0.0, 3.133446724312705e-9, 0.9999999989487866, 0.999999998936471, 0.9999999989812958, 0.0, 3.0802143058394904e-9, 0.999999998999461, 0.9999999989485555, 0.9999999989717692, 0.0, 3.1587825688461635e-9, 0.999999998983967, 0.9999999988800468, 0.9999999989772037, 3.0489877289596734e-9, 0.0, 0.9999999989846098, 0.999999998996002, 0.9999999989704005]
[1.0000000020815765, 1.0000000020751125, 3.0802143058394904e-9, 1.000000002074641, 6.089527326835764e-9, 3.0802143058394904e-9, 6.2136610301521955e-9, 1.000000002029001, 1.0000000020166853, 1.00000000206151, 3.0802143058394904e-9, 0.0, 1.0000000020796753, 1.0000000020287698, 1.0000000020519835, 3.0802143058394904e-9, 6.238996874685654e-9, 1.0000000020641813, 1.000000001960261, 1.000000002057418, 6.129202034799164e-9, 3.0802143058394904e-9, 1.000000002064824, 1.0000000020762163, 1.0000000020506148]
[1.9999999980008232, 1.9999999979943592, 0.999999998999461, 1.9999999979938876, 1.000000002008774, 0.999999998999461, 1.0000000021329076, 1.9999999979482477, 1.999999997935932, 1.9999999979807568, 0.999999998999461, 1.0000000020796753, 0.0, 1.9999999979480165, 1.9999999979712302, 0.999999998999461, 1.0000000021582436, 1.999999997983428, 1.9999999978795078, 1.9999999979766647, 1.0000000020484487, 0.999999998999461, 1.9999999979840708, 1.999999997995463, 1.9999999979698615]
[1.9999999979499177, 1.9999999979434537, 0.9999999989485555, 1.999999997942982, 1.0000000019578685, 0.9999999989485555, 1.0000000020820021, 1.9999999978973422, 1.9999999978850265, 1.9999999979298513, 0.9999999989485555, 1.0000000020287698, 1.9999999979480165, 0.0, 1.9999999979203247, 0.9999999989485555, 1.000000002107338, 1.9999999979325225, 1.9999999978286023, 1.9999999979257592, 1.0000000019975432, 0.9999999989485555, 1.9999999979331653, 1.9999999979445575, 1.999999997918956]
[1.9999999979731313, 1.9999999979666674, 0.9999999989717692, 1.9999999979661958, 1.0000000019810822, 0.9999999989717692, 1.000000002105216, 1.9999999979205558, 1.9999999979082401, 1.999999997953065, 0.9999999989717692, 1.0000000020519835, 1.9999999979712302, 1.9999999979203247, 0.0, 0.9999999989717692, 1.0000000021305517, 1.9999999979557361, 1.999999997851816, 1.9999999979489729, 1.000000002020757, 0.9999999989717692, 1.999999997956379, 1.9999999979677712, 1.9999999979421696]
[0.9999999990013622, 0.9999999989948981, 0.0, 0.9999999989944267, 3.0093130209962737e-9, 0.0, 3.133446724312705e-9, 0.9999999989487866, 0.999999998936471, 0.9999999989812958, 0.0, 3.0802143058394904e-9, 0.999999998999461, 0.9999999989485555, 0.9999999989717692, 0.0, 3.1587825688461635e-9, 0.999999998983967, 0.9999999988800468, 0.9999999989772037, 3.0489877289596734e-9, 0.0, 0.9999999989846098, 0.999999998996002, 0.9999999989704005]
[1.0000000021601447, 1.0000000021536808, 3.1587825688461635e-9, 1.0000000021532092, 6.168095589842437e-9, 3.1587825688461635e-9, 6.2922292931588686e-9, 1.0000000021075692, 1.0000000020952535, 1.0000000021400783, 3.1587825688461635e-9, 6.238996874685654e-9, 1.0000000021582436, 1.000000002107338, 1.0000000021305517, 3.1587825688461635e-9, 0.0, 1.0000000021427495, 1.0000000020388293, 1.0000000021359863, 6.207770297805837e-9, 3.1587825688461635e-9, 1.0000000021433924, 1.0000000021547846, 1.000000002129183]
[1.9999999979853291, 1.9999999979788652, 0.999999998983967, 1.9999999979783936, 1.00000000199328, 0.999999998983967, 1.0000000021174138, 1.9999999979327536, 1.999999997920438, 1.9999999979652627, 0.999999998983967, 1.0000000020641813, 1.999999997983428, 1.9999999979325225, 1.9999999979557361, 0.999999998983967, 1.0000000021427495, 0.0, 1.9999999978640137, 1.9999999979611707, 1.0000000020329547, 0.999999998983967, 1.9999999979685767, 1.999999997979969, 1.9999999979543674]
[1.999999997881409, 1.999999997874945, 0.9999999988800468, 1.9999999978744734, 1.0000000018893598, 0.9999999988800468, 1.0000000020134934, 1.9999999978288334, 1.9999999978165177, 1.9999999978613425, 0.9999999988800468, 1.000000001960261, 1.9999999978795078, 1.9999999978286023, 1.999999997851816, 0.9999999988800468, 1.0000000020388293, 1.9999999978640137, 0.0, 1.9999999978572505, 1.0000000019290345, 0.9999999988800468, 1.9999999978646565, 1.9999999978760488, 1.9999999978504472]
[1.9999999979785659, 1.999999997972102, 0.9999999989772037, 1.9999999979716303, 1.0000000019865167, 0.9999999989772037, 1.0000000021106503, 1.9999999979259904, 1.9999999979136747, 1.9999999979584995, 0.9999999989772037, 1.000000002057418, 1.9999999979766647, 1.9999999979257592, 1.9999999979489729, 0.9999999989772037, 1.0000000021359863, 1.9999999979611707, 1.9999999978572505, 0.0, 1.0000000020261914, 0.9999999989772037, 1.9999999979618135, 1.9999999979732057, 1.9999999979476042]
[1.00000000205035, 1.000000002043886, 3.0489877289596734e-9, 1.0000000020434143, 6.058300749955947e-9, 3.0489877289596734e-9, 6.1824344532723785e-9, 1.0000000019977744, 1.0000000019854587, 1.0000000020302835, 3.0489877289596734e-9, 6.129202034799164e-9, 1.0000000020484487, 1.0000000019975432, 1.000000002020757, 3.0489877289596734e-9, 6.207770297805837e-9, 1.0000000020329547, 1.0000000019290345, 1.0000000020261914, 0.0, 3.048987617937371e-9, 1.0000000020335973, 1.0000000020449895, 1.0000000020193882]
[0.9999999990013622, 0.9999999989948981, 0.0, 0.9999999989944267, 3.0093130209962737e-9, 0.0, 3.133446724312705e-9, 0.9999999989487866, 0.999999998936471, 0.9999999989812958, 0.0, 3.0802143058394904e-9, 0.999999998999461, 0.9999999989485555, 0.9999999989717692, 0.0, 3.1587825688461635e-9, 0.999999998983967, 0.9999999988800468, 0.9999999989772037, 3.048987617937371e-9, 0.0, 0.9999999989846098, 0.999999998996002, 0.9999999989704005]
[1.999999997985972, 1.999999997979508, 0.9999999989846098, 1.9999999979790364, 1.0000000019939228, 0.9999999989846098, 1.0000000021180564, 1.9999999979333964, 1.9999999979210807, 1.9999999979659056, 0.9999999989846098, 1.000000002064824, 1.9999999979840708, 1.9999999979331653, 1.999999997956379, 0.9999999989846098, 1.0000000021433924, 1.9999999979685767, 1.9999999978646565, 1.9999999979618135, 1.0000000020335973, 0.9999999989846098, 0.0, 1.9999999979806118, 1.9999999979550103]
[1.9999999979973642, 1.9999999979909002, 0.999999998996002, 1.9999999979904286, 1.000000002005315, 0.999999998996002, 1.0000000021294486, 1.9999999979447887, 1.999999997932473, 1.9999999979772978, 0.999999998996002, 1.0000000020762163, 1.999999997995463, 1.9999999979445575, 1.9999999979677712, 0.999999998996002, 1.0000000021547846, 1.999999997979969, 1.9999999978760488, 1.9999999979732057, 1.0000000020449895, 0.999999998996002, 1.9999999979806118, 0.0, 1.9999999979664025]
[1.9999999979717626, 1.9999999979652987, 0.9999999989704005, 1.999999997964827, 1.0000000019797135, 0.9999999989704005, 1.0000000021038473, 1.9999999979191871, 1.9999999979068714, 1.9999999979516963, 0.9999999989704005, 1.0000000020506148, 1.9999999979698615, 1.999999997918956, 1.9999999979421696, 0.9999999989704005, 1.000000002129183, 1.9999999979543674, 1.9999999978504472, 1.9999999979476042, 1.0000000020193882, 0.9999999989704005, 1.9999999979550103, 1.9999999979664025, 0.0]
w vector is :
 [0.9986378428261539, 1.0051018398235143, 0.020838437242512345, 1.0055733353499774, 0.04148068857255782, 0.02683677741118108, 0.017881548896697574, 1.0512134278562446, 1.0635290278870364, 1.0187041878196978, 0.024448761469086255, 0.014944305763825438, 1.0005389713950492, 1.0514444748916105, 1.0282308390183104, 0.055772605051468624, 0.015600428996348503, 1.0160329953552294, 1.1199531910558633, 1.0227962594409428, 0.02473592295295457, 0.04645025641905032, 1.015390215526962, 1.0039979254053235, 1.0295994869560021]p matrix is :
 [0.0, 0.0, 0.0, 0.0, 0.0, 0.0, 0.0, 0.0, 0.0, 0.0, 0.0, 0.0, 0.0, 0.0, 0.0, 0.0, 0.0, 0.0, 0.0, 0.0, 0.0, 0.0, 0.0, 0.0, 0.0]
[0.0, 0.0, 0.0, 0.0, 0.0, 0.0, 0.0, 0.0, 0.0, 0.0, 0.0, 0.0, 0.0, 0.0, 0.0, 0.0, 0.0, 0.0, 0.0, 0.0, 0.0, 0.0, 0.0, 0.0, 0.0]
[0.0, 0.0, 0.0, 0.0, 0.0, 0.0, 0.0, 0.0, 0.0, 0.0, 0.0, 0.0, 0.0, 0.0, 0.0, 0.0, 0.0, 0.0, 0.0, 0.0, 0.0, 0.0, 0.0, 0.0, 0.0]
[0.0, 0.0, 0.0, 0.0, 0.0, 0.0, 0.0, 0.0, 0.0, 0.0, 0.0, 0.0, 0.0, 0.0, 0.0, 0.0, 0.0, 0.0, 0.0, 0.0, 0.0, 0.0, 0.0, 0.0, 0.0]
[0.0, 0.0, 0.0, 0.0, 0.0, 0.0, 0.0, 0.0, 0.0, 0.0, 0.0, 0.0, 0.0, 0.0, 0.0, 0.0, 0.0, 0.0, 0.0, 0.0, 0.0, 0.0, 0.0, 0.0, 0.0]
[0.0, 0.0, 0.0, 0.0, 0.0, 0.0, 0.0, 0.0, 0.0, 0.0, 0.0, 0.0, 0.0, 0.0, 0.0, 0.0, 0.0, 0.0, 0.0, 0.0, 0.0, 0.0, 0.0, 0.0, 0.0]
[0.0, 0.0, 0.0, 0.0, 0.0, 0.0, 0.0, 0.0, 0.0, 0.0, 0.0, 0.0, 0.0, 0.0, 0.0, 0.0, 0.0, 0.0, 0.0, 0.0, 0.0, 0.0, 0.0, 0.0, 0.0]
[0.0, 0.0, 0.0, 0.0, 0.0, 0.0, 0.0, 0.0, 0.0, 0.0, 0.0, 0.0, 0.0, 0.0, 0.0, 0.0, 0.0, 0.0, 0.0, 0.0, 0.0, 0.0, 0.0, 0.0, 0.0]
[0.0, 0.0, 0.0, 0.0, 0.0, 0.0, 0.0, 0.0, 0.0, 0.0, 0.0, 0.0, 0.0, 0.0, 0.0, 0.0, 0.0, 0.0, 0.0, 0.0, 0.0, 0.0, 0.0, 0.0, 0.0]
[0.0, 0.0, 0.0, 0.0, 0.0, 0.0, 0.0, 0.0, 0.0, 0.0, 0.0, 0.0, 0.0, 0.0, 0.0, 0.0, 0.0, 0.0, 0.0, 0.0, 0.0, 0.0, 0.0, 0.0, 0.0]
[0.0, 0.0, 0.0, 0.0, 0.0, 0.0, 0.0, 0.0, 0.0, 0.0, 0.0, 0.0, 0.0, 0.0, 0.0, 0.0, 0.0, 0.0, 0.0, 0.0, 0.0, 0.0, 0.0, 0.0, 0.0]
[0.0, 0.0, 0.0, 0.0, 0.0, 0.0, 0.0, 0.0, 0.0, 0.0, 0.0, 0.0, 0.0, 0.0, 0.0, 0.0, 0.0, 0.0, 0.0, 0.0, 0.0, 0.0, 0.0, 0.0, 0.0]
[0.0, 0.0, 0.0, 0.0, 0.0, 0.0, 0.0, 0.0, 0.0, 0.0, 0.0, 0.0, 0.0, 0.0, 0.0, 0.0, 0.0, 0.0, 0.0, 0.0, 0.0, 0.0, 0.0, 0.0, 0.0]
[0.0, 0.0, 0.0, 0.0, 0.0, 0.0, 0.0, 0.0, 0.0, 0.0, 0.0, 0.0, 0.0, 0.0, 0.0, 0.0, 0.0, 0.0, 0.0, 0.0, 0.0, 0.0, 0.0, 0.0, 0.0]
[0.0, 0.0, 0.0, 0.0, 0.0, 0.0, 0.0, 0.0, 0.0, 0.0, 0.0, 0.0, 0.0, 0.0, 0.0, 0.0, 0.0, 0.0, 0.0, 0.0, 0.0, 0.0, 0.0, 0.0, 0.0]
[0.0, 0.0, 0.0, 0.0, 0.0, 0.0, 0.0, 0.0, 0.0, 0.0, 0.0, 0.0, 0.0, 0.0, 0.0, 0.0, 0.0, 0.0, 0.0, 0.0, 0.0, 0.0, 0.0, 0.0, 0.0]
[0.0, 0.0, 0.0, 0.0, 0.0, 0.0, 0.0, 0.0, 0.0, 0.0, 0.0, 0.0, 0.0, 0.0, 0.0, 0.0, 0.0, 0.0, 0.0, 0.0, 0.0, 0.0, 0.0, 0.0, 0.0]
[0.0, 0.0, 0.0, 0.0, 0.0, 0.0, 0.0, 0.0, 0.0, 0.0, 0.0, 0.0, 0.0, 0.0, 0.0, 0.0, 0.0, 0.0, 0.0, 0.0, 0.0, 0.0, 0.0, 0.0, 0.0]
[0.0, 0.0, 0.0, 0.0, 0.0, 0.0, 0.0, 0.0, 0.0, 0.0, 0.0, 0.0, 0.0, 0.0, 0.0, 0.0, 0.0, 0.0, 0.0, 0.0, 0.0, 0.0, 0.0, 0.0, 0.0]
[0.0, 0.0, 0.0, 0.0, 0.0, 0.0, 0.0, 0.0, 0.0, 0.0, 0.0, 0.0, 0.0, 0.0, 0.0, 0.0, 0.0, 0.0, 0.0, 0.0, 0.0, 0.0, 0.0, 0.0, 0.0]
[0.0, 0.0, 0.0, 0.0, 0.0, 0.0, 0.0, 0.0, 0.0, 0.0, 0.0, 0.0, 0.0, 0.0, 0.0, 0.0, 0.0, 0.0, 0.0, 0.0, 0.0, 0.0, 0.0, 0.0, 0.0]
[0.0, 0.0, 0.0, 0.0, 0.0, 0.0, 0.0, 0.0, 0.0, 0.0, 0.0, 0.0, 0.0, 0.0, 0.0, 0.0, 0.0, 0.0, 0.0, 0.0, 0.0, 0.0, 0.0, 0.0, 0.0]
[0.0, 0.0, 0.0, 0.0, 0.0, 0.0, 0.0, 0.0, 0.0, 0.0, 0.0, 0.0, 0.0, 0.0, 0.0, 0.0, 0.0, 0.0, 0.0, 0.0, 0.0, 0.0, 0.0, 0.0, 0.0]
[0.0, 0.0, 0.0, 0.0, 0.0, 0.0, 0.0, 0.0, 0.0, 0.0, 0.0, 0.0, 0.0, 0.0, 0.0, 0.0, 0.0, 0.0, 0.0, 0.0, 0.0, 0.0, 0.0, 0.0, 0.0]
[0.0, 0.0, 0.0, 0.0, 0.0, 0.0, 0.0, 0.0, 0.0, 0.0, 0.0, 0.0, 0.0, 0.0, 0.0, 0.0, 0.0, 0.0, 0.0, 0.0, 0.0, 0.0, 0.0, 0.0, 0.0]
