Academic license - for non-commercial use only
Academic license - for non-commercial use only
Optimize a model with 3080 rows, 1325 columns and 8000 nonzeros
Variable types: 1300 continuous, 25 integer (25 binary)
Coefficient statistics:
  Matrix range     [1e+00, 1e+09]
  Objective range  [1e+00, 1e+00]
  Bounds range     [0e+00, 0e+00]
  RHS range        [4e-03, 2e+00]
Warning: Model contains large matrix coefficients
         Consider reformulating model or setting NumericFocus parameter
         to avoid numerical issues.
Found heuristic solution: objective -0.0000000
Presolve removed 2150 rows and 975 columns
Presolve time: 0.00s
Presolved: 930 rows, 350 columns, 2775 nonzeros
Variable types: 325 continuous, 25 integer (25 binary)

Root relaxation: objective 1.551368e+01, 45 iterations, 0.02 seconds

    Nodes    |    Current Node    |     Objective Bounds      |     Work
 Expl Unexpl |  Obj  Depth IntInf | Incumbent    BestBd   Gap | It/Node Time

*    0     0               0      15.5136797   15.51368  0.00%     -    0s

Explored 0 nodes (60 simplex iterations) in 0.02 seconds
Thread count was 24 (of 24 available processors)

Solution count 2: 15.5137 -0 

Optimal solution found (tolerance 1.00e-04)
Best objective 1.551367969380e+01, best bound 1.551367969380e+01, gap 0.0000%
num_cluster is 5
card is 5
visit_m is 2
limits_ is [1, 1]
dim is 2
sum dis 97.39545211132385

dis_mat matrix is :
 [Inf, 0.12552974067988845, 0.19186254336486724, 0.03992673156123543, 0.07717017923807822, 0.08618344660088302, 0.02970398060005756, 0.1561748116703696, 0.22473998358935465, 0.0953825726653414, 0.056845921179359826, 0.17686950299722917, 0.13461561860591456, 0.14247182867393685, 0.19560412674475802, 0.0721748542479136, 0.1878539803640669, 0.0590885849475994, 0.03314913515987646, 0.1947475500235799, 0.10817637879306398, 0.05266093325251521, 0.03743246493898541, 0.15675277587325756, 0.15079129954732562]
[0.12552974067988845, Inf, 0.10894818277094474, 0.16366609570837268, 0.19451522015142458, 0.16095491638697715, 0.14536773517421397, 0.032730561288238466, 0.11505861130708928, 0.18895239653274284, 0.17643778532195248, 0.2828510049018597, 0.034033298838493466, 0.26144874388775036, 0.29278446294304045, 0.15984831602017566, 0.28200483015786815, 0.0956971575871818, 0.14962743145780275, 0.2964866709605957, 0.22872953828441261, 0.1170292746024529, 0.162395494400239, 0.15593954502410273, 0.2687770137266073]
[0.19186254336486724, 0.10894818277094474, Inf, 0.2309929145136984, 0.2341061663956987, 0.255541448484153, 0.19653882279663956, 0.09004327832279149, 0.05548505665190829, 0.2060686482272172, 0.24870585512013038, 0.3674053571208722, 0.13997175693103617, 0.33374310407478436, 0.38298125166249153, 0.24954494341972966, 0.373647266678105, 0.19015862270807155, 0.19992659261751888, 0.3006332578042593, 0.2677120426316563, 0.2083271498762368, 0.22044553473040887, 0.10637195538633497, 0.34228134677768474]
[0.03992673156123543, 0.16366609570837268, 0.2309929145136984, Inf, 0.06226427714276022, 0.07681636262949439, 0.04208803446021937, 0.19500963456033, 0.26466642712403665, 0.09868343348901547, 0.019619372174233995, 0.14075474789636105, 0.16912192890574615, 0.10281908529838343, 0.16227884184404326, 0.05955928487817995, 0.15594280396227414, 0.08329636229227867, 0.04129214354912417, 0.18173750273147476, 0.0838470046811156, 0.0670272223620463, 0.020884677452528623, 0.18660563338244776, 0.11129315023392378]
[0.07717017923807822, 0.19451522015142458, 0.2341061663956987, 0.06226427714276022, Inf, 0.13895177700379158, 0.05010388857314907, 0.22190320705132596, 0.27752538656755354, 0.0471837456965816, 0.07438028757877894, 0.17468565093953392, 0.2090451996102152, 0.12234133026383064, 0.20194103421345955, 0.12163337682246543, 0.19871668113228355, 0.13533612876105655, 0.04587554435097307, 0.12029593599675266, 0.0347980923379568, 0.12408259422258706, 0.04484894930587869, 0.16267819472569497, 0.13144726840265064]
[0.08618344660088302, 0.16095491638697715, 0.255541448484153, 0.07681636262949439, 0.13895177700379158, Inf, 0.10943810756542585, 0.1933472074192634, 0.27503671762935494, 0.173579117453788, 0.06709169337324308, 0.12490088658467544, 0.15037545129491614, 0.12029173019921079, 0.13193763384938606, 0.017341186186935042, 0.12104992773057772, 0.06621354403442395, 0.11083247491709473, 0.25726447284825477, 0.15631845810993283, 0.04729781642421636, 0.09641043540517859, 0.2405557941583383, 0.1247574996624966]
[0.02970398060005756, 0.14536773517421397, 0.19653882279663956, 0.04208803446021937, 0.05010388857314907, 0.10943810756542585, Inf, 0.17388140715427278, 0.23517333706839888, 0.06634379744879929, 0.061647149826517776, 0.18189755211251266, 0.1589498138585206, 0.13957014576964233, 0.2042270144205456, 0.09353878663534275, 0.19802336664287545, 0.08869037669411799, 0.0042748736681570785, 0.1653338716874882, 0.08351638996963631, 0.08166369751522645, 0.024909122293767558, 0.1447249171163145, 0.14849937828312224]
[0.1561748116703696, 0.032730561288238466, 0.09004327832279149, 0.19500963456033, 0.22190320705132596, 0.1933472074192634, 0.17388140715427278, Inf, 0.08473876612415264, 0.21156441267348414, 0.2084271175924625, 0.31556828419639854, 0.05295017285586796, 0.2937796658023297, 0.32525410328936244, 0.19254510654585158, 0.3143720299870261, 0.12837224138235898, 0.1780838040881114, 0.3180932620309489, 0.25651007252126734, 0.14974838265730248, 0.1924231465473567, 0.15949589534803288, 0.30120084498612376]
[0.22473998358935465, 0.11505861130708928, 0.05548505665190829, 0.26466642712403665, 0.27752538656755354, 0.27503671762935494, 0.23517333706839888, 0.08473876612415264, Inf, 0.25455435971526863, 0.2806366079701526, 0.39427845982593746, 0.13692526460654808, 0.36681531589390975, 0.40626995029064555, 0.2723143597840456, 0.395870275716095, 0.20897826462001265, 0.23897904243060583, 0.353058106239856, 0.3119964462216011, 0.22950664831620343, 0.25744579486379526, 0.1616992837044446, 0.3748630447879328]
[0.0953825726653414, 0.18895239653274284, 0.2060686482272172, 0.09868343348901547, 0.0471837456965816, 0.173579117453788, 0.06634379744879929, 0.21156441267348414, 0.25455435971526863, Inf, 0.11503084888690082, 0.2217848911483073, 0.21026584868997794, 0.16937760112550934, 0.2486994596314523, 0.15685828035539195, 0.24505093465999106, 0.15306406903014366, 0.06387984183890653, 0.10765491648762518, 0.06951666990178332, 0.14788812522412767, 0.07792909095048717, 0.12176954333685945, 0.17845142882703957]
[0.056845921179359826, 0.17643778532195248, 0.24870585512013038, 0.019619372174233995, 0.07438028757877894, 0.06709169337324308, 0.061647149826517776, 0.2084271175924625, 0.2806366079701526, 0.11503084888690082, Inf, 0.1213807168205612, 0.17873112971042746, 0.08618924561014506, 0.1426595993355254, 0.05001658552299177, 0.13638430578196595, 0.08956687826712863, 0.06065709504940217, 0.19049283974043865, 0.08922874436344315, 0.0702728767036999, 0.0390408920567067, 0.20622450557643504, 0.09425921342171484]
[0.17686950299722917, 0.2828510049018597, 0.3674053571208722, 0.14075474789636105, 0.17468565093953392, 0.12490088658467544, 0.18189755211251266, 0.31556828419639854, 0.39427845982593746, 0.2217848911483073, 0.1213807168205612, Inf, 0.2750339430593512, 0.057354554147355824, 0.031280736882187014, 0.12307450920682236, 0.03597876337108317, 0.1872547549021436, 0.18018168076502816, 0.2576500765708293, 0.1652682891319661, 0.16582173303996653, 0.1574670204428293, 0.32640423978710303, 0.05025165227183781]
[0.13461561860591456, 0.034033298838493466, 0.13997175693103617, 0.16912192890574615, 0.2090451996102152, 0.15037545129491614, 0.1589498138585206, 0.05295017285586796, 0.13692526460654808, 0.21026584868997794, 0.17873112971042746, 0.2750339430593512, Inf, 0.26044149245353565, 0.2814834923613433, 0.15292205701821798, 0.2699807217755667, 0.09064806219253618, 0.1631946813908909, 0.31772639470012953, 0.24200873969576106, 0.11212396140049338, 0.17200449017635736, 0.18899064450762507, 0.26700130033284697]
[0.14247182867393685, 0.26144874388775036, 0.33374310407478436, 0.10281908529838343, 0.12234133026383064, 0.12029173019921079, 0.13957014576964233, 0.2937796658023297, 0.36681531589390975, 0.16937760112550934, 0.08618924561014506, 0.057354554147355824, 0.26044149245353565, Inf, 0.08820075728042197, 0.11072772629827847, 0.08982333529849935, 0.1697934444526261, 0.1369656529207324, 0.20045410347260334, 0.10890173956278483, 0.1484133895925646, 0.11471740807249471, 0.28073042152891536, 0.009171673454297197]
[0.19560412674475802, 0.29278446294304045, 0.38298125166249153, 0.16227884184404326, 0.20194103421345955, 0.13193763384938606, 0.2042270144205456, 0.32525410328936244, 0.40626995029064555, 0.2486994596314523, 0.1426595993355254, 0.031280736882187014, 0.2814834923613433, 0.08820075728042197, Inf, 0.13415268562271576, 0.012847171192378477, 0.1973943008493951, 0.20296335592496312, 0.28865096618704095, 0.19487618641326335, 0.1767910540050206, 0.1805492552813281, 0.34888374701365893, 0.08143756694203541]
[0.0721748542479136, 0.15984831602017566, 0.24954494341972966, 0.05955928487817995, 0.12163337682246543, 0.017341186186935042, 0.09353878663534275, 0.19254510654585158, 0.2723143597840456, 0.15685828035539195, 0.05001658552299177, 0.12307450920682236, 0.15292205701821798, 0.11072772629827847, 0.13415268562271576, Inf, 0.12427509489309471, 0.06418804033594769, 0.09466826233893996, 0.23996519525435556, 0.13921695843259493, 0.04290577714411104, 0.07937608948184742, 0.22826973414140608, 0.11616033799656428]
[0.1878539803640669, 0.28200483015786815, 0.373647266678105, 0.15594280396227414, 0.19871668113228355, 0.12104992773057772, 0.19802336664287545, 0.3143720299870261, 0.395870275716095, 0.24505093465999106, 0.13638430578196595, 0.03597876337108317, 0.2699807217755667, 0.08982333529849935, 0.012847171192378477, 0.12427509489309471, Inf, 0.18689404641024118, 0.19699202594637422, 0.2897371116178244, 0.1938529565554947, 0.16659416174267885, 0.17485425033707194, 0.3423624612487106, 0.08404617476126815]
[0.0590885849475994, 0.0956971575871818, 0.19015862270807155, 0.08329636229227867, 0.13533612876105655, 0.06621354403442395, 0.08869037669411799, 0.12837224138235898, 0.20897826462001265, 0.15306406903014366, 0.08956687826712863, 0.1872547549021436, 0.09064806219253618, 0.1697934444526261, 0.1973943008493951, 0.06418804033594769, 0.18689404641024118, Inf, 0.09223302872880246, 0.25381942232311683, 0.16409714761272415, 0.02169861446762171, 0.0920973568427633, 0.18798787769505107, 0.17639228733687218]
[0.03314913515987646, 0.14962743145780275, 0.19992659261751888, 0.04129214354912417, 0.04587554435097307, 0.11083247491709473, 0.0042748736681570785, 0.1780838040881114, 0.23897904243060583, 0.06387984183890653, 0.06065709504940217, 0.18018168076502816, 0.1631946813908909, 0.1369656529207324, 0.20296335592496312, 0.09466826233893996, 0.19699202594637422, 0.09223302872880246, Inf, 0.16164475489130797, 0.07924170563371005, 0.08454867134035791, 0.022745994245870774, 0.1462467966799953, 0.1459423742104742]
[0.1947475500235799, 0.2964866709605957, 0.3006332578042593, 0.18173750273147476, 0.12029593599675266, 0.25726447284825477, 0.1653338716874882, 0.3180932620309489, 0.353058106239856, 0.10765491648762518, 0.19049283974043865, 0.2576500765708293, 0.31772639470012953, 0.20045410347260334, 0.28865096618704095, 0.23996519525435556, 0.2897371116178244, 0.25381942232311683, 0.16164475489130797, Inf, 0.10254023920328713, 0.24410038385721572, 0.16513947428647363, 0.2001220633046209, 0.20745490415830675]
[0.10817637879306398, 0.22872953828441261, 0.2677120426316563, 0.0838470046811156, 0.0347980923379568, 0.15631845810993283, 0.08351638996963631, 0.25651007252126734, 0.3119964462216011, 0.06951666990178332, 0.08922874436344315, 0.1652682891319661, 0.24200873969576106, 0.10890173956278483, 0.19487618641326335, 0.13921695843259493, 0.1938529565554947, 0.16409714761272415, 0.07924170563371005, 0.10254023920328713, Inf, 0.15020257698352107, 0.07206438060296115, 0.19084638279036648, 0.11739315987272814]
[0.05266093325251521, 0.1170292746024529, 0.2083271498762368, 0.0670272223620463, 0.12408259422258706, 0.04729781642421636, 0.08166369751522645, 0.14974838265730248, 0.22950664831620343, 0.14788812522412767, 0.0702728767036999, 0.16582173303996653, 0.11212396140049338, 0.1484133895925646, 0.1767910540050206, 0.04290577714411104, 0.16659416174267885, 0.02169861446762171, 0.08454867134035791, 0.24410038385721572, 0.15020257698352107, Inf, 0.07944278822379171, 0.19729317841784377, 0.15488194376472966]
[0.03743246493898541, 0.162395494400239, 0.22044553473040887, 0.020884677452528623, 0.04484894930587869, 0.09641043540517859, 0.024909122293767558, 0.1924231465473567, 0.25744579486379526, 0.07792909095048717, 0.0390408920567067, 0.1574670204428293, 0.17200449017635736, 0.11471740807249471, 0.1805492552813281, 0.07937608948184742, 0.17485425033707194, 0.0920973568427633, 0.022745994245870774, 0.16513947428647363, 0.07206438060296115, 0.07944278822379171, Inf, 0.16893952502931278, 0.12362253587824985]
[0.15675277587325756, 0.15593954502410273, 0.10637195538633497, 0.18660563338244776, 0.16267819472569497, 0.2405557941583383, 0.1447249171163145, 0.15949589534803288, 0.1616992837044446, 0.12176954333685945, 0.20622450557643504, 0.32640423978710303, 0.18899064450762507, 0.28073042152891536, 0.34888374701365893, 0.22826973414140608, 0.3423624612487106, 0.18798787769505107, 0.1462467966799953, 0.2001220633046209, 0.19084638279036648, 0.19729317841784377, 0.16893952502931278, Inf, 0.28987620071699394]
[0.15079129954732562, 0.2687770137266073, 0.34228134677768474, 0.11129315023392378, 0.13144726840265064, 0.1247574996624966, 0.14849937828312224, 0.30120084498612376, 0.3748630447879328, 0.17845142882703957, 0.09425921342171484, 0.05025165227183781, 0.26700130033284697, 0.009171673454297197, 0.08143756694203541, 0.11616033799656428, 0.08404617476126815, 0.17639228733687218, 0.1459423742104742, 0.20745490415830675, 0.11739315987272814, 0.15488194376472966, 0.12362253587824985, 0.28987620071699394, Inf]
data points matrix is :
 [0.4767451777089914, 0.47769728379820287]
[0.3707237483302507, 0.4104873715259142]
[0.39477407919064245, 0.30422689856161356]
[0.5012633201201833, 0.509209259075349]
[0.5538953937302614, 0.47594208252527537]
[0.44012241042051514, 0.5557124065895013]
[0.5045512480815523, 0.46724984803985586]
[0.3521456956599487, 0.38354028260665207]
[0.3394695255305449, 0.29975500230578866]
[0.5587660453993025, 0.42901040228390164]
[0.5015911880662427, 0.5288258914856546]
[0.524192268297705, 0.64808388739471]
[0.3486291588393369, 0.4363735559697097]
[0.5526318115349396, 0.5982768872652158]
[0.503422115540027, 0.6714737410564013]
[0.45478227787954406, 0.5464493064360078]
[0.49238472495985997, 0.664899106707092]
[0.4196079118888605, 0.49275695596294045]
[0.5086149502760023, 0.46857682556548486]
[0.6663396433804007, 0.4331939487887957]
[0.5837010702637321, 0.4939011714983576]
[0.43423745870055414, 0.5087821308418286]
[0.5116906114889441, 0.4911139185975596]
[0.4995452490653024, 0.3226115349683415]
[0.5536739248476085, 0.6073891643569101]




 AdNNnew 
obj val AdNNnew 15.51367969380128
x vector is :
 [0.9999999989601144, 1.0, 1.0000788581668207e-9, 1.0116894660256997e-9, 1.0281174655984337e-9, 1.0, 0.9999999974032934, 1.0258237116269826e-9, 1.0554061864296024e-9, 1.0154764461019473e-9, 1.0, 0.9999999974826724, 1.0271264491759352e-9, 9.861261797267795e-10, 1.0040745663476664e-9, 0.9999999973818479, 1.0, 1.0216986115844571e-9, 1.0042748707605887e-9, 1.092178458278023e-9, 1.0, 0.999999997361466, 1.009195199405944e-9, 1.1062930851131425e-9, 1.023045481718346e-9]y vector is :
 [0.02823726256373238, 0.006906843635432036, 1.0000788631668207, 1.0116894710256996, 1.0281174705984335, 0.017341189305087212, 0.0, 1.0258237166269826, 1.0554061914296025, 1.0154764511019472, 0.007929900136845063, 0.02720616754777338, 1.027126454175935, 0.9861261847267794, 1.0040745713476664, 0.0, 0.008772598840637332, 1.021698616584457, 1.0042748757605886, 1.092178463278023, 0.006680620711405849, 0.0, 1.009195204405944, 1.1062930901131425, 1.0230454867183458]z matrix is :
 [0.0, 3.0398858985591914e-9, 1.000000002039807, 1.0000000020281965, 1.0000000020117685, 3.0398858985591914e-9, 6.136592345384884e-9, 1.0000000020140623, 1.0000000019844797, 1.0000000020244095, 3.0398858985591914e-9, 6.057213175481024e-9, 1.0000000020127595, 1.0000000020537596, 1.0000000020358113, 6.158037857417753e-9, 3.0398858985591914e-9, 1.0000000020181872, 1.000000002035611, 1.0000000019477073, 3.0398858985591914e-9, 6.1784197757930315e-9, 1.0000000020306907, 1.0000000019335928, 1.0000000020168405]
[3.0398858985591914e-9, 0.0, 0.9999999989999211, 0.9999999989883106, 0.9999999989718826, 0.0, 3.096706446825692e-9, 0.9999999989741764, 0.9999999989445938, 0.9999999989845236, 0.0, 3.017327276921833e-9, 0.9999999989728736, 0.9999999990138737, 0.9999999989959254, 3.1181519588585616e-9, 0.0, 0.9999999989783013, 0.9999999989957251, 0.9999999989078214, 0.0, 3.13853387723384e-9, 0.9999999989908048, 0.9999999988937069, 0.9999999989769546]
[1.000000002039807, 0.9999999989999211, 0.0, 1.9999999979882317, 1.9999999979718037, 0.9999999989999211, 1.0000000020966275, 1.9999999979740974, 1.9999999979445149, 1.9999999979844447, 0.9999999989999211, 1.0000000020172484, 1.9999999979727947, 1.9999999980137948, 1.9999999979958465, 1.000000002118073, 0.9999999989999211, 1.9999999979782224, 1.9999999979956462, 1.9999999979077425, 0.9999999989999211, 1.000000002138455, 1.999999997990726, 1.999999997893628, 1.9999999979768757]
[1.0000000020281965, 0.9999999989883106, 1.9999999979882317, 0.0, 1.9999999979601932, 0.9999999989883105, 1.000000002085017, 1.999999997962487, 1.9999999979329044, 1.9999999979728342, 0.9999999989883105, 1.0000000020056379, 1.9999999979611842, 1.9999999980021843, 1.999999997984236, 1.0000000021064626, 0.9999999989883105, 1.9999999979666119, 1.9999999979840357, 1.999999997896132, 0.9999999989883105, 1.0000000021268445, 1.9999999979791154, 1.9999999978820175, 1.9999999979652652]
[1.0000000020117685, 0.9999999989718826, 1.9999999979718037, 1.9999999979601932, 0.0, 0.9999999989718825, 1.000000002068589, 1.999999997946059, 1.9999999979164764, 1.9999999979564063, 0.9999999989718825, 1.00000000198921, 1.9999999979447562, 1.9999999979857563, 1.999999997967808, 1.0000000020900346, 0.9999999989718825, 1.999999997950184, 1.9999999979676077, 1.999999997879704, 0.9999999989718825, 1.0000000021104165, 1.9999999979626875, 1.9999999978655896, 1.9999999979488372]
[3.0398858985591914e-9, 0.0, 0.9999999989999211, 0.9999999989883105, 0.9999999989718825, 0.0, 3.096706446825692e-9, 0.9999999989741764, 0.9999999989445938, 0.9999999989845236, 0.0, 3.017327276921833e-9, 0.9999999989728736, 0.9999999990138737, 0.9999999989959254, 3.1181519588585616e-9, 0.0, 0.9999999989783013, 0.9999999989957251, 0.9999999989078214, 0.0, 3.13853387723384e-9, 0.9999999989908048, 0.9999999988937069, 0.9999999989769546]
[6.136592345384884e-9, 3.096706446825692e-9, 1.0000000020966275, 1.000000002085017, 1.000000002068589, 3.096706446825692e-9, 0.0, 1.0000000020708828, 1.0000000020413002, 1.00000000208123, 3.096706446825692e-9, 6.114033723747525e-9, 1.00000000206958, 1.0000000021105802, 1.0000000020926318, 6.214858405684254e-9, 3.096706446825692e-9, 1.0000000020750077, 1.0000000020924316, 1.0000000020045279, 3.096706446825692e-9, 6.235240324059532e-9, 1.0000000020875113, 1.0000000019904134, 1.000000002073661]
[1.0000000020140623, 0.9999999989741764, 1.9999999979740974, 1.999999997962487, 1.999999997946059, 0.9999999989741764, 1.0000000020708828, 0.0, 1.9999999979187701, 1.9999999979587, 0.9999999989741762, 1.0000000019915036, 1.99999999794705, 1.99999999798805, 1.9999999979701018, 1.0000000020923283, 0.9999999989741762, 1.9999999979524776, 1.9999999979699015, 1.9999999978819978, 0.9999999989741762, 1.0000000021127102, 1.9999999979649812, 1.9999999978678833, 1.999999997951131]
[1.0000000019844797, 0.9999999989445938, 1.9999999979445149, 1.9999999979329044, 1.9999999979164764, 0.9999999989445938, 1.0000000020413002, 1.9999999979187701, 0.0, 1.9999999979291174, 0.9999999989445938, 1.000000001961921, 1.9999999979174674, 1.9999999979584675, 1.9999999979405192, 1.0000000020627458, 0.9999999989445938, 1.999999997922895, 1.999999997940319, 1.9999999978524152, 0.9999999989445938, 1.0000000020831277, 1.9999999979353986, 1.9999999978383007, 1.9999999979215484]
[1.0000000020244095, 0.9999999989845236, 1.9999999979844447, 1.9999999979728342, 1.9999999979564063, 0.9999999989845236, 1.00000000208123, 1.9999999979587, 1.9999999979291174, 0.0, 0.9999999989845235, 1.000000002001851, 1.9999999979573972, 1.9999999979983973, 1.999999997980449, 1.0000000021026756, 0.9999999989845235, 1.999999997962825, 1.9999999979802487, 1.999999997892345, 0.9999999989845235, 1.0000000021230575, 1.9999999979753285, 1.9999999978782306, 1.9999999979614782]
[3.0398858985591914e-9, 0.0, 0.9999999989999211, 0.9999999989883105, 0.9999999989718825, 0.0, 3.096706446825692e-9, 0.9999999989741762, 0.9999999989445938, 0.9999999989845235, 0.0, 3.017327276921833e-9, 0.9999999989728736, 0.9999999990138737, 0.9999999989959254, 3.1181519588585616e-9, 0.0, 0.9999999989783013, 0.9999999989957251, 0.9999999989078214, 0.0, 3.13853387723384e-9, 0.9999999989908048, 0.9999999988937069, 0.9999999989769546]
[6.057213175481024e-9, 3.017327276921833e-9, 1.0000000020172484, 1.0000000020056379, 1.00000000198921, 3.017327276921833e-9, 6.114033723747525e-9, 1.0000000019915036, 1.000000001961921, 1.000000002001851, 3.017327276921833e-9, 0.0, 1.000000001990201, 1.000000002031201, 1.0000000020132527, 6.135479346802697e-9, 3.0173273879441354e-9, 1.0000000019956286, 1.0000000020130524, 1.000000001925149, 3.0173273879441354e-9, 6.155861265177975e-9, 1.0000000020081323, 1.0000000019110344, 1.000000001994282]
[1.0000000020127595, 0.9999999989728736, 1.9999999979727947, 1.9999999979611842, 1.9999999979447562, 0.9999999989728736, 1.00000000206958, 1.99999999794705, 1.9999999979174674, 1.9999999979573972, 0.9999999989728736, 1.000000001990201, 0.0, 1.9999999979867473, 1.999999997968799, 1.0000000020910256, 0.9999999989728735, 1.999999997951175, 1.9999999979685987, 1.999999997880695, 0.9999999989728735, 1.0000000021114075, 1.9999999979636784, 1.9999999978665806, 1.9999999979498282]
[1.0000000020537596, 0.9999999990138737, 1.9999999980137948, 1.9999999980021843, 1.9999999979857563, 0.9999999990138737, 1.0000000021105802, 1.99999999798805, 1.9999999979584675, 1.9999999979983973, 0.9999999990138737, 1.000000002031201, 1.9999999979867473, 0.0, 1.999999998009799, 1.0000000021320257, 0.9999999990138738, 1.999999997992175, 1.9999999980095988, 1.9999999979216951, 0.9999999990138738, 1.0000000021524076, 1.9999999980046785, 1.9999999979075807, 1.9999999979908283]
[1.0000000020358113, 0.9999999989959254, 1.9999999979958465, 1.999999997984236, 1.999999997967808, 0.9999999989959254, 1.0000000020926318, 1.9999999979701018, 1.9999999979405192, 1.999999997980449, 0.9999999989959254, 1.0000000020132527, 1.999999997968799, 1.999999998009799, 0.0, 1.0000000021140774, 0.9999999989959254, 1.9999999979742267, 1.9999999979916505, 1.9999999979037468, 0.9999999989959254, 1.0000000021344593, 1.9999999979867302, 1.9999999978896323, 1.99999999797288]
[6.158037857417753e-9, 3.1181519588585616e-9, 1.000000002118073, 1.0000000021064626, 1.0000000020900346, 3.1181519588585616e-9, 6.214858405684254e-9, 1.0000000020923283, 1.0000000020627458, 1.0000000021026756, 3.1181519588585616e-9, 6.135479346802697e-9, 1.0000000020910256, 1.0000000021320257, 1.0000000021140774, 0.0, 3.1181519588585616e-9, 1.0000000020964532, 1.000000002113877, 1.0000000020259734, 3.1181519588585616e-9, 6.256685836092402e-9, 1.0000000021089568, 1.000000002011859, 1.0000000020951065]
[3.0398858985591914e-9, 0.0, 0.9999999989999211, 0.9999999989883105, 0.9999999989718825, 0.0, 3.096706446825692e-9, 0.9999999989741762, 0.9999999989445938, 0.9999999989845235, 0.0, 3.0173273879441354e-9, 0.9999999989728735, 0.9999999990138738, 0.9999999989959254, 3.1181519588585616e-9, 0.0, 0.9999999989783013, 0.9999999989957251, 0.9999999989078214, 0.0, 3.13853387723384e-9, 0.9999999989908048, 0.9999999988937069, 0.9999999989769546]
[1.0000000020181872, 0.9999999989783013, 1.9999999979782224, 1.9999999979666119, 1.999999997950184, 0.9999999989783013, 1.0000000020750077, 1.9999999979524776, 1.999999997922895, 1.999999997962825, 0.9999999989783013, 1.0000000019956286, 1.999999997951175, 1.999999997992175, 1.9999999979742267, 1.0000000020964532, 0.9999999989783013, 0.0, 1.9999999979740264, 1.9999999978861227, 0.9999999989783014, 1.0000000021168352, 1.999999997969106, 1.9999999978720082, 1.9999999979552558]
[1.000000002035611, 0.9999999989957251, 1.9999999979956462, 1.9999999979840357, 1.9999999979676077, 0.9999999989957251, 1.0000000020924316, 1.9999999979699015, 1.999999997940319, 1.9999999979802487, 0.9999999989957251, 1.0000000020130524, 1.9999999979685987, 1.9999999980095988, 1.9999999979916505, 1.000000002113877, 0.9999999989957251, 1.9999999979740264, 0.0, 1.9999999979035465, 0.9999999989957251, 1.000000002134259, 1.99999999798653, 1.999999997889432, 1.9999999979726797]
[1.0000000019477073, 0.9999999989078214, 1.9999999979077425, 1.999999997896132, 1.999999997879704, 0.9999999989078214, 1.0000000020045279, 1.9999999978819978, 1.9999999978524152, 1.999999997892345, 0.9999999989078214, 1.000000001925149, 1.999999997880695, 1.9999999979216951, 1.9999999979037468, 1.0000000020259734, 0.9999999989078214, 1.9999999978861227, 1.9999999979035465, 0.0, 0.9999999989078215, 1.0000000020463553, 1.9999999978986263, 1.9999999978015284, 1.999999997884776]
[3.0398858985591914e-9, 0.0, 0.9999999989999211, 0.9999999989883105, 0.9999999989718825, 0.0, 3.096706446825692e-9, 0.9999999989741762, 0.9999999989445938, 0.9999999989845235, 0.0, 3.0173273879441354e-9, 0.9999999989728735, 0.9999999990138738, 0.9999999989959254, 3.1181519588585616e-9, 0.0, 0.9999999989783014, 0.9999999989957251, 0.9999999989078215, 0.0, 3.13853387723384e-9, 0.9999999989908048, 0.9999999988937069, 0.9999999989769546]
[6.1784197757930315e-9, 3.13853387723384e-9, 1.000000002138455, 1.0000000021268445, 1.0000000021104165, 3.13853387723384e-9, 6.235240324059532e-9, 1.0000000021127102, 1.0000000020831277, 1.0000000021230575, 3.13853387723384e-9, 6.155861265177975e-9, 1.0000000021114075, 1.0000000021524076, 1.0000000021344593, 6.256685836092402e-9, 3.13853387723384e-9, 1.0000000021168352, 1.000000002134259, 1.0000000020463553, 3.13853387723384e-9, 0.0, 1.0000000021293385, 1.0000000020322406, 1.0000000021154882]
[1.0000000020306907, 0.9999999989908048, 1.999999997990726, 1.9999999979791154, 1.9999999979626875, 0.9999999989908048, 1.0000000020875113, 1.9999999979649812, 1.9999999979353986, 1.9999999979753285, 0.9999999989908048, 1.0000000020081323, 1.9999999979636784, 1.9999999980046785, 1.9999999979867302, 1.0000000021089568, 0.9999999989908048, 1.999999997969106, 1.99999999798653, 1.9999999978986263, 0.9999999989908048, 1.0000000021293385, 0.0, 1.9999999978845118, 1.9999999979677594]
[1.0000000019335928, 0.9999999988937069, 1.999999997893628, 1.9999999978820175, 1.9999999978655896, 0.9999999988937069, 1.0000000019904134, 1.9999999978678833, 1.9999999978383007, 1.9999999978782306, 0.9999999988937069, 1.0000000019110344, 1.9999999978665806, 1.9999999979075807, 1.9999999978896323, 1.000000002011859, 0.9999999988937069, 1.9999999978720082, 1.999999997889432, 1.9999999978015284, 0.9999999988937069, 1.0000000020322406, 1.9999999978845118, 0.0, 1.9999999978706615]
[1.0000000020168405, 0.9999999989769546, 1.9999999979768757, 1.9999999979652652, 1.9999999979488372, 0.9999999989769546, 1.000000002073661, 1.999999997951131, 1.9999999979215484, 1.9999999979614782, 0.9999999989769546, 1.000000001994282, 1.9999999979498282, 1.9999999979908283, 1.99999999797288, 1.0000000020951065, 0.9999999989769546, 1.9999999979552558, 1.9999999979726797, 1.999999997884776, 0.9999999989769546, 1.0000000021154882, 1.9999999979677594, 1.9999999978706615, 0.0]
w vector is :
 [0.02823726256373238, 0.006906843635432036, 1.0000788631668207, 1.0116894710256996, 1.0281174705984335, 0.017341189305087212, 0.0, 1.0258237166269826, 1.0554061914296025, 1.0154764511019472, 0.007929900136845063, 0.02720616754777338, 1.027126454175935, 0.9861261847267794, 1.0040745713476664, 0.0, 0.008772598840637332, 1.021698616584457, 1.0042748757605886, 1.092178463278023, 0.006680620711405849, 0.0, 1.009195204405944, 1.1062930901131425, 1.0230454867183458]p matrix is :
 [0.0, 0.0, 0.0, 0.0, 0.0, 0.0, 0.0, 0.0, 0.0, 0.0, 0.0, 0.0, 0.0, 0.0, 0.0, 0.0, 0.0, 0.0, 0.0, 0.0, 0.0, 0.0, 0.0, 0.0, 0.0]
[0.0, 0.0, 0.0, 0.0, 0.0, 0.0, 0.0, 0.0, 0.0, 0.0, 0.0, 0.0, 0.0, 0.0, 0.0, 0.0, 0.0, 0.0, 0.0, 0.0, 0.0, 0.0, 0.0, 0.0, 0.0]
[0.0, 0.0, 0.0, 0.0, 0.0, 0.0, 0.0, 0.0, 0.0, 0.0, 0.0, 0.0, 0.0, 0.0, 0.0, 0.0, 0.0, 0.0, 0.0, 0.0, 0.0, 0.0, 0.0, 0.0, 0.0]
[0.0, 0.0, 0.0, 0.0, 0.0, 0.0, 0.0, 0.0, 0.0, 0.0, 0.0, 0.0, 0.0, 0.0, 0.0, 0.0, 0.0, 0.0, 0.0, 0.0, 0.0, 0.0, 0.0, 0.0, 0.0]
[0.0, 0.0, 0.0, 0.0, 0.0, 0.0, 0.0, 0.0, 0.0, 0.0, 0.0, 0.0, 0.0, 0.0, 0.0, 0.0, 0.0, 0.0, 0.0, 0.0, 0.0, 0.0, 0.0, 0.0, 0.0]
[0.0, 0.0, 0.0, 0.0, 0.0, 0.0, 0.0, 0.0, 0.0, 0.0, 0.0, 0.0, 0.0, 0.0, 0.0, 0.0, 0.0, 0.0, 0.0, 0.0, 0.0, 0.0, 0.0, 0.0, 0.0]
[0.0, 0.0, 0.0, 0.0, 0.0, 0.0, 0.0, 0.0, 0.0, 0.0, 0.0, 0.0, 0.0, 0.0, 0.0, 0.0, 0.0, 0.0, 0.0, 0.0, 0.0, 0.0, 0.0, 0.0, 0.0]
[0.0, 0.0, 0.0, 0.0, 0.0, 0.0, 0.0, 0.0, 0.0, 0.0, 0.0, 0.0, 0.0, 0.0, 0.0, 0.0, 0.0, 0.0, 0.0, 0.0, 0.0, 0.0, 0.0, 0.0, 0.0]
[0.0, 0.0, 0.0, 0.0, 0.0, 0.0, 0.0, 0.0, 0.0, 0.0, 0.0, 0.0, 0.0, 0.0, 0.0, 0.0, 0.0, 0.0, 0.0, 0.0, 0.0, 0.0, 0.0, 0.0, 0.0]
[0.0, 0.0, 0.0, 0.0, 0.0, 0.0, 0.0, 0.0, 0.0, 0.0, 0.0, 0.0, 0.0, 0.0, 0.0, 0.0, 0.0, 0.0, 0.0, 0.0, 0.0, 0.0, 0.0, 0.0, 0.0]
[0.0, 0.0, 0.0, 0.0, 0.0, 0.0, 0.0, 0.0, 0.0, 0.0, 0.0, 0.0, 0.0, 0.0, 0.0, 0.0, 0.0, 0.0, 0.0, 0.0, 0.0, 0.0, 0.0, 0.0, 0.0]
[0.0, 0.0, 0.0, 0.0, 0.0, 0.0, 0.0, 0.0, 0.0, 0.0, 0.0, 0.0, 0.0, 0.0, 0.0, 0.0, 0.0, 0.0, 0.0, 0.0, 0.0, 0.0, 0.0, 0.0, 0.0]
[0.0, 0.0, 0.0, 0.0, 0.0, 0.0, 0.0, 0.0, 0.0, 0.0, 0.0, 0.0, 0.0, 0.0, 0.0, 0.0, 0.0, 0.0, 0.0, 0.0, 0.0, 0.0, 0.0, 0.0, 0.0]
[0.0, 0.0, 0.0, 0.0, 0.0, 0.0, 0.0, 0.0, 0.0, 0.0, 0.0, 0.0, 0.0, 0.0, 0.0, 0.0, 0.0, 0.0, 0.0, 0.0, 0.0, 0.0, 0.0, 0.0, 0.0]
[0.0, 0.0, 0.0, 0.0, 0.0, 0.0, 0.0, 0.0, 0.0, 0.0, 0.0, 0.0, 0.0, 0.0, 0.0, 0.0, 0.0, 0.0, 0.0, 0.0, 0.0, 0.0, 0.0, 0.0, 0.0]
[0.0, 0.0, 0.0, 0.0, 0.0, 0.0, 0.0, 0.0, 0.0, 0.0, 0.0, 0.0, 0.0, 0.0, 0.0, 0.0, 0.0, 0.0, 0.0, 0.0, 0.0, 0.0, 0.0, 0.0, 0.0]
[0.0, 0.0, 0.0, 0.0, 0.0, 0.0, 0.0, 0.0, 0.0, 0.0, 0.0, 0.0, 0.0, 0.0, 0.0, 0.0, 0.0, 0.0, 0.0, 0.0, 0.0, 0.0, 0.0, 0.0, 0.0]
[0.0, 0.0, 0.0, 0.0, 0.0, 0.0, 0.0, 0.0, 0.0, 0.0, 0.0, 0.0, 0.0, 0.0, 0.0, 0.0, 0.0, 0.0, 0.0, 0.0, 0.0, 0.0, 0.0, 0.0, 0.0]
[0.0, 0.0, 0.0, 0.0, 0.0, 0.0, 0.0, 0.0, 0.0, 0.0, 0.0, 0.0, 0.0, 0.0, 0.0, 0.0, 0.0, 0.0, 0.0, 0.0, 0.0, 0.0, 0.0, 0.0, 0.0]
[0.0, 0.0, 0.0, 0.0, 0.0, 0.0, 0.0, 0.0, 0.0, 0.0, 0.0, 0.0, 0.0, 0.0, 0.0, 0.0, 0.0, 0.0, 0.0, 0.0, 0.0, 0.0, 0.0, 0.0, 0.0]
[0.0, 0.0, 0.0, 0.0, 0.0, 0.0, 0.0, 0.0, 0.0, 0.0, 0.0, 0.0, 0.0, 0.0, 0.0, 0.0, 0.0, 0.0, 0.0, 0.0, 0.0, 0.0, 0.0, 0.0, 0.0]
[0.0, 0.0, 0.0, 0.0, 0.0, 0.0, 0.0, 0.0, 0.0, 0.0, 0.0, 0.0, 0.0, 0.0, 0.0, 0.0, 0.0, 0.0, 0.0, 0.0, 0.0, 0.0, 0.0, 0.0, 0.0]
[0.0, 0.0, 0.0, 0.0, 0.0, 0.0, 0.0, 0.0, 0.0, 0.0, 0.0, 0.0, 0.0, 0.0, 0.0, 0.0, 0.0, 0.0, 0.0, 0.0, 0.0, 0.0, 0.0, 0.0, 0.0]
[0.0, 0.0, 0.0, 0.0, 0.0, 0.0, 0.0, 0.0, 0.0, 0.0, 0.0, 0.0, 0.0, 0.0, 0.0, 0.0, 0.0, 0.0, 0.0, 0.0, 0.0, 0.0, 0.0, 0.0, 0.0]
[0.0, 0.0, 0.0, 0.0, 0.0, 0.0, 0.0, 0.0, 0.0, 0.0, 0.0, 0.0, 0.0, 0.0, 0.0, 0.0, 0.0, 0.0, 0.0, 0.0, 0.0, 0.0, 0.0, 0.0, 0.0]
