Academic license - for non-commercial use only
Academic license - for non-commercial use only
Optimize a model with 1098 rows, 495 columns and 2850 nonzeros
Variable types: 480 continuous, 15 integer (15 binary)
Coefficient statistics:
  Matrix range     [1e+00, 1e+09]
  Objective range  [1e+00, 1e+00]
  Bounds range     [0e+00, 0e+00]
  RHS range        [2e-03, 2e+00]
Warning: Model contains large matrix coefficients
         Consider reformulating model or setting NumericFocus parameter
         to avoid numerical issues.
Found heuristic solution: objective -0.0000000
Presolve removed 765 rows and 360 columns
Presolve time: 0.02s
Presolved: 333 rows, 135 columns, 990 nonzeros
Variable types: 120 continuous, 15 integer (15 binary)

Root relaxation: objective 9.376855e+00, 20 iterations, 0.00 seconds

    Nodes    |    Current Node    |     Objective Bounds      |     Work
 Expl Unexpl |  Obj  Depth IntInf | Incumbent    BestBd   Gap | It/Node Time

*    0     0               0       9.3768550    9.37686  0.00%     -    0s

Explored 0 nodes (29 simplex iterations) in 0.05 seconds
Thread count was 24 (of 24 available processors)

Solution count 2: 9.37686 -0 

Optimal solution found (tolerance 1.00e-04)
Best objective 9.376855004830e+00, best bound 9.376855004830e+00, gap 0.0000%
num_cluster is 3
card is 5
visit_m is 2
limits_ is [1, 1]
dim is 2
sum dis 31.75227190841721

dis_mat matrix is :
 [Inf, 0.09220137661329007, 0.18571078653442052, 0.1860770035832278, 0.3169156937042411, 0.30642526191885006, 0.28591667873825494, 0.11283096743687027, 0.15381268749952998, 0.18614805390358982, 0.19295558227420082, 0.2679289785908046, 0.24248460219747212, 0.17259006881402605, 0.10300976053493822]
[0.09220137661329007, Inf, 0.172730186194914, 0.10864164162651546, 0.22543709647308363, 0.22514151430561377, 0.2949152924967147, 0.051058582006360646, 0.10584048792300257, 0.10806467402519931, 0.15818422797021695, 0.18319528649135752, 0.22410665184110498, 0.11720617747202298, 0.043556508264901844]
[0.18571078653442052, 0.172730186194914, Inf, 0.13720888087801805, 0.2801981756427721, 0.214499631494007, 0.12587102271863831, 0.12474979510311526, 0.07993942390029886, 0.13897338105861928, 0.0434911400582826, 0.20067997940659577, 0.05677609712487602, 0.08729008399800779, 0.129805468955705]
[0.1860770035832278, 0.10864164162651546, 0.13720888087801805, Inf, 0.15140150529316906, 0.12035559734444279, 0.25880482685661244, 0.07349157184100266, 0.06265268219581187, 0.0018751836275929827, 0.09930197248209485, 0.0842642883183547, 0.16706880817364633, 0.04994335364523639, 0.08309613903137972]
[0.3169156937042411, 0.22543709647308363, 0.2801981756427721, 0.15140150529316906, Inf, 0.09661896430664903, 0.3897848998200649, 0.2148156424269047, 0.2133965966349402, 0.1501455336102943, 0.23748118169388732, 0.08180914644543417, 0.2930852714606875, 0.19740841712635462, 0.2220281631385571]
[0.30642526191885006, 0.22514151430561377, 0.214499631494007, 0.12035559734444279, 0.09661896430664903, Inf, 0.3084981475263949, 0.19379136628779695, 0.16794738053659647, 0.12028201436786538, 0.1713760323487793, 0.045415194748508525, 0.2130346201995757, 0.1479122679028184, 0.20345100662970986]
[0.28591667873825494, 0.2949152924967147, 0.12587102271863831, 0.25880482685661244, 0.3897848998200649, 0.3084981475263949, Inf, 0.2493745766561094, 0.20546913768023087, 0.2606516445063815, 0.15951104700306418, 0.3079837124673803, 0.09671821361408928, 0.2100650795688247, 0.25336478012731223]
[0.11283096743687027, 0.051058582006360646, 0.12474979510311526, 0.07349157184100266, 0.2148156424269047, 0.19379136628779695, 0.2493745766561094, Inf, 0.05482879133449726, 0.0736958737976114, 0.10720445688478882, 0.1567619992799619, 0.17401460974030047, 0.06765075408138456, 0.010201639364900974]
[0.15381268749952998, 0.10584048792300257, 0.07993942390029886, 0.06265268219581187, 0.2133965966349402, 0.16794738053659647, 0.20546913768023087, 0.05482879133449726, Inf, 0.0641444649106241, 0.053272801980543495, 0.14072658883621944, 0.12228656733877076, 0.020445798801623026, 0.06343709340157169]
[0.18614805390358982, 0.10806467402519931, 0.13897338105861928, 0.0018751836275929827, 0.1501455336102943, 0.12028201436786538, 0.2606516445063815, 0.0736958737976114, 0.0641444649106241, Inf, 0.10115224783936594, 0.08369041261284046, 0.16894330132460514, 0.05169436734663313, 0.08321558480223094]
[0.19295558227420082, 0.15818422797021695, 0.0434911400582826, 0.09930197248209485, 0.23748118169388732, 0.1713760323487793, 0.15951104700306418, 0.10720445688478882, 0.053272801980543495, 0.10115224783936594, Inf, 0.1574269785986321, 0.07003639504754675, 0.05147712662257987, 0.11493356994674829]
[0.2679289785908046, 0.18319528649135752, 0.20067997940659577, 0.0842642883183547, 0.08180914644543417, 0.045415194748508525, 0.3079837124673803, 0.1567619992799619, 0.14072658883621944, 0.08369041261284046, 0.1574269785986321, Inf, 0.21127874094496574, 0.12239293593198997, 0.16584725786478063]
[0.24248460219747212, 0.22410665184110498, 0.05677609712487602, 0.16706880817364633, 0.2930852714606875, 0.2130346201995757, 0.09671821361408928, 0.17401460974030047, 0.12228656733877076, 0.16894330132460514, 0.07003639504754675, 0.21127874094496574, Inf, 0.12125813614098553, 0.1805666375155904]
[0.17259006881402605, 0.11720617747202298, 0.08729008399800779, 0.04994335364523639, 0.19740841712635462, 0.1479122679028184, 0.2100650795688247, 0.06765075408138456, 0.020445798801623026, 0.05169436734663313, 0.05147712662257987, 0.12239293593198997, 0.12125813614098553, Inf, 0.0773059444980913]
[0.10300976053493822, 0.043556508264901844, 0.129805468955705, 0.08309613903137972, 0.2220281631385571, 0.20345100662970986, 0.25336478012731223, 0.010201639364900974, 0.06343709340157169, 0.08321558480223094, 0.11493356994674829, 0.16584725786478063, 0.1805666375155904, 0.0773059444980913, Inf]
data points matrix is :
 [0.5377253840834358, 0.325988806966505]
[0.4609377007013541, 0.3770255146404814]
[0.5732298413126103, 0.5082741046514659]
[0.43831556867123006, 0.48328578679200496]
[0.2937445100554625, 0.5282482691050823]
[0.3725814366157636, 0.5841049005306812]
[0.6808964607122339, 0.5734769682948104]
[0.48144856932895375, 0.42378322057909223]
[0.5004463137268877, 0.475215526253567]
[0.43669835315127103, 0.4823366147321568]
[0.5310387989981983, 0.5188284976701404]
[0.3748770993886628, 0.538747763865344]
[0.5846546789614389, 0.5638888355186675]
[0.4876358054752524, 0.49115044285112824]
[0.4840784617114444, 0.413926389861868]




 AdNNnew 
obj val AdNNnew 9.376855004830077
x vector is :
 [0.9999999988934676, 1.0422067194109741e-9, 1.0, 9.978188455642938e-10, 1.066506451935281e-9, 1.0, 0.9999999975142846, 1.0088518505443281e-9, 9.72807757547663e-10, 1.0040563260614243e-9, 0.9999999974338886, 1.0, 1.0171240423908966e-9, 1.0476380292335144e-9, 1.0013497768103712e-9]y vector is :
 [0.04999465426664129, 1.042206724410974, 0.03965204871685529, 0.9978188505642938, 1.066506456935281, 0.03011250630486171, 0.07959416819178444, 1.008851855544328, 0.972807762547663, 1.0040563310614243, 0.0038390944075393785, 0.015302688443646925, 1.0171240473908965, 1.0476380342335143, 1.0013497818103712]z matrix is :
 [0.0, 1.0000000020643252, 3.1065320316159273e-9, 1.0000000021087132, 1.0000000020400255, 3.1065320316159273e-9, 6.092247928357608e-9, 1.0000000020976803, 1.0000000021337243, 1.0000000021024755, 6.172643840507419e-9, 3.1065320316159273e-9, 1.0000000020894082, 1.000000002058894, 1.0000000021051823]
[1.0000000020643252, 0.0, 0.9999999989577932, 1.9999999979599743, 1.9999999978912868, 0.9999999989577932, 1.0000000019435091, 1.9999999979489413, 1.9999999979849854, 1.9999999979537368, 1.000000002023905, 0.9999999989577932, 1.9999999979406693, 1.9999999979101553, 1.9999999979564433]
[3.1065320316159273e-9, 0.9999999989577932, 0.0, 0.9999999990021811, 0.9999999989334936, 0.0, 2.985715896741681e-9, 0.9999999989911481, 0.9999999990271922, 0.9999999989959436, 3.066111808891492e-9, 0.0, 0.9999999989828761, 0.999999998952362, 0.9999999989986501]
[1.0000000021087132, 1.9999999979599743, 0.9999999990021811, 0.0, 1.9999999979356746, 0.9999999990021812, 1.000000001987897, 1.9999999979933292, 1.9999999980293732, 1.9999999979981247, 1.0000000020682929, 0.9999999990021812, 1.9999999979850571, 1.999999997954543, 1.9999999980008312]
[1.0000000020400255, 1.9999999978912868, 0.9999999989334936, 1.9999999979356746, 0.0, 0.9999999989334936, 1.0000000019192095, 1.9999999979246417, 1.9999999979606857, 1.9999999979294372, 1.0000000019996054, 0.9999999989334936, 1.9999999979163696, 1.9999999978858556, 1.9999999979321437]
[3.1065320316159273e-9, 0.9999999989577932, 0.0, 0.9999999990021812, 0.9999999989334936, 0.0, 2.985715896741681e-9, 0.9999999989911481, 0.9999999990271922, 0.9999999989959436, 3.066111808891492e-9, 0.0, 0.9999999989828761, 0.999999998952362, 0.9999999989986501]
[6.092247928357608e-9, 1.0000000019435091, 2.985715896741681e-9, 1.000000001987897, 1.0000000019192095, 2.985715896741681e-9, 0.0, 1.000000001976864, 1.000000002012908, 1.0000000019816595, 6.051827705633173e-9, 2.985715896741681e-9, 1.000000001968592, 1.000000001938078, 1.000000001984366]
[1.0000000020976803, 1.9999999979489413, 0.9999999989911481, 1.9999999979933292, 1.9999999979246417, 0.9999999989911481, 1.000000001976864, 0.0, 1.9999999980183403, 1.9999999979870917, 1.00000000205726, 0.9999999989911481, 1.9999999979740242, 1.9999999979435101, 1.9999999979897982]
[1.0000000021337243, 1.9999999979849854, 0.9999999990271922, 1.9999999980293732, 1.9999999979606857, 0.9999999990271922, 1.000000002012908, 1.9999999980183403, 0.0, 1.9999999980231358, 1.000000002093304, 0.9999999990271923, 1.9999999980100682, 1.9999999979795542, 1.9999999980258423]
[1.0000000021024755, 1.9999999979537368, 0.9999999989959436, 1.9999999979981247, 1.9999999979294372, 0.9999999989959436, 1.0000000019816595, 1.9999999979870917, 1.9999999980231358, 0.0, 1.0000000020620554, 0.9999999989959437, 1.9999999979788197, 1.9999999979483056, 1.9999999979945937]
[6.172643840507419e-9, 1.000000002023905, 3.066111808891492e-9, 1.0000000020682929, 1.0000000019996054, 3.066111808891492e-9, 6.051827705633173e-9, 1.00000000205726, 1.000000002093304, 1.0000000020620554, 0.0, 3.0661119199137943e-9, 1.000000002048988, 1.0000000020184738, 1.0000000020647621]
[3.1065320316159273e-9, 0.9999999989577932, 0.0, 0.9999999990021812, 0.9999999989334936, 0.0, 2.985715896741681e-9, 0.9999999989911481, 0.9999999990271923, 0.9999999989959437, 3.0661119199137943e-9, 0.0, 0.9999999989828761, 0.999999998952362, 0.9999999989986501]
[1.0000000020894082, 1.9999999979406693, 0.9999999989828761, 1.9999999979850571, 1.9999999979163696, 0.9999999989828761, 1.000000001968592, 1.9999999979740242, 1.9999999980100682, 1.9999999979788197, 1.000000002048988, 0.9999999989828761, 0.0, 1.999999997935238, 1.9999999979815262]
[1.000000002058894, 1.9999999979101553, 0.999999998952362, 1.999999997954543, 1.9999999978858556, 0.999999998952362, 1.000000001938078, 1.9999999979435101, 1.9999999979795542, 1.9999999979483056, 1.0000000020184738, 0.999999998952362, 1.999999997935238, 0.0, 1.9999999979510121]
[1.0000000021051823, 1.9999999979564433, 0.9999999989986501, 1.9999999980008312, 1.9999999979321437, 0.9999999989986501, 1.000000001984366, 1.9999999979897982, 1.9999999980258423, 1.9999999979945937, 1.0000000020647621, 0.9999999989986501, 1.9999999979815262, 1.9999999979510121, 0.0]
w vector is :
 [0.04999465426664129, 1.042206724410974, 0.03965204871685529, 0.9978188505642938, 1.066506456935281, 0.03011250630486171, 0.07959416819178444, 1.008851855544328, 0.972807762547663, 1.0040563310614243, 0.0038390944075393785, 0.015302688443646925, 1.0171240473908965, 1.0476380342335143, 1.0013497818103712]p matrix is :
 [0.0, 0.0, 0.0, 0.0, 0.0, 0.0, 0.0, 0.0, 0.0, 0.0, 0.0, 0.0, 0.0, 0.0, 0.0]
[0.0, 0.0, 0.0, 0.0, 0.0, 0.0, 0.0, 0.0, 0.0, 0.0, 0.0, 0.0, 0.0, 0.0, 0.0]
[0.0, 0.0, 0.0, 0.0, 0.0, 0.0, 0.0, 0.0, 0.0, 0.0, 0.0, 0.0, 0.0, 0.0, 0.0]
[0.0, 0.0, 0.0, 0.0, 0.0, 0.0, 0.0, 0.0, 0.0, 0.0, 0.0, 0.0, 0.0, 0.0, 0.0]
[0.0, 0.0, 0.0, 0.0, 0.0, 0.0, 0.0, 0.0, 0.0, 0.0, 0.0, 0.0, 0.0, 0.0, 0.0]
[0.0, 0.0, 0.0, 0.0, 0.0, 0.0, 0.0, 0.0, 0.0, 0.0, 0.0, 0.0, 0.0, 0.0, 0.0]
[0.0, 0.0, 0.0, 0.0, 0.0, 0.0, 0.0, 0.0, 0.0, 0.0, 0.0, 0.0, 0.0, 0.0, 0.0]
[0.0, 0.0, 0.0, 0.0, 0.0, 0.0, 0.0, 0.0, 0.0, 0.0, 0.0, 0.0, 0.0, 0.0, 0.0]
[0.0, 0.0, 0.0, 0.0, 0.0, 0.0, 0.0, 0.0, 0.0, 0.0, 0.0, 0.0, 0.0, 0.0, 0.0]
[0.0, 0.0, 0.0, 0.0, 0.0, 0.0, 0.0, 0.0, 0.0, 0.0, 0.0, 0.0, 0.0, 0.0, 0.0]
[0.0, 0.0, 0.0, 0.0, 0.0, 0.0, 0.0, 0.0, 0.0, 0.0, 0.0, 0.0, 0.0, 0.0, 0.0]
[0.0, 0.0, 0.0, 0.0, 0.0, 0.0, 0.0, 0.0, 0.0, 0.0, 0.0, 0.0, 0.0, 0.0, 0.0]
[0.0, 0.0, 0.0, 0.0, 0.0, 0.0, 0.0, 0.0, 0.0, 0.0, 0.0, 0.0, 0.0, 0.0, 0.0]
[0.0, 0.0, 0.0, 0.0, 0.0, 0.0, 0.0, 0.0, 0.0, 0.0, 0.0, 0.0, 0.0, 0.0, 0.0]
[0.0, 0.0, 0.0, 0.0, 0.0, 0.0, 0.0, 0.0, 0.0, 0.0, 0.0, 0.0, 0.0, 0.0, 0.0]
