Academic license - for non-commercial use only
Academic license - for non-commercial use only
Optimize a model with 3080 rows, 1325 columns and 8000 nonzeros
Variable types: 1300 continuous, 25 integer (25 binary)
Coefficient statistics:
  Matrix range     [1e+00, 1e+09]
  Objective range  [1e+00, 1e+00]
  Bounds range     [0e+00, 0e+00]
  RHS range        [2e-02, 2e+00]
Warning: Model contains large matrix coefficients
         Consider reformulating model or setting NumericFocus parameter
         to avoid numerical issues.
Found heuristic solution: objective -0.0000000
Presolve removed 2150 rows and 975 columns
Presolve time: 0.02s
Presolved: 930 rows, 350 columns, 2775 nonzeros
Variable types: 325 continuous, 25 integer (25 binary)

Root relaxation: objective 1.571056e+01, 39 iterations, 0.00 seconds

    Nodes    |    Current Node    |     Objective Bounds      |     Work
 Expl Unexpl |  Obj  Depth IntInf | Incumbent    BestBd   Gap | It/Node Time

*    0     0               0      15.7105613   15.71056  0.00%     -    0s

Explored 0 nodes (54 simplex iterations) in 0.03 seconds
Thread count was 24 (of 24 available processors)

Solution count 2: 15.7106 -0 

Optimal solution found (tolerance 1.00e-04)
Best objective 1.571056128589e+01, best bound 1.571056128589e+01, gap 0.0000%
num_cluster is 5
card is 5
visit_m is 2
limits_ is [1, 1]
dim is 2
sum dis 105.04016641303103

dis_mat matrix is :
 [Inf, 0.15958978049956873, 0.17355586983462032, 0.17595239759173736, 0.048000510911730625, 0.06631818391927781, 0.08963521140178289, 0.10114881243769447, 0.08185764296424938, 0.16607177842626322, 0.12252816800841092, 0.17879149599626565, 0.13621511131631267, 0.06176824895425063, 0.12087431013786357, 0.029859859770589324, 0.1259012522327574, 0.37915736438585074, 0.10353370919115994, 0.12708216830116473, 0.20817113658090874, 0.11421255164584154, 0.14473525150095487, 0.14424094217159364, 0.18225155372173293]
[0.15958978049956873, Inf, 0.07062263804578041, 0.13951062769197026, 0.20735172480223274, 0.12732796148170855, 0.08123778016457331, 0.17417576046285302, 0.12310230109247815, 0.31262279054514325, 0.2570810075218326, 0.20754801532997666, 0.15669959027124064, 0.13856794225423594, 0.05373031388452769, 0.14796118999795685, 0.24228841545559393, 0.2669520725097738, 0.10714337231625858, 0.03865683287180341, 0.0764646932562835, 0.16320733667981513, 0.29905105710287266, 0.207578194432854, 0.08121397553811344]
[0.17355586983462032, 0.07062263804578041, Inf, 0.20752541835193544, 0.21628232498906544, 0.16766546979719318, 0.12543976177984398, 0.22161214526018336, 0.10557342379864738, 0.2991243955285861, 0.23978392556849187, 0.15292171172414631, 0.11015621448039227, 0.1281554492014242, 0.05697613606757306, 0.1740678031232163, 0.28155521817039475, 0.3286318928865742, 0.1612587872443773, 0.06149451568455871, 0.03891935345891012, 0.1269539956872362, 0.2938473757965313, 0.16565056564092429, 0.1518201056908726]
[0.17595239759173736, 0.13951062769197026, 0.20752541835193544, Inf, 0.2138990901111599, 0.10965015039712364, 0.10673577010420957, 0.1042771523424952, 0.2043748379566177, 0.33857503684104473, 0.2984798346797922, 0.31360540997795544, 0.260101080390271, 0.20376303611987429, 0.16459686505360527, 0.14704055181470416, 0.1713274112355034, 0.21130988422927904, 0.07439121570892669, 0.151404959972575, 0.21502992167113125, 0.2529667055206762, 0.3116209337707661, 0.29593044957970266, 0.06985703970993366]
[0.048000510911730625, 0.20735172480223274, 0.21628232498906544, 0.2138990901111599, Inf, 0.10646451262844367, 0.13678596555695913, 0.12338740376809464, 0.11581293618136393, 0.12472971241977641, 0.09303532930003618, 0.19150993215725892, 0.15921506991960277, 0.09248893669759842, 0.16636961579756143, 0.0694133072025174, 0.11915184400571294, 0.4216218543749724, 0.14545096969819504, 0.17390085486768248, 0.25244359760622037, 0.1331209899878038, 0.09911191442387311, 0.14997886307612854, 0.22796802748363293]
[0.06631818391927781, 0.12732796148170855, 0.16766546979719318, 0.10965015039712364, 0.10646451262844367, Inf, 0.04615799805703588, 0.05552129408083509, 0.11328410634127584, 0.23023941819116778, 0.1888428230676419, 0.22372488777361677, 0.17342928652721035, 0.10435516548589846, 0.11088375356634611, 0.03766789122297914, 0.11577904796682537, 0.3151761818026535, 0.03906514495391983, 0.10806888109046708, 0.19391100544634646, 0.15875369830589203, 0.2054922633437796, 0.1973153784160558, 0.1242082329875817]
[0.08963521140178289, 0.08123778016457331, 0.12543976177984398, 0.10673577010420957, 0.13678596555695913, 0.04615799805703588, Inf, 0.09670003150926365, 0.09765259784804932, 0.2542884749213729, 0.2054757108873665, 0.20728833804931585, 0.15405556644896043, 0.09879688673251226, 0.07043013104248726, 0.07041236421515029, 0.16169531141848242, 0.2940713729706791, 0.03887417343103105, 0.06424232130084298, 0.1489148335283374, 0.14625502548696923, 0.23435137551217047, 0.1895569922456451, 0.0937601460495102]
[0.10114881243769447, 0.17417576046285302, 0.22161214526018336, 0.1042771523424952, 0.12338740376809464, 0.05552129408083509, 0.09670003150926365, Inf, 0.16592845518004007, 0.24563457502413094, 0.215439226433385, 0.2742349538312568, 0.22590375627159015, 0.15353610070277898, 0.16533531697664827, 0.07342181840283861, 0.0725830662980953, 0.3150714793779298, 0.0680752291793886, 0.16084292354789964, 0.24538493739883016, 0.20872474054647752, 0.21503148719854098, 0.24373426941647636, 0.1475722849564394]
[0.08185764296424938, 0.12310230109247815, 0.10557342379864738, 0.2043748379566177, 0.11581293618136393, 0.11328410634127584, 0.09765259784804932, 0.16592845518004007, Inf, 0.19521349253081097, 0.13697823712361554, 0.11123206528164638, 0.06016926513054438, 0.023525277723621337, 0.06996769411853439, 0.09683277486214696, 0.20606081436090248, 0.3813036525283759, 0.13306978014657334, 0.08446519079382943, 0.1440055612126953, 0.04860596671198701, 0.1883064402564461, 0.09254619705706568, 0.18054442103737156]
[0.16607177842626322, 0.31262279054514325, 0.2991243955285861, 0.33857503684104473, 0.12472971241977641, 0.23023941819116778, 0.2542884749213729, 0.24563457502413094, 0.19521349253081097, Inf, 0.05985422925103363, 0.2030416628533732, 0.20359773122044703, 0.175376575672894, 0.2628233525185053, 0.19262229342474568, 0.22014168006868678, 0.5450246480228776, 0.26880762716914364, 0.27495800564859507, 0.33801332194364503, 0.17818597207356285, 0.03691856183657247, 0.1595942145402727, 0.34782970799451995]
[0.12252816800841092, 0.2570810075218326, 0.23978392556849187, 0.2984798346797922, 0.09303532930003618, 0.1888428230676419, 0.2054757108873665, 0.215439226433385, 0.13697823712361554, 0.05985422925103363, Inf, 0.14882724534529854, 0.14421344666230335, 0.118603915948447, 0.20584203053355607, 0.15177628925228753, 0.20772211503954321, 0.49925415615644586, 0.22558301262218927, 0.2188314658540475, 0.2787005283869626, 0.11844499495126569, 0.06752249980355997, 0.10377384530888617, 0.29907026524581504]
[0.17879149599626565, 0.20754801532997666, 0.15292171172414631, 0.31360540997795544, 0.19150993215725892, 0.22372488777361677, 0.20728833804931585, 0.2742349538312568, 0.11123206528164638, 0.2030416628533732, 0.14882724534529854, Inf, 0.05368628981935633, 0.12070619777507402, 0.15802753486932708, 0.20180787826284238, 0.3033178484417154, 0.47450008313508346, 0.2439535156922739, 0.1742483905184313, 0.1858039808384923, 0.06552125637744984, 0.2162669282330895, 0.045550459071573346, 0.2803160717843979]
[0.13621511131631267, 0.15669959027124064, 0.11015621448039227, 0.260101080390271, 0.15921506991960277, 0.17342928652721035, 0.15405556644896043, 0.22590375627159015, 0.06016926513054438, 0.20359773122044703, 0.14421344666230335, 0.05368628981935633, Inf, 0.07474370584362545, 0.10546625379368986, 0.1554452971319683, 0.26210698521674247, 0.42319841537863084, 0.19125093672938356, 0.12179400998894685, 0.14702550908317633, 0.02750617245506441, 0.2075679916281148, 0.055596594211048414, 0.2272113044944186]
[0.06176824895425063, 0.13856794225423594, 0.1281554492014242, 0.20376303611987429, 0.09248893669759842, 0.10435516548589846, 0.09879688673251226, 0.15353610070277898, 0.023525277723621337, 0.175376575672894, 0.118603915948447, 0.12070619777507402, 0.07474370584362545, Inf, 0.08747966909496892, 0.08137822891623236, 0.1875035811721988, 0.3896340758993423, 0.13016074597059207, 0.10023096446024296, 0.16620315309308425, 0.05518925986192837, 0.16635640582977274, 0.09335231786131895, 0.1879704896779317]
[0.12087431013786357, 0.05373031388452769, 0.05697613606757306, 0.16459686505360527, 0.16636961579756143, 0.11088375356634611, 0.07043013104248726, 0.16533531697664827, 0.06996769411853439, 0.2628233525185053, 0.20584203053355607, 0.15802753486932708, 0.10546625379368986, 0.08747966909496892, Inf, 0.11804581393494086, 0.2246085894571319, 0.31803438571205755, 0.10819821716044717, 0.016340518592519563, 0.08775295633615508, 0.10974558878129834, 0.252138433763168, 0.15441174894333035, 0.12250349100773797]
[0.029859859770589324, 0.14796118999795685, 0.1740678031232163, 0.14704055181470416, 0.0694133072025174, 0.03766789122297914, 0.07041236421515029, 0.07342181840283861, 0.09683277486214696, 0.19262229342474568, 0.15177628925228753, 0.20180787826284238, 0.1554452971319683, 0.08137822891623236, 0.11804581393494086, Inf, 0.11081399541925292, 0.35258498835834895, 0.07626887980160678, 0.12043270664718948, 0.20546302062019942, 0.13634667121126443, 0.16851559655674964, 0.1703179191188799, 0.1589289836330095]
[0.1259012522327574, 0.24228841545559393, 0.28155521817039475, 0.1713274112355034, 0.11915184400571294, 0.11577904796682537, 0.16169531141848242, 0.0725830662980953, 0.20606081436090248, 0.22014168006868678, 0.20772211503954321, 0.3033178484417154, 0.26210698521674247, 0.1875035811721988, 0.2246085894571319, 0.11081399541925292, Inf, 0.3775014675415405, 0.1392653095642615, 0.22342965285885072, 0.3094835334667117, 0.23971442290902187, 0.18467254791722382, 0.26535118696832666, 0.22005447812182385]
[0.37915736438585074, 0.2669520725097738, 0.3286318928865742, 0.21130988422927904, 0.4216218543749724, 0.3151761818026535, 0.2940713729706791, 0.3150714793779298, 0.3813036525283759, 0.5450246480228776, 0.49925415615644586, 0.47450008313508346, 0.42319841537863084, 0.3896340758993423, 0.31803438571205755, 0.35258498835834895, 0.3775014675415405, Inf, 0.2763161731492957, 0.30171122388258137, 0.3092604283494954, 0.42665880351133195, 0.5205168631723452, 0.47170266663094396, 0.20167888246138507]
[0.10353370919115994, 0.10714337231625858, 0.1612587872443773, 0.07439121570892669, 0.14545096969819504, 0.03906514495391983, 0.03887417343103105, 0.0680752291793886, 0.13306978014657334, 0.26880762716914364, 0.22558301262218927, 0.2439535156922739, 0.19125093672938356, 0.13016074597059207, 0.10819821716044717, 0.07626887980160678, 0.1392653095642615, 0.2763161731492957, Inf, 0.09982860643123348, 0.18073799250349956, 0.1812458469306189, 0.24452176421376912, 0.22308073579100818, 0.0866729312830053]
[0.12708216830116473, 0.03865683287180341, 0.06149451568455871, 0.151404959972575, 0.17390085486768248, 0.10806888109046708, 0.06424232130084298, 0.16084292354789964, 0.08446519079382943, 0.27495800564859507, 0.2188314658540475, 0.1742483905184313, 0.12179400998894685, 0.10023096446024296, 0.016340518592519563, 0.12043270664718948, 0.22342965285885072, 0.30171122388258137, 0.09982860643123348, Inf, 0.08610978487255805, 0.12577100422375131, 0.26270834853596237, 0.17055261190494714, 0.10656136512835347]
[0.20817113658090874, 0.0764646932562835, 0.03891935345891012, 0.21502992167113125, 0.25244359760622037, 0.19391100544634646, 0.1489148335283374, 0.24538493739883016, 0.1440055612126953, 0.33801332194364503, 0.2787005283869626, 0.1858039808384923, 0.14702550908317633, 0.16620315309308425, 0.08775295633615508, 0.20546302062019942, 0.3094835334667117, 0.3092604283494954, 0.18073799250349956, 0.08610978487255805, Inf, 0.16531308069928086, 0.33229757956801537, 0.20261088276004238, 0.15155763101015518]
[0.11421255164584154, 0.16320733667981513, 0.1269539956872362, 0.2529667055206762, 0.1331209899878038, 0.15875369830589203, 0.14625502548696923, 0.20872474054647752, 0.04860596671198701, 0.17818597207356285, 0.11844499495126569, 0.06552125637744984, 0.02750617245506441, 0.05518925986192837, 0.10974558878129834, 0.13634667121126443, 0.23971442290902187, 0.42665880351133195, 0.1812458469306189, 0.12577100422375131, 0.16531308069928086, Inf, 0.18061525946493837, 0.045069733582929525, 0.2272373799834822]
[0.14473525150095487, 0.29905105710287266, 0.2938473757965313, 0.3116209337707661, 0.09911191442387311, 0.2054922633437796, 0.23435137551217047, 0.21503148719854098, 0.1883064402564461, 0.03691856183657247, 0.06752249980355997, 0.2162669282330895, 0.2075679916281148, 0.16635640582977274, 0.252138433763168, 0.16851559655674964, 0.18467254791722382, 0.5205168631723452, 0.24452176421376912, 0.26270834853596237, 0.33229757956801537, 0.18061525946493837, Inf, 0.17103189862455304, 0.3266742516934323]
[0.14424094217159364, 0.207578194432854, 0.16565056564092429, 0.29593044957970266, 0.14997886307612854, 0.1973153784160558, 0.1895569922456451, 0.24373426941647636, 0.09254619705706568, 0.1595942145402727, 0.10377384530888617, 0.045550459071573346, 0.055596594211048414, 0.09335231786131895, 0.15441174894333035, 0.1703179191188799, 0.26535118696832666, 0.47170266663094396, 0.22308073579100818, 0.17055261190494714, 0.20261088276004238, 0.045069733582929525, 0.17103189862455304, Inf, 0.27223704005963806]
[0.18225155372173293, 0.08121397553811344, 0.1518201056908726, 0.06985703970993366, 0.22796802748363293, 0.1242082329875817, 0.0937601460495102, 0.1475722849564394, 0.18054442103737156, 0.34782970799451995, 0.29907026524581504, 0.2803160717843979, 0.2272113044944186, 0.1879704896779317, 0.12250349100773797, 0.1589289836330095, 0.22005447812182385, 0.20167888246138507, 0.0866729312830053, 0.10656136512835347, 0.15155763101015518, 0.2272373799834822, 0.3266742516934323, 0.27223704005963806, Inf]
data points matrix is :
 [0.45197029566502384, 0.43209098072737673]
[0.5700142747709243, 0.5394898496075762]
[0.5217168133904175, 0.5910156900058052]
[0.6267775285509428, 0.41204908588060873]
[0.41302894397336504, 0.404026409178648]
[0.5177162674517648, 0.4233979540871196]
[0.5348357741872606, 0.4662638294866334]
[0.5315223632969199, 0.3696205813926028]
[0.4495980596332497, 0.5139142427490786]
[0.2882992519096452, 0.40395514902318136]
[0.33030360625876787, 0.4465950713372362]
[0.36879651500242466, 0.5903582270257581]
[0.41512310087090465, 0.5632277062725866]
[0.4396168937465192, 0.4926113082208245]
[0.5165375827269748, 0.5342754428180686]
[0.4800742373920854, 0.42200238890685055]
[0.48807477304223024, 0.3114775816910541]
[0.8288056726921753, 0.4739885413822572]
[0.5554965356015275, 0.4333345978264713]
[0.5324266447192858, 0.5304609629220702]
[0.5530830102921352, 0.614056474835803]
[0.40682588878023596, 0.53700279836712]
[0.3167634470556051, 0.38044409199093504]
[0.3625158174759804, 0.5452428509305465]
[0.6272821942722518, 0.48190430264746864]




 AdNNnew 
obj val AdNNnew 15.710561285893311
x vector is :
 [0.9999999989271441, 1.0, 1.0004779682840542e-9, 1.0397440146991699e-9, 1.0326340515415243e-9, 1.0, 0.9999999974759043, 1.032346803258526e-9, 9.771234761298194e-10, 1.014625139627398e-9, 1.0, 0.9999999974103849, 1.027506169508055e-9, 1.0464017895702767e-9, 1.0157069937869148e-9, 0.9999999973119098, 1.0, 1.1715658573187994e-9, 1.015890654148067e-9, 1.0006335127892644e-9, 1.0, 0.9999999974195031, 1.022293410172256e-9, 1.028090412647397e-9, 1.030113012940907e-9]y vector is :
 [0.015366456410428553, 0.03802331408190579, 1.000477973284054, 1.0397440196991699, 1.0326340565415242, 0.023174484789962157, 0.022983516291169015, 1.032346808258526, 0.9771234811298194, 1.014625144627398, 0.045229083609010956, 0.017460043485700738, 1.027506174508055, 1.0464017945702766, 1.0157069987869147, 0.014493409621107123, 0.04023625700722233, 1.1715658623187992, 1.015890659148067, 1.0006335177892642, 0.03844137917437779, 0.0, 1.0222934151722558, 1.0280904176473968, 1.0301130179409068]z matrix is :
 [0.0, 3.0728561917214847e-9, 1.0000000020723783, 1.0000000020331121, 1.0000000020402222, 3.0728561917214847e-9, 6.0969518322906424e-9, 1.0000000020405093, 1.0000000020957327, 1.0000000020582311, 3.0728561917214847e-9, 6.162470977955081e-9, 1.0000000020453501, 1.0000000020264543, 1.0000000020571491, 6.260946205927098e-9, 3.0728561917214847e-9, 1.0000000019012902, 1.0000000020569655, 1.0000000020722226, 3.0728561917214847e-9, 6.15335293829844e-9, 1.0000000020505628, 1.0000000020447657, 1.000000002042743]
[3.0728561917214847e-9, 0.0, 0.9999999989995221, 0.9999999989602559, 0.999999998967366, 0.0, 3.0240956405691577e-9, 0.9999999989676531, 0.9999999990228765, 0.999999998985375, 0.0, 3.0896147862335965e-9, 0.9999999989724939, 0.9999999989535981, 0.9999999989842929, 3.1880900142056134e-9, 0.0, 0.999999998828434, 0.9999999989841093, 0.9999999989993664, 0.0, 3.080496746576955e-9, 0.9999999989777066, 0.9999999989719095, 0.9999999989698869]
[1.0000000020723783, 0.9999999989995221, 0.0, 1.999999997959778, 1.999999997966888, 0.9999999989995221, 1.0000000020236177, 1.9999999979671752, 1.9999999980223986, 1.999999997984897, 0.9999999989995221, 1.0000000020891369, 1.999999997972016, 1.9999999979531202, 1.999999997983815, 1.000000002187612, 0.9999999989995221, 1.9999999978279561, 1.9999999979836314, 1.9999999979988885, 0.9999999989995221, 1.0000000020800188, 1.9999999979772287, 1.9999999979714316, 1.999999997969409]
[1.0000000020331121, 0.9999999989602559, 1.999999997959778, 0.0, 1.999999997927622, 0.9999999989602559, 1.0000000019843516, 1.999999997927909, 1.9999999979831324, 1.9999999979456309, 0.9999999989602559, 1.0000000020498707, 1.9999999979327499, 1.999999997913854, 1.9999999979445489, 1.000000002148346, 0.9999999989602559, 1.99999999778869, 1.9999999979443652, 1.9999999979596224, 0.9999999989602559, 1.0000000020407527, 1.9999999979379626, 1.9999999979321654, 1.9999999979301428]
[1.0000000020402222, 0.999999998967366, 1.999999997966888, 1.999999997927622, 0.0, 0.9999999989673659, 1.0000000019914617, 1.9999999979350191, 1.9999999979902425, 1.999999997952741, 0.9999999989673659, 1.0000000020569808, 1.99999999793986, 1.9999999979209642, 1.999999997951659, 1.000000002155456, 0.9999999989673659, 1.9999999977958, 1.9999999979514753, 1.9999999979667324, 0.9999999989673659, 1.0000000020478628, 1.9999999979450727, 1.9999999979392755, 1.999999997937253]
[3.0728561917214847e-9, 0.0, 0.9999999989995221, 0.9999999989602559, 0.9999999989673659, 0.0, 3.0240956405691577e-9, 0.9999999989676531, 0.9999999990228765, 0.999999998985375, 0.0, 3.0896147862335965e-9, 0.9999999989724939, 0.9999999989535981, 0.9999999989842929, 3.1880900142056134e-9, 0.0, 0.999999998828434, 0.9999999989841093, 0.9999999989993664, 0.0, 3.080496746576955e-9, 0.9999999989777066, 0.9999999989719095, 0.9999999989698869]
[6.0969518322906424e-9, 3.0240956405691577e-9, 1.0000000020236177, 1.0000000019843516, 1.0000000019914617, 3.0240956405691577e-9, 0.0, 1.0000000019917485, 1.000000002046972, 1.0000000020094704, 3.0240955295468552e-9, 6.113710315780452e-9, 1.0000000019965896, 1.0000000019776936, 1.0000000020083886, 6.212185543752469e-9, 3.0240955295468552e-9, 1.0000000018525297, 1.0000000020082047, 1.0000000020234618, 3.0240955295468552e-9, 6.10459227612381e-9, 1.0000000020018023, 1.0000000019960051, 1.0000000019939823]
[1.0000000020405093, 0.9999999989676531, 1.9999999979671752, 1.999999997927909, 1.9999999979350191, 0.9999999989676531, 1.0000000019917485, 0.0, 1.9999999979905296, 1.999999997953028, 0.9999999989676532, 1.000000002057268, 1.999999997940147, 1.9999999979212513, 1.999999997951946, 1.0000000021557431, 0.9999999989676532, 1.9999999977960872, 1.9999999979517624, 1.9999999979670195, 0.9999999989676532, 1.0000000020481499, 1.9999999979453598, 1.9999999979395626, 1.99999999793754]
[1.0000000020957327, 0.9999999990228765, 1.9999999980223986, 1.9999999979831324, 1.9999999979902425, 0.9999999990228765, 1.000000002046972, 1.9999999979905296, 0.0, 1.9999999980082515, 0.9999999990228765, 1.0000000021124913, 1.9999999979953704, 1.9999999979764747, 1.9999999980071694, 1.0000000022109665, 0.9999999990228765, 1.9999999978513106, 1.9999999980069858, 1.999999998022243, 0.9999999990228765, 1.0000000021033733, 1.9999999980005831, 1.999999997994786, 1.9999999979927634]
[1.0000000020582311, 0.999999998985375, 1.999999997984897, 1.9999999979456309, 1.999999997952741, 0.999999998985375, 1.0000000020094704, 1.999999997953028, 1.9999999980082515, 0.0, 0.9999999989853748, 1.0000000020749897, 1.9999999979578689, 1.999999997938973, 1.9999999979696679, 1.000000002173465, 0.9999999989853748, 1.999999997813809, 1.9999999979694842, 1.9999999979847414, 0.9999999989853748, 1.0000000020658717, 1.9999999979630816, 1.9999999979572844, 1.9999999979552618]
[3.0728561917214847e-9, 0.0, 0.9999999989995221, 0.9999999989602559, 0.9999999989673659, 0.0, 3.0240955295468552e-9, 0.9999999989676532, 0.9999999990228765, 0.9999999989853748, 0.0, 3.0896147862335965e-9, 0.9999999989724939, 0.9999999989535981, 0.9999999989842929, 3.1880900142056134e-9, 0.0, 0.999999998828434, 0.9999999989841093, 0.9999999989993664, 0.0, 3.080496746576955e-9, 0.9999999989777066, 0.9999999989719095, 0.9999999989698869]
[6.162470977955081e-9, 3.0896147862335965e-9, 1.0000000020891369, 1.0000000020498707, 1.0000000020569808, 3.0896147862335965e-9, 6.113710315780452e-9, 1.000000002057268, 1.0000000021124913, 1.0000000020749897, 3.0896147862335965e-9, 0.0, 1.0000000020621087, 1.0000000020432132, 1.0000000020739077, 6.2777049114615124e-9, 3.089614897255899e-9, 1.0000000019180488, 1.0000000020737243, 1.0000000020889814, 3.089614897255899e-9, 6.170111643832854e-9, 1.0000000020673214, 1.0000000020615243, 1.000000002059502]
[1.0000000020453501, 0.9999999989724939, 1.999999997972016, 1.9999999979327499, 1.99999999793986, 0.9999999989724939, 1.0000000019965896, 1.999999997940147, 1.9999999979953704, 1.9999999979578689, 0.9999999989724939, 1.0000000020621087, 0.0, 1.999999997926092, 1.9999999979567868, 1.000000002160584, 0.9999999989724938, 1.999999997800928, 1.9999999979566032, 1.9999999979718603, 0.9999999989724938, 1.0000000020529907, 1.9999999979502006, 1.9999999979444034, 1.9999999979423808]
[1.0000000020264543, 0.9999999989535981, 1.9999999979531202, 1.999999997913854, 1.9999999979209642, 0.9999999989535981, 1.0000000019776936, 1.9999999979212513, 1.9999999979764747, 1.999999997938973, 0.9999999989535981, 1.0000000020432132, 1.999999997926092, 0.0, 1.999999997937891, 1.0000000021416882, 0.9999999989535983, 1.9999999977820322, 1.9999999979377074, 1.9999999979529646, 0.9999999989535983, 1.000000002034095, 1.9999999979313048, 1.9999999979255076, 1.999999997923485]
[1.0000000020571491, 0.9999999989842929, 1.999999997983815, 1.9999999979445489, 1.999999997951659, 0.9999999989842929, 1.0000000020083886, 1.999999997951946, 1.9999999980071694, 1.9999999979696679, 0.9999999989842929, 1.0000000020739077, 1.9999999979567868, 1.999999997937891, 0.0, 1.000000002172383, 0.999999998984293, 1.999999997812727, 1.9999999979684022, 1.9999999979836593, 0.999999998984293, 1.0000000020647897, 1.9999999979619996, 1.9999999979562024, 1.9999999979541798]
[6.260946205927098e-9, 3.1880900142056134e-9, 1.000000002187612, 1.000000002148346, 1.000000002155456, 3.1880900142056134e-9, 6.212185543752469e-9, 1.0000000021557431, 1.0000000022109665, 1.000000002173465, 3.1880900142056134e-9, 6.2777049114615124e-9, 1.000000002160584, 1.0000000021416882, 1.000000002172383, 0.0, 3.1880900142056134e-9, 1.000000002016524, 1.0000000021721993, 1.0000000021874564, 3.1880900142056134e-9, 6.2685867607825685e-9, 1.0000000021657967, 1.0000000021599995, 1.000000002157977]
[3.0728561917214847e-9, 0.0, 0.9999999989995221, 0.9999999989602559, 0.9999999989673659, 0.0, 3.0240955295468552e-9, 0.9999999989676532, 0.9999999990228765, 0.9999999989853748, 0.0, 3.089614897255899e-9, 0.9999999989724938, 0.9999999989535983, 0.999999998984293, 3.1880900142056134e-9, 0.0, 0.999999998828434, 0.9999999989841093, 0.9999999989993664, 0.0, 3.080496746576955e-9, 0.9999999989777066, 0.9999999989719095, 0.9999999989698869]
[1.0000000019012902, 0.999999998828434, 1.9999999978279561, 1.99999999778869, 1.9999999977958, 0.999999998828434, 1.0000000018525297, 1.9999999977960872, 1.9999999978513106, 1.999999997813809, 0.999999998828434, 1.0000000019180488, 1.999999997800928, 1.9999999977820322, 1.999999997812727, 1.000000002016524, 0.999999998828434, 0.0, 1.9999999978125433, 1.9999999978278005, 0.9999999988284342, 1.0000000019089308, 1.9999999978061407, 1.9999999978003435, 1.999999997798321]
[1.0000000020569655, 0.9999999989841093, 1.9999999979836314, 1.9999999979443652, 1.9999999979514753, 0.9999999989841093, 1.0000000020082047, 1.9999999979517624, 1.9999999980069858, 1.9999999979694842, 0.9999999989841093, 1.0000000020737243, 1.9999999979566032, 1.9999999979377074, 1.9999999979684022, 1.0000000021721993, 0.9999999989841093, 1.9999999978125433, 0.0, 1.9999999979834757, 0.9999999989841093, 1.000000002064606, 1.999999997961816, 1.9999999979560188, 1.9999999979539962]
[1.0000000020722226, 0.9999999989993664, 1.9999999979988885, 1.9999999979596224, 1.9999999979667324, 0.9999999989993664, 1.0000000020234618, 1.9999999979670195, 1.999999998022243, 1.9999999979847414, 0.9999999989993664, 1.0000000020889814, 1.9999999979718603, 1.9999999979529646, 1.9999999979836593, 1.0000000021874564, 0.9999999989993664, 1.9999999978278005, 1.9999999979834757, 0.0, 0.9999999989993665, 1.0000000020798632, 1.999999997977073, 1.999999997971276, 1.9999999979692533]
[3.0728561917214847e-9, 0.0, 0.9999999989995221, 0.9999999989602559, 0.9999999989673659, 0.0, 3.0240955295468552e-9, 0.9999999989676532, 0.9999999990228765, 0.9999999989853748, 0.0, 3.089614897255899e-9, 0.9999999989724938, 0.9999999989535983, 0.999999998984293, 3.1880900142056134e-9, 0.0, 0.9999999988284342, 0.9999999989841093, 0.9999999989993665, 0.0, 3.080496746576955e-9, 0.9999999989777066, 0.9999999989719095, 0.9999999989698869]
[6.15335293829844e-9, 3.080496746576955e-9, 1.0000000020800188, 1.0000000020407527, 1.0000000020478628, 3.080496746576955e-9, 6.10459227612381e-9, 1.0000000020481499, 1.0000000021033733, 1.0000000020658717, 3.080496746576955e-9, 6.170111643832854e-9, 1.0000000020529907, 1.000000002034095, 1.0000000020647897, 6.2685867607825685e-9, 3.080496746576955e-9, 1.0000000019089308, 1.000000002064606, 1.0000000020798632, 3.080496746576955e-9, 0.0, 1.0000000020582034, 1.0000000020524062, 1.0000000020503836]
[1.0000000020505628, 0.9999999989777066, 1.9999999979772287, 1.9999999979379626, 1.9999999979450727, 0.9999999989777066, 1.0000000020018023, 1.9999999979453598, 1.9999999980005831, 1.9999999979630816, 0.9999999989777066, 1.0000000020673214, 1.9999999979502006, 1.9999999979313048, 1.9999999979619996, 1.0000000021657967, 0.9999999989777066, 1.9999999978061407, 1.999999997961816, 1.999999997977073, 0.9999999989777066, 1.0000000020582034, 0.0, 1.9999999979496161, 1.9999999979475935]
[1.0000000020447657, 0.9999999989719095, 1.9999999979714316, 1.9999999979321654, 1.9999999979392755, 0.9999999989719095, 1.0000000019960051, 1.9999999979395626, 1.999999997994786, 1.9999999979572844, 0.9999999989719095, 1.0000000020615243, 1.9999999979444034, 1.9999999979255076, 1.9999999979562024, 1.0000000021599995, 0.9999999989719095, 1.9999999978003435, 1.9999999979560188, 1.999999997971276, 0.9999999989719095, 1.0000000020524062, 1.9999999979496161, 0.0, 1.9999999979417964]
[1.000000002042743, 0.9999999989698869, 1.999999997969409, 1.9999999979301428, 1.999999997937253, 0.9999999989698869, 1.0000000019939823, 1.99999999793754, 1.9999999979927634, 1.9999999979552618, 0.9999999989698869, 1.000000002059502, 1.9999999979423808, 1.999999997923485, 1.9999999979541798, 1.000000002157977, 0.9999999989698869, 1.999999997798321, 1.9999999979539962, 1.9999999979692533, 0.9999999989698869, 1.0000000020503836, 1.9999999979475935, 1.9999999979417964, 0.0]
w vector is :
 [0.015366456410428553, 0.03802331408190579, 1.000477973284054, 1.0397440196991699, 1.0326340565415242, 0.023174484789962157, 0.022983516291169015, 1.032346808258526, 0.9771234811298194, 1.014625144627398, 0.045229083609010956, 0.017460043485700738, 1.027506174508055, 1.0464017945702766, 1.0157069987869147, 0.014493409621107123, 0.04023625700722233, 1.1715658623187992, 1.015890659148067, 1.0006335177892642, 0.03844137917437779, 0.0, 1.0222934151722558, 1.0280904176473968, 1.0301130179409068]p matrix is :
 [0.0, 0.0, 0.0, 0.0, 0.0, 0.0, 0.0, 0.0, 0.0, 0.0, 0.0, 0.0, 0.0, 0.0, 0.0, 0.0, 0.0, 0.0, 0.0, 0.0, 0.0, 0.0, 0.0, 0.0, 0.0]
[0.0, 0.0, 0.0, 0.0, 0.0, 0.0, 0.0, 0.0, 0.0, 0.0, 0.0, 0.0, 0.0, 0.0, 0.0, 0.0, 0.0, 0.0, 0.0, 0.0, 0.0, 0.0, 0.0, 0.0, 0.0]
[0.0, 0.0, 0.0, 0.0, 0.0, 0.0, 0.0, 0.0, 0.0, 0.0, 0.0, 0.0, 0.0, 0.0, 0.0, 0.0, 0.0, 0.0, 0.0, 0.0, 0.0, 0.0, 0.0, 0.0, 0.0]
[0.0, 0.0, 0.0, 0.0, 0.0, 0.0, 0.0, 0.0, 0.0, 0.0, 0.0, 0.0, 0.0, 0.0, 0.0, 0.0, 0.0, 0.0, 0.0, 0.0, 0.0, 0.0, 0.0, 0.0, 0.0]
[0.0, 0.0, 0.0, 0.0, 0.0, 0.0, 0.0, 0.0, 0.0, 0.0, 0.0, 0.0, 0.0, 0.0, 0.0, 0.0, 0.0, 0.0, 0.0, 0.0, 0.0, 0.0, 0.0, 0.0, 0.0]
[0.0, 0.0, 0.0, 0.0, 0.0, 0.0, 0.0, 0.0, 0.0, 0.0, 0.0, 0.0, 0.0, 0.0, 0.0, 0.0, 0.0, 0.0, 0.0, 0.0, 0.0, 0.0, 0.0, 0.0, 0.0]
[0.0, 0.0, 0.0, 0.0, 0.0, 0.0, 0.0, 0.0, 0.0, 0.0, 0.0, 0.0, 0.0, 0.0, 0.0, 0.0, 0.0, 0.0, 0.0, 0.0, 0.0, 0.0, 0.0, 0.0, 0.0]
[0.0, 0.0, 0.0, 0.0, 0.0, 0.0, 0.0, 0.0, 0.0, 0.0, 0.0, 0.0, 0.0, 0.0, 0.0, 0.0, 0.0, 0.0, 0.0, 0.0, 0.0, 0.0, 0.0, 0.0, 0.0]
[0.0, 0.0, 0.0, 0.0, 0.0, 0.0, 0.0, 0.0, 0.0, 0.0, 0.0, 0.0, 0.0, 0.0, 0.0, 0.0, 0.0, 0.0, 0.0, 0.0, 0.0, 0.0, 0.0, 0.0, 0.0]
[0.0, 0.0, 0.0, 0.0, 0.0, 0.0, 0.0, 0.0, 0.0, 0.0, 0.0, 0.0, 0.0, 0.0, 0.0, 0.0, 0.0, 0.0, 0.0, 0.0, 0.0, 0.0, 0.0, 0.0, 0.0]
[0.0, 0.0, 0.0, 0.0, 0.0, 0.0, 0.0, 0.0, 0.0, 0.0, 0.0, 0.0, 0.0, 0.0, 0.0, 0.0, 0.0, 0.0, 0.0, 0.0, 0.0, 0.0, 0.0, 0.0, 0.0]
[0.0, 0.0, 0.0, 0.0, 0.0, 0.0, 0.0, 0.0, 0.0, 0.0, 0.0, 0.0, 0.0, 0.0, 0.0, 0.0, 0.0, 0.0, 0.0, 0.0, 0.0, 0.0, 0.0, 0.0, 0.0]
[0.0, 0.0, 0.0, 0.0, 0.0, 0.0, 0.0, 0.0, 0.0, 0.0, 0.0, 0.0, 0.0, 0.0, 0.0, 0.0, 0.0, 0.0, 0.0, 0.0, 0.0, 0.0, 0.0, 0.0, 0.0]
[0.0, 0.0, 0.0, 0.0, 0.0, 0.0, 0.0, 0.0, 0.0, 0.0, 0.0, 0.0, 0.0, 0.0, 0.0, 0.0, 0.0, 0.0, 0.0, 0.0, 0.0, 0.0, 0.0, 0.0, 0.0]
[0.0, 0.0, 0.0, 0.0, 0.0, 0.0, 0.0, 0.0, 0.0, 0.0, 0.0, 0.0, 0.0, 0.0, 0.0, 0.0, 0.0, 0.0, 0.0, 0.0, 0.0, 0.0, 0.0, 0.0, 0.0]
[0.0, 0.0, 0.0, 0.0, 0.0, 0.0, 0.0, 0.0, 0.0, 0.0, 0.0, 0.0, 0.0, 0.0, 0.0, 0.0, 0.0, 0.0, 0.0, 0.0, 0.0, 0.0, 0.0, 0.0, 0.0]
[0.0, 0.0, 0.0, 0.0, 0.0, 0.0, 0.0, 0.0, 0.0, 0.0, 0.0, 0.0, 0.0, 0.0, 0.0, 0.0, 0.0, 0.0, 0.0, 0.0, 0.0, 0.0, 0.0, 0.0, 0.0]
[0.0, 0.0, 0.0, 0.0, 0.0, 0.0, 0.0, 0.0, 0.0, 0.0, 0.0, 0.0, 0.0, 0.0, 0.0, 0.0, 0.0, 0.0, 0.0, 0.0, 0.0, 0.0, 0.0, 0.0, 0.0]
[0.0, 0.0, 0.0, 0.0, 0.0, 0.0, 0.0, 0.0, 0.0, 0.0, 0.0, 0.0, 0.0, 0.0, 0.0, 0.0, 0.0, 0.0, 0.0, 0.0, 0.0, 0.0, 0.0, 0.0, 0.0]
[0.0, 0.0, 0.0, 0.0, 0.0, 0.0, 0.0, 0.0, 0.0, 0.0, 0.0, 0.0, 0.0, 0.0, 0.0, 0.0, 0.0, 0.0, 0.0, 0.0, 0.0, 0.0, 0.0, 0.0, 0.0]
[0.0, 0.0, 0.0, 0.0, 0.0, 0.0, 0.0, 0.0, 0.0, 0.0, 0.0, 0.0, 0.0, 0.0, 0.0, 0.0, 0.0, 0.0, 0.0, 0.0, 0.0, 0.0, 0.0, 0.0, 0.0]
[0.0, 0.0, 0.0, 0.0, 0.0, 0.0, 0.0, 0.0, 0.0, 0.0, 0.0, 0.0, 0.0, 0.0, 0.0, 0.0, 0.0, 0.0, 0.0, 0.0, 0.0, 0.0, 0.0, 0.0, 0.0]
[0.0, 0.0, 0.0, 0.0, 0.0, 0.0, 0.0, 0.0, 0.0, 0.0, 0.0, 0.0, 0.0, 0.0, 0.0, 0.0, 0.0, 0.0, 0.0, 0.0, 0.0, 0.0, 0.0, 0.0, 0.0]
[0.0, 0.0, 0.0, 0.0, 0.0, 0.0, 0.0, 0.0, 0.0, 0.0, 0.0, 0.0, 0.0, 0.0, 0.0, 0.0, 0.0, 0.0, 0.0, 0.0, 0.0, 0.0, 0.0, 0.0, 0.0]
[0.0, 0.0, 0.0, 0.0, 0.0, 0.0, 0.0, 0.0, 0.0, 0.0, 0.0, 0.0, 0.0, 0.0, 0.0, 0.0, 0.0, 0.0, 0.0, 0.0, 0.0, 0.0, 0.0, 0.0, 0.0]
