Academic license - for non-commercial use only
Academic license - for non-commercial use only
Optimize a model with 1098 rows, 495 columns and 2850 nonzeros
Variable types: 480 continuous, 15 integer (15 binary)
Coefficient statistics:
  Matrix range     [1e+00, 1e+09]
  Objective range  [1e+00, 1e+00]
  Bounds range     [0e+00, 0e+00]
  RHS range        [2e-02, 2e+00]
Warning: Model contains large matrix coefficients
         Consider reformulating model or setting NumericFocus parameter
         to avoid numerical issues.
Found heuristic solution: objective -0.0000000
Presolve removed 765 rows and 360 columns
Presolve time: 0.02s
Presolved: 333 rows, 135 columns, 990 nonzeros
Variable types: 120 continuous, 15 integer (15 binary)

Root relaxation: objective 9.467980e+00, 25 iterations, 0.00 seconds

    Nodes    |    Current Node    |     Objective Bounds      |     Work
 Expl Unexpl |  Obj  Depth IntInf | Incumbent    BestBd   Gap | It/Node Time

*    0     0               0       9.4679804    9.46798  0.00%     -    0s

Explored 0 nodes (34 simplex iterations) in 0.02 seconds
Thread count was 24 (of 24 available processors)

Solution count 2: 9.46798 -0 

Optimal solution found (tolerance 1.00e-04)
Best objective 9.467980379790e+00, best bound 9.467980379790e+00, gap 0.0000%
num_cluster is 3
card is 5
visit_m is 2
limits_ is [1, 1]
dim is 2
sum dis 38.66179561601723

dis_mat matrix is :
 [Inf, 0.0899265283822904, 0.1374961206589626, 0.17907772732364557, 0.09343186690503054, 0.14639109174930126, 0.1296765406282861, 0.27643660630819156, 0.13596003646105545, 0.11312230112478915, 0.18905671020880074, 0.2441661874526083, 0.2929972573642034, 0.0656780668045235, 0.28136654786678134]
[0.0899265283822904, Inf, 0.05884420087017191, 0.14436420907784786, 0.07404050169777121, 0.07273609399232808, 0.14863253729783027, 0.21755227594604268, 0.2228066013711496, 0.12661932299111017, 0.13870086556523137, 0.15717176123975873, 0.2060936743115372, 0.033015871427454865, 0.21280232982368455]
[0.1374961206589626, 0.05884420087017191, Inf, 0.18708504266709722, 0.07286231797675206, 0.015505763142556457, 0.20621378688924186, 0.16033806607544612, 0.273434744936325, 0.18422928229378524, 0.08845528671401735, 0.10850483112411406, 0.15668171581256077, 0.07184363961510483, 0.15399203684636534]
[0.17907772732364557, 0.14436420907784786, 0.18708504266709722, Inf, 0.21687000802119932, 0.20247523566229103, 0.09291062544274861, 0.34161490379271825, 0.25532529950878535, 0.08709609599274361, 0.2754365577994511, 0.2335169887772008, 0.2730388927490741, 0.16824133007230355, 0.32584175667309606]
[0.09343186690503054, 0.07404050169777121, 0.07286231797675206, 0.21687000802119932, Inf, 0.07262410954085403, 0.20330967074210973, 0.18377055011178012, 0.22270780042198354, 0.18243505001622662, 0.09605291864037868, 0.17714019173071757, 0.22317751323250434, 0.05003425080013737, 0.19182627920742384]
[0.14639109174930126, 0.07273609399232808, 0.015505763142556457, 0.20247523566229103, 0.07262410954085403, Inf, 0.2208924002572337, 0.1453243081222997, 0.2822044090457536, 0.19888482464677876, 0.073272778236197, 0.10467735092898942, 0.15152850406517016, 0.0814262614794094, 0.14038868776331165]
[0.1296765406282861, 0.14863253729783027, 0.20621378688924186, 0.09291062544274861, 0.20330967074210973, 0.2208924002572337, Inf, 0.36610268484788394, 0.1664633506890675, 0.022017267264438083, 0.2861815840766121, 0.28585257721028223, 0.3316130242157181, 0.15505223975753657, 0.35939283049026094]
[0.27643660630819156, 0.21755227594604268, 0.16033806607544612, 0.34161490379271825, 0.18377055011178012, 0.1453243081222997, 0.36610268484788394, Inf, 0.40555254214874775, 0.34408615131271014, 0.087770045987759, 0.1378855747817601, 0.14427867796387306, 0.2185844244605096, 0.037482651740296004]
[0.13596003646105545, 0.2228066013711496, 0.273434744936325, 0.25532529950878535, 0.22270780042198354, 0.2822044090457536, 0.1664633506890675, 0.40555254214874775, Inf, 0.16822925198425132, 0.31791879065481016, 0.37934808295320427, 0.4282809690463542, 0.20159285912731106, 0.41435077673868753]
[0.11312230112478915, 0.12661932299111017, 0.18422928229378524, 0.08709609599274361, 0.18243505001622662, 0.19888482464677876, 0.022017267264438083, 0.34408615131271014, 0.16822925198425132, Inf, 0.2642937243205105, 0.2653291264778795, 0.31156992968703984, 0.13371747634343245, 0.3375163207268721]
[0.18905671020880074, 0.13870086556523137, 0.08845528671401735, 0.2754365577994511, 0.09605291864037868, 0.073272778236197, 0.2861815840766121, 0.087770045987759, 0.31791879065481016, 0.2642937243205105, Inf, 0.13055223730403012, 0.16391422890690707, 0.13383624716023326, 0.10022770338915385]
[0.2441661874526083, 0.15717176123975873, 0.10850483112411406, 0.2335169887772008, 0.17714019173071757, 0.10467735092898942, 0.28585257721028223, 0.1378855747817601, 0.37934808295320427, 0.2653291264778795, 0.13055223730403012, Inf, 0.048951144028044666, 0.17883796621955797, 0.10782738668210762]
[0.2929972573642034, 0.2060936743115372, 0.15668171581256077, 0.2730388927490741, 0.22317751323250434, 0.15152850406517016, 0.3316130242157181, 0.14427867796387306, 0.4282809690463542, 0.31156992968703984, 0.16391422890690707, 0.048951144028044666, Inf, 0.227560279881656, 0.10788381416506106]
[0.0656780668045235, 0.033015871427454865, 0.07184363961510483, 0.16824133007230355, 0.05003425080013737, 0.0814262614794094, 0.15505223975753657, 0.2185844244605096, 0.20159285912731106, 0.13371747634343245, 0.13383624716023326, 0.17883796621955797, 0.227560279881656, Inf, 0.21948796283943386]
[0.28136654786678134, 0.21280232982368455, 0.15399203684636534, 0.32584175667309606, 0.19182627920742384, 0.14038868776331165, 0.35939283049026094, 0.037482651740296004, 0.41435077673868753, 0.3375163207268721, 0.10022770338915385, 0.10782738668210762, 0.10788381416506106, 0.21948796283943386, Inf]
data points matrix is :
 [0.40175189450450693, 0.4950789132086962]
[0.4884743868926126, 0.5188694537844343]
[0.5391086233736329, 0.48888922576606764]
[0.46740472807156747, 0.6616878501479186]
[0.48077490998951267, 0.4452303748448095]
[0.5468192164997545, 0.4754365143562266]
[0.3827687811728777, 0.623358477432925]
[0.6496452572093562, 0.3727429902993882]
[0.2661254070476213, 0.5045966553043179]
[0.39869883333377887, 0.6081600072485721]
[0.5681519978820525, 0.40533792329373813]
[0.6454265521606204, 0.5105640128634663]
[0.6943733728754299, 0.5099134411405417]
[0.46740967204895084, 0.4934465201482575]
[0.6683796169845356, 0.4052079397880052]




 AdNNnew 
obj val AdNNnew 9.467980379789752
x vector is :
 [1.0, 1.0435000590164835e-9, 0.9999999988545636, 1.0789947210065325e-9, 1.022941761713608e-9, 1.0, 0.9999999973412798, 1.0146588890692712e-9, 1.1359600303250954e-9, 1.0081013628991154e-9, 1.0, 0.9999999974387094, 1.0489511410403844e-9, 9.895158003779556e-10, 1.0228237506335423e-9]y vector is :
 [0.0, 1.0435000640164835, 0.015344138955624698, 1.0789947260065325, 1.0229417667136078, 0.00016162733236813054, 0.013915901515941687, 1.0146588940692711, 1.1359600353250954, 1.0081013678991153, 0.07311115090382891, 0.0, 1.0489511460403844, 0.9895158053779555, 1.0228237556335422]z matrix is :
 [0.0, 0.9999999989565, 3.1454363558225396e-9, 0.9999999989210053, 0.9999999989770583, 0.0, 3.1587203963567845e-9, 0.9999999989853412, 0.99999999886404, 0.9999999989918986, 0.0, 3.0612907764293595e-9, 0.9999999989510489, 0.9999999990104842, 0.9999999989771762]
[0.9999999989565, 0.0, 1.0000000021019364, 1.9999999978775054, 1.9999999979335583, 0.9999999989564999, 1.0000000021152204, 1.9999999979418412, 1.99999999782054, 1.9999999979483987, 0.9999999989564999, 1.0000000020177908, 1.999999997907549, 1.9999999979669842, 1.9999999979336762]
[3.1454363558225396e-9, 1.0000000021019364, 0.0, 1.0000000020664417, 1.0000000021224946, 3.145436466844842e-9, 6.3041568632016265e-9, 1.0000000021307778, 1.0000000020094766, 1.0000000021373352, 3.145436466844842e-9, 6.2067272432742016e-9, 1.0000000020964852, 1.0000000021559208, 1.0000000021226128]
[0.9999999989210053, 1.9999999978775054, 1.0000000020664417, 0.0, 1.9999999978980636, 0.9999999989210053, 1.0000000020797257, 1.9999999979063465, 1.9999999977850453, 1.999999997912904, 0.9999999989210053, 1.000000001982296, 1.9999999978720542, 1.9999999979314895, 1.9999999978981815]
[0.9999999989770583, 1.9999999979335583, 1.0000000021224946, 1.9999999978980636, 0.0, 0.9999999989770583, 1.0000000021357787, 1.9999999979623995, 1.9999999978410983, 1.9999999979689569, 0.9999999989770583, 1.000000002038349, 1.9999999979281071, 1.9999999979875425, 1.9999999979542344]
[0.0, 0.9999999989564999, 3.145436466844842e-9, 0.9999999989210053, 0.9999999989770583, 0.0, 3.1587203963567845e-9, 0.9999999989853412, 0.99999999886404, 0.9999999989918986, 0.0, 3.0612907764293595e-9, 0.9999999989510489, 0.9999999990104842, 0.9999999989771762]
[3.1587203963567845e-9, 1.0000000021152204, 6.3041568632016265e-9, 1.0000000020797257, 1.0000000021357787, 3.1587203963567845e-9, 0.0, 1.0000000021440614, 1.0000000020227602, 1.0000000021506188, 3.158720285334482e-9, 6.2200110617638416e-9, 1.0000000021097692, 1.0000000021692044, 1.0000000021358963]
[0.9999999989853412, 1.9999999979418412, 1.0000000021307778, 1.9999999979063465, 1.9999999979623995, 0.9999999989853412, 1.0000000021440614, 0.0, 1.9999999978493812, 1.9999999979772398, 0.9999999989853411, 1.000000002046632, 1.99999999793639, 1.9999999979958254, 1.9999999979625174]
[0.99999999886404, 1.99999999782054, 1.0000000020094766, 1.9999999977850453, 1.9999999978410983, 0.99999999886404, 1.0000000020227602, 1.9999999978493812, 0.0, 1.9999999978559386, 0.99999999886404, 1.0000000019253308, 1.9999999978150889, 1.9999999978745242, 1.9999999978412162]
[0.9999999989918986, 1.9999999979483987, 1.0000000021373352, 1.999999997912904, 1.9999999979689569, 0.9999999989918986, 1.0000000021506188, 1.9999999979772398, 1.9999999978559386, 0.0, 0.9999999989918986, 1.0000000020531894, 1.9999999979429475, 1.9999999980023828, 1.9999999979690748]
[0.0, 0.9999999989564999, 3.145436466844842e-9, 0.9999999989210053, 0.9999999989770583, 0.0, 3.158720285334482e-9, 0.9999999989853411, 0.99999999886404, 0.9999999989918986, 0.0, 3.0612907764293595e-9, 0.9999999989510489, 0.9999999990104842, 0.9999999989771762]
[3.0612907764293595e-9, 1.0000000020177908, 6.2067272432742016e-9, 1.000000001982296, 1.000000002038349, 3.0612907764293595e-9, 6.2200110617638416e-9, 1.000000002046632, 1.0000000019253308, 1.0000000020531894, 3.0612907764293595e-9, 0.0, 1.0000000020123396, 1.0000000020717748, 1.0000000020384667]
[0.9999999989510489, 1.999999997907549, 1.0000000020964852, 1.9999999978720542, 1.9999999979281071, 0.9999999989510489, 1.0000000021097692, 1.99999999793639, 1.9999999978150889, 1.9999999979429475, 0.9999999989510489, 1.0000000020123396, 0.0, 1.999999997961533, 1.999999997928225]
[0.9999999990104842, 1.9999999979669842, 1.0000000021559208, 1.9999999979314895, 1.9999999979875425, 0.9999999990104842, 1.0000000021692044, 1.9999999979958254, 1.9999999978745242, 1.9999999980023828, 0.9999999990104842, 1.0000000020717748, 1.999999997961533, 0.0, 1.9999999979876604]
[0.9999999989771762, 1.9999999979336762, 1.0000000021226128, 1.9999999978981815, 1.9999999979542344, 0.9999999989771762, 1.0000000021358963, 1.9999999979625174, 1.9999999978412162, 1.9999999979690748, 0.9999999989771762, 1.0000000020384667, 1.999999997928225, 1.9999999979876604, 0.0]
w vector is :
 [0.0, 1.0435000640164835, 0.015344138955624698, 1.0789947260065325, 1.0229417667136078, 0.00016162733236813054, 0.013915901515941687, 1.0146588940692711, 1.1359600353250954, 1.0081013678991153, 0.07311115090382891, 0.0, 1.0489511460403844, 0.9895158053779555, 1.0228237556335422]p matrix is :
 [0.0, 0.0, 0.0, 0.0, 0.0, 0.0, 0.0, 0.0, 0.0, 0.0, 0.0, 0.0, 0.0, 0.0, 0.0]
[0.0, 0.0, 0.0, 0.0, 0.0, 0.0, 0.0, 0.0, 0.0, 0.0, 0.0, 0.0, 0.0, 0.0, 0.0]
[0.0, 0.0, 0.0, 0.0, 0.0, 0.0, 0.0, 0.0, 0.0, 0.0, 0.0, 0.0, 0.0, 0.0, 0.0]
[0.0, 0.0, 0.0, 0.0, 0.0, 0.0, 0.0, 0.0, 0.0, 0.0, 0.0, 0.0, 0.0, 0.0, 0.0]
[0.0, 0.0, 0.0, 0.0, 0.0, 0.0, 0.0, 0.0, 0.0, 0.0, 0.0, 0.0, 0.0, 0.0, 0.0]
[0.0, 0.0, 0.0, 0.0, 0.0, 0.0, 0.0, 0.0, 0.0, 0.0, 0.0, 0.0, 0.0, 0.0, 0.0]
[0.0, 0.0, 0.0, 0.0, 0.0, 0.0, 0.0, 0.0, 0.0, 0.0, 0.0, 0.0, 0.0, 0.0, 0.0]
[0.0, 0.0, 0.0, 0.0, 0.0, 0.0, 0.0, 0.0, 0.0, 0.0, 0.0, 0.0, 0.0, 0.0, 0.0]
[0.0, 0.0, 0.0, 0.0, 0.0, 0.0, 0.0, 0.0, 0.0, 0.0, 0.0, 0.0, 0.0, 0.0, 0.0]
[0.0, 0.0, 0.0, 0.0, 0.0, 0.0, 0.0, 0.0, 0.0, 0.0, 0.0, 0.0, 0.0, 0.0, 0.0]
[0.0, 0.0, 0.0, 0.0, 0.0, 0.0, 0.0, 0.0, 0.0, 0.0, 0.0, 0.0, 0.0, 0.0, 0.0]
[0.0, 0.0, 0.0, 0.0, 0.0, 0.0, 0.0, 0.0, 0.0, 0.0, 0.0, 0.0, 0.0, 0.0, 0.0]
[0.0, 0.0, 0.0, 0.0, 0.0, 0.0, 0.0, 0.0, 0.0, 0.0, 0.0, 0.0, 0.0, 0.0, 0.0]
[0.0, 0.0, 0.0, 0.0, 0.0, 0.0, 0.0, 0.0, 0.0, 0.0, 0.0, 0.0, 0.0, 0.0, 0.0]
[0.0, 0.0, 0.0, 0.0, 0.0, 0.0, 0.0, 0.0, 0.0, 0.0, 0.0, 0.0, 0.0, 0.0, 0.0]
