Academic license - for non-commercial use only
Academic license - for non-commercial use only
Optimize a model with 1098 rows, 495 columns and 2850 nonzeros
Variable types: 480 continuous, 15 integer (15 binary)
Coefficient statistics:
  Matrix range     [1e+00, 1e+09]
  Objective range  [1e+00, 1e+00]
  Bounds range     [0e+00, 0e+00]
  RHS range        [2e-02, 2e+00]
Warning: Model contains large matrix coefficients
         Consider reformulating model or setting NumericFocus parameter
         to avoid numerical issues.
Found heuristic solution: objective -0.0000000
Presolve removed 765 rows and 360 columns
Presolve time: 0.00s
Presolved: 333 rows, 135 columns, 990 nonzeros
Variable types: 120 continuous, 15 integer (15 binary)

Root relaxation: objective 9.514924e+00, 22 iterations, 0.02 seconds

    Nodes    |    Current Node    |     Objective Bounds      |     Work
 Expl Unexpl |  Obj  Depth IntInf | Incumbent    BestBd   Gap | It/Node Time

*    0     0               0       9.5149235    9.51492  0.00%     -    0s

Explored 0 nodes (31 simplex iterations) in 0.02 seconds
Thread count was 24 (of 24 available processors)

Solution count 2: 9.51492 -0 

Optimal solution found (tolerance 1.00e-04)
Best objective 9.514923500901e+00, best bound 9.514923500901e+00, gap 0.0000%
num_cluster is 3
card is 5
visit_m is 2
limits_ is [1, 1]
dim is 2
sum dis 29.63478304260571

dis_mat matrix is :
 [Inf, 0.06291957701983837, 0.08145383930504828, 0.11277408909230098, 0.22008920940957427, 0.1703700110638962, 0.01651938958804266, 0.16487151215881682, 0.1429792491701027, 0.032611481873230874, 0.09453482237757689, 0.04379256439905366, 0.09773907423902899, 0.13069550878638525, 0.07790981247267131]
[0.06291957701983837, Inf, 0.025940278071128562, 0.1624862027712403, 0.25060748378724257, 0.13702607159368, 0.050958180269604976, 0.2276762244482928, 0.08454063000260113, 0.061887481462096515, 0.08812319862681683, 0.028655278720439742, 0.035670942587893884, 0.12891568515370963, 0.11484626827503362]
[0.08145383930504828, 0.025940278071128562, Inf, 0.16784842966650465, 0.2444520279743283, 0.15193458190869893, 0.07264224260879835, 0.2434505874673016, 0.08436746619307758, 0.07018518731568872, 0.11241857076930128, 0.03878217213048916, 0.02137740963810056, 0.11410402172135703, 0.11680707592547956]
[0.11277408909230098, 0.1624862027712403, 0.16784842966650465, Inf, 0.12195139192954611, 0.2831125470214273, 0.1291311530250008, 0.11207192775419722, 0.24700163317007756, 0.10059882721176827, 0.20485700704824072, 0.13409746281829582, 0.18899648229718155, 0.12062655412856785, 0.05283146456212412]
[0.22008920940957427, 0.25060748378724257, 0.2444520279743283, 0.12195139192954611, Inf, 0.38494539042006265, 0.23456876884396274, 0.20892602863398294, 0.3287674276054028, 0.19580739466404026, 0.3145022987405514, 0.22336367459311127, 0.2648469275798565, 0.14134644778580377, 0.1423745271224926]
[0.1703700110638962, 0.13702607159368, 0.15193458190869893, 0.2831125470214273, 0.38494539042006265, Inf, 0.1541481638811841, 0.3103741175963304, 0.09036580636174653, 0.18950476566774418, 0.08362517905374313, 0.16223061077218826, 0.1381145898736048, 0.2651318718661231, 0.24410302475487836]
[0.01651938958804266, 0.050958180269604976, 0.07264224260879835, 0.1291311530250008, 0.23456876884396274, 0.1541481638811841, Inf, 0.17879538941749762, 0.12777368054048305, 0.041555477485136647, 0.08006319822216469, 0.03875979216725162, 0.08657442720384317, 0.1378757902359593, 0.09219695077414099]
[0.16487151215881682, 0.2276762244482928, 0.2434505874673016, 0.11207192775419722, 0.20892602863398294, 0.3103741175963304, 0.17879538941749762, Inf, 0.30606143848805883, 0.17502082335038907, 0.22698906974318578, 0.20471052579372123, 0.2617259771940355, 0.2299415853440685, 0.15252861556381375]
[0.1429792491701027, 0.08454063000260113, 0.08436746619307758, 0.24700163317007756, 0.3287674276054028, 0.09036580636174653, 0.12777368054048305, 0.30606143848805883, Inf, 0.1464134473502142, 0.1062472187094486, 0.11294225068704669, 0.06406800134615347, 0.19516976058313829, 0.19843813204350086]
[0.032611481873230874, 0.061887481462096515, 0.07018518731568872, 0.10059882721176827, 0.19580739466404026, 0.18950476566774418, 0.041555477485136647, 0.17502082335038907, 0.1464134473502142, Inf, 0.12062720085220648, 0.03364849152201311, 0.09039608740215377, 0.09809516203804537, 0.05483394535201145]
[0.09453482237757689, 0.08812319862681683, 0.11241857076930128, 0.20485700704824072, 0.3145022987405514, 0.08362517905374313, 0.08006319822216469, 0.22698906974318578, 0.1062472187094486, 0.12062720085220648, Inf, 0.1027245235999638, 0.11047548530172802, 0.2112535889723655, 0.1721494229501568]
[0.04379256439905366, 0.028655278720439742, 0.03878217213048916, 0.13409746281829582, 0.22336367459311127, 0.16223061077218826, 0.03875979216725162, 0.20471052579372123, 0.11294225068704669, 0.03364849152201311, 0.1027245235999638, Inf, 0.05761599471182793, 0.10857278918293155, 0.08622703129802828]
[0.09773907423902899, 0.035670942587893884, 0.02137740963810056, 0.18899648229718155, 0.2648469275798565, 0.1381145898736048, 0.08657442720384317, 0.2617259771940355, 0.06406800134615347, 0.09039608740215377, 0.11047548530172802, 0.05761599471182793, Inf, 0.13180375644121506, 0.13815386661764348]
[0.13069550878638525, 0.12891568515370963, 0.11410402172135703, 0.12062655412856785, 0.14134644778580377, 0.2651318718661231, 0.1378757902359593, 0.2299415853440685, 0.19516976058313829, 0.09809516203804537, 0.2112535889723655, 0.10857278918293155, 0.13180375644121506, Inf, 0.07967531598959621]
[0.07790981247267131, 0.11484626827503362, 0.11680707592547956, 0.05283146456212412, 0.1423745271224926, 0.24410302475487836, 0.09219695077414099, 0.15252861556381375, 0.19843813204350086, 0.05483394535201145, 0.1721494229501568, 0.08622703129802828, 0.13815386661764348, 0.07967531598959621, Inf]
data points matrix is :
 [0.500761777426334, 0.5057025248091463]
[0.4451598988296124, 0.5351525548408934]
[0.4215070201007008, 0.5245017635912784]
[0.5306114932077602, 0.39695056097232034]
[0.47837021567239846, 0.2867553209887935]
[0.46069772997734165, 0.6712948337244973]
[0.4940548377324548, 0.5207991201969879]
[0.6406141293040839, 0.41838737609028487]
[0.39855563395706495, 0.6056873733132347]
[0.4777831514343077, 0.4825618355910906]
[0.5046588211203866, 0.6001569884009039]
[0.45710152007727967, 0.5091040869296448]
[0.4102975474758662, 0.5427045481669481]
[0.410794422256241, 0.41090172829018007]
[0.4884395239378884, 0.428773330425653]




 AdNNnew 
obj val AdNNnew 9.514923500901062
x vector is :
 [1.0165193867420914e-9, 1.0094890288778065e-9, 1.0, 1.012479760886502e-9, 0.9999999989615118, 1.0, 0.9999999973294316, 1.0995921547556235e-9, 1.0564939169522322e-9, 1.0144822416743867e-9, 1.0, 0.9999999974153984, 1.004926160449341e-9, 1.0393236122871302e-9, 1.0403516916227908e-9]y vector is :
 [1.0165193917420912, 1.0094890338778064, 0.016451243183833286, 1.012479765886502, 0.10202283249783839, 0.03387188335302049, 0.0, 1.0995921597556233, 1.056493921952232, 1.0144822466743866, 0.04975329570072251, 0.019166246917745933, 1.0049261654493409, 1.03932361728713, 1.0403516966227906]z matrix is :
 [0.0, 1.9999999979739917, 0.9999999989834806, 1.999999997971001, 1.0000000020219688, 0.9999999989834806, 1.000000002154049, 1.9999999978838885, 1.9999999979269867, 1.9999999979689984, 0.9999999989834806, 1.0000000020680821, 1.9999999979785545, 1.9999999979441572, 1.9999999979431289]
[1.9999999979739917, 0.0, 0.999999998990511, 1.9999999979780314, 1.0000000020289992, 0.999999998990511, 1.0000000021610793, 1.9999999978909189, 1.999999997934017, 1.9999999979760288, 0.999999998990511, 1.0000000020751125, 1.999999997985585, 1.9999999979511875, 1.9999999979501593]
[0.9999999989834806, 0.999999998990511, 0.0, 0.9999999989875203, 3.0384881277711884e-9, 0.0, 3.1705682523863743e-9, 0.9999999989004078, 0.999999998943506, 0.9999999989855177, 0.0, 3.084601463143599e-9, 0.9999999989950739, 0.9999999989606765, 0.9999999989596482]
[1.999999997971001, 1.9999999979780314, 0.9999999989875203, 0.0, 1.0000000020260085, 0.9999999989875202, 1.0000000021580886, 1.9999999978879281, 1.9999999979310263, 1.999999997973038, 0.9999999989875202, 1.0000000020721218, 1.9999999979825942, 1.9999999979481968, 1.9999999979471685]
[1.0000000020219688, 1.0000000020289992, 3.0384881277711884e-9, 1.0000000020260085, 0.0, 3.038488238793491e-9, 6.209056491179865e-9, 1.0000000019388962, 1.0000000019819941, 1.0000000020240059, 3.038488238793491e-9, 6.12308970193709e-9, 1.0000000020335622, 1.0000000019991648, 1.0000000019981363]
[0.9999999989834806, 0.999999998990511, 0.0, 0.9999999989875202, 3.038488238793491e-9, 0.0, 3.1705682523863743e-9, 0.9999999989004078, 0.999999998943506, 0.9999999989855177, 0.0, 3.084601463143599e-9, 0.9999999989950739, 0.9999999989606765, 0.9999999989596482]
[1.000000002154049, 1.0000000021610793, 3.1705682523863743e-9, 1.0000000021580886, 6.209056491179865e-9, 3.1705682523863743e-9, 0.0, 1.0000000020709763, 1.0000000021140742, 1.000000002156086, 3.1705683634086768e-9, 6.255169826552276e-9, 1.0000000021656423, 1.000000002131245, 1.0000000021302164]
[1.9999999978838885, 1.9999999978909189, 0.9999999989004078, 1.9999999978879281, 1.0000000019388962, 0.9999999989004078, 1.0000000020709763, 0.0, 1.9999999978439138, 1.9999999978859255, 0.9999999989004078, 1.0000000019850093, 1.9999999978954817, 1.9999999978610843, 1.999999997860056]
[1.9999999979269867, 1.999999997934017, 0.999999998943506, 1.9999999979310263, 1.0000000019819941, 0.999999998943506, 1.0000000021140742, 1.9999999978439138, 0.0, 1.9999999979290237, 0.9999999989435061, 1.0000000020281075, 1.9999999979385799, 1.9999999979041825, 1.9999999979031542]
[1.9999999979689984, 1.9999999979760288, 0.9999999989855177, 1.999999997973038, 1.0000000020240059, 0.9999999989855177, 1.000000002156086, 1.9999999978859255, 1.9999999979290237, 0.0, 0.9999999989855177, 1.0000000020701192, 1.9999999979805916, 1.9999999979461942, 1.999999997945166]
[0.9999999989834806, 0.999999998990511, 0.0, 0.9999999989875202, 3.038488238793491e-9, 0.0, 3.1705683634086768e-9, 0.9999999989004078, 0.9999999989435061, 0.9999999989855177, 0.0, 3.084601463143599e-9, 0.9999999989950739, 0.9999999989606765, 0.9999999989596482]
[1.0000000020680821, 1.0000000020751125, 3.084601463143599e-9, 1.0000000020721218, 6.12308970193709e-9, 3.084601463143599e-9, 6.255169826552276e-9, 1.0000000019850093, 1.0000000020281075, 1.0000000020701192, 3.084601463143599e-9, 0.0, 1.0000000020796755, 1.0000000020452782, 1.0000000020442497]
[1.9999999979785545, 1.999999997985585, 0.9999999989950739, 1.9999999979825942, 1.0000000020335622, 0.9999999989950739, 1.0000000021656423, 1.9999999978954817, 1.9999999979385799, 1.9999999979805916, 0.9999999989950739, 1.0000000020796755, 0.0, 1.9999999979557503, 1.999999997954722]
[1.9999999979441572, 1.9999999979511875, 0.9999999989606765, 1.9999999979481968, 1.0000000019991648, 0.9999999989606765, 1.000000002131245, 1.9999999978610843, 1.9999999979041825, 1.9999999979461942, 0.9999999989606765, 1.0000000020452782, 1.9999999979557503, 0.0, 1.9999999979203247]
[1.9999999979431289, 1.9999999979501593, 0.9999999989596482, 1.9999999979471685, 1.0000000019981363, 0.9999999989596482, 1.0000000021302164, 1.999999997860056, 1.9999999979031542, 1.999999997945166, 0.9999999989596482, 1.0000000020442497, 1.999999997954722, 1.9999999979203247, 0.0]
w vector is :
 [1.0165193917420912, 1.0094890338778064, 0.016451243183833286, 1.012479765886502, 0.10202283249783839, 0.03387188335302049, 0.0, 1.0995921597556233, 1.056493921952232, 1.0144822466743866, 0.04975329570072251, 0.019166246917745933, 1.0049261654493409, 1.03932361728713, 1.0403516966227906]p matrix is :
 [0.0, 0.0, 0.0, 0.0, 0.0, 0.0, 0.0, 0.0, 0.0, 0.0, 0.0, 0.0, 0.0, 0.0, 0.0]
[0.0, 0.0, 0.0, 0.0, 0.0, 0.0, 0.0, 0.0, 0.0, 0.0, 0.0, 0.0, 0.0, 0.0, 0.0]
[0.0, 0.0, 0.0, 0.0, 0.0, 0.0, 0.0, 0.0, 0.0, 0.0, 0.0, 0.0, 0.0, 0.0, 0.0]
[0.0, 0.0, 0.0, 0.0, 0.0, 0.0, 0.0, 0.0, 0.0, 0.0, 0.0, 0.0, 0.0, 0.0, 0.0]
[0.0, 0.0, 0.0, 0.0, 0.0, 0.0, 0.0, 0.0, 0.0, 0.0, 0.0, 0.0, 0.0, 0.0, 0.0]
[0.0, 0.0, 0.0, 0.0, 0.0, 0.0, 0.0, 0.0, 0.0, 0.0, 0.0, 0.0, 0.0, 0.0, 0.0]
[0.0, 0.0, 0.0, 0.0, 0.0, 0.0, 0.0, 0.0, 0.0, 0.0, 0.0, 0.0, 0.0, 0.0, 0.0]
[0.0, 0.0, 0.0, 0.0, 0.0, 0.0, 0.0, 0.0, 0.0, 0.0, 0.0, 0.0, 0.0, 0.0, 0.0]
[0.0, 0.0, 0.0, 0.0, 0.0, 0.0, 0.0, 0.0, 0.0, 0.0, 0.0, 0.0, 0.0, 0.0, 0.0]
[0.0, 0.0, 0.0, 0.0, 0.0, 0.0, 0.0, 0.0, 0.0, 0.0, 0.0, 0.0, 0.0, 0.0, 0.0]
[0.0, 0.0, 0.0, 0.0, 0.0, 0.0, 0.0, 0.0, 0.0, 0.0, 0.0, 0.0, 0.0, 0.0, 0.0]
[0.0, 0.0, 0.0, 0.0, 0.0, 0.0, 0.0, 0.0, 0.0, 0.0, 0.0, 0.0, 0.0, 0.0, 0.0]
[0.0, 0.0, 0.0, 0.0, 0.0, 0.0, 0.0, 0.0, 0.0, 0.0, 0.0, 0.0, 0.0, 0.0, 0.0]
[0.0, 0.0, 0.0, 0.0, 0.0, 0.0, 0.0, 0.0, 0.0, 0.0, 0.0, 0.0, 0.0, 0.0, 0.0]
[0.0, 0.0, 0.0, 0.0, 0.0, 0.0, 0.0, 0.0, 0.0, 0.0, 0.0, 0.0, 0.0, 0.0, 0.0]
