Academic license - for non-commercial use only
Academic license - for non-commercial use only
Optimize a model with 1098 rows, 495 columns and 2850 nonzeros
Variable types: 480 continuous, 15 integer (15 binary)
Coefficient statistics:
  Matrix range     [1e+00, 1e+09]
  Objective range  [1e+00, 1e+00]
  Bounds range     [0e+00, 0e+00]
  RHS range        [3e-02, 2e+00]
Warning: Model contains large matrix coefficients
         Consider reformulating model or setting NumericFocus parameter
         to avoid numerical issues.
Found heuristic solution: objective -0.0000000
Presolve removed 765 rows and 360 columns
Presolve time: 0.00s
Presolved: 333 rows, 135 columns, 990 nonzeros
Variable types: 120 continuous, 15 integer (15 binary)

Root relaxation: objective 9.593855e+00, 23 iterations, 0.00 seconds

    Nodes    |    Current Node    |     Objective Bounds      |     Work
 Expl Unexpl |  Obj  Depth IntInf | Incumbent    BestBd   Gap | It/Node Time

*    0     0               0       9.5938552    9.59386  0.00%     -    0s

Explored 0 nodes (32 simplex iterations) in 0.02 seconds
Thread count was 24 (of 24 available processors)

Solution count 2: 9.59386 -0 

Optimal solution found (tolerance 1.00e-04)
Best objective 9.593855184494e+00, best bound 9.593855184494e+00, gap 0.0000%
num_cluster is 3
card is 5
visit_m is 2
limits_ is [1, 1]
dim is 2
sum dis 33.63660705816564

dis_mat matrix is :
 [Inf, 0.11319831843384735, 0.07837243186505687, 0.19072144949260916, 0.04483011481152739, 0.02553570009608181, 0.3052131011419714, 0.11518188099046363, 0.16368029088818234, 0.08787465385293783, 0.2556605703450404, 0.164570446097067, 0.2253935963394784, 0.14673373932309056, 0.2080935749089041]
[0.11319831843384735, Inf, 0.08036205907922889, 0.18491924337318086, 0.10735300730936896, 0.10220248960564611, 0.24420322949329873, 0.16219072114110114, 0.0617237281231426, 0.1911518644498963, 0.1430813845626084, 0.17741258245515612, 0.2179288335027836, 0.12828693851132092, 0.22794425527817394]
[0.07837243186505687, 0.08036205907922889, Inf, 0.12371559557450251, 0.1061139246221391, 0.05384016642352134, 0.22695520555716564, 0.08187879801079449, 0.10375892821367272, 0.12593741375053424, 0.21350701397737729, 0.10621734961914003, 0.1590247176978535, 0.07206150278443904, 0.1560609650890935]
[0.19072144949260916, 0.18491924337318086, 0.12371559557450251, Inf, 0.22719976418319243, 0.16574434824381915, 0.1463781535996646, 0.09259205697005606, 0.1645533571310729, 0.18650775572902853, 0.2740799454272508, 0.034443365815796906, 0.035346917393107406, 0.05666740750163481, 0.05566538228996363]
[0.04483011481152739, 0.10735300730936896, 0.1061139246221391, 0.22719976418319243, Inf, 0.0641806614253786, 0.3292413494914911, 0.15834043960406038, 0.1666838665667929, 0.12735091876605434, 0.24135266141365685, 0.20396587702113972, 0.26242907186318476, 0.17810740810073142, 0.24970616980257845]
[0.02553570009608181, 0.10220248960564611, 0.05384016642352134, 0.16574434824381915, 0.0641806614253786, Inf, 0.2801534008035478, 0.09449840154069712, 0.1462207203561818, 0.08936954077689932, 0.24511765817127143, 0.14057721817206836, 0.20060367323165448, 0.12120351838995136, 0.18557648258888648]
[0.3052131011419714, 0.24420322949329873, 0.22695520555716564, 0.1463781535996646, 0.3292413494914911, 0.2801534008035478, Inf, 0.23381526295299032, 0.18988149004952637, 0.3258351452443776, 0.25146300652833475, 0.18003736285054447, 0.13403264407247864, 0.16233326345796156, 0.1872717040431108]
[0.11518188099046363, 0.16219072114110114, 0.08187879801079449, 0.09259205697005606, 0.15834043960406038, 0.09449840154069712, 0.23381526295299032, Inf, 0.17498209344388618, 0.0939286163347878, 0.28937086247606675, 0.05912570712553413, 0.1222702690964779, 0.0804491866141062, 0.09411681465995526]
[0.16368029088818234, 0.0617237281231426, 0.10375892821367272, 0.1645533571310729, 0.1666838665667929, 0.1462207203561818, 0.18988149004952637, 0.17498209344388618, Inf, 0.2290078278258612, 0.11509584655739107, 0.16892408833437553, 0.19226043313975708, 0.11343442350475985, 0.21617737345167795]
[0.08787465385293783, 0.1911518644498963, 0.12593741375053424, 0.18650775572902853, 0.12735091876605434, 0.08936954077689932, 0.3258351452443776, 0.0939286163347878, 0.2290078278258612, Inf, 0.33346993169833433, 0.15273023457005216, 0.21509211214818172, 0.16586862483604567, 0.1788274937475475]
[0.2556605703450404, 0.1430813845626084, 0.21350701397737729, 0.2740799454272508, 0.24135266141365685, 0.24511765817127143, 0.25146300652833475, 0.28937086247606675, 0.11509584655739107, 0.33346993169833433, Inf, 0.2826380035712486, 0.2973231180154207, 0.2270589955811922, 0.32799395443764917]
[0.164570446097067, 0.17741258245515612, 0.10621734961914003, 0.034443365815796906, 0.20396587702113972, 0.14057721817206836, 0.18003736285054447, 0.05912570712553413, 0.16892408833437553, 0.15273023457005216, 0.2826380035712486, Inf, 0.06342866640664901, 0.05560664190852073, 0.050605755728228355]
[0.2253935963394784, 0.2179288335027836, 0.1590247176978535, 0.035346917393107406, 0.26242907186318476, 0.20060367323165448, 0.13403264407247864, 0.1222702690964779, 0.19226043313975708, 0.21509211214818172, 0.2973231180154207, 0.06342866640664901, Inf, 0.09053590597436131, 0.05325573051352208]
[0.14673373932309056, 0.12828693851132092, 0.07206150278443904, 0.05666740750163481, 0.17810740810073142, 0.12120351838995136, 0.16233326345796156, 0.0804491866141062, 0.11343442350475985, 0.16586862483604567, 0.2270589955811922, 0.05560664190852073, 0.09053590597436131, Inf, 0.10330565901969029]
[0.2080935749089041, 0.22794425527817394, 0.1560609650890935, 0.05566538228996363, 0.24970616980257845, 0.18557648258888648, 0.1872717040431108, 0.09411681465995526, 0.21617737345167795, 0.1788274937475475, 0.32799395443764917, 0.050605755728228355, 0.05325573051352208, 0.10330565901969029, Inf]
data points matrix is :
 [0.47702533706932715, 0.5697034919958014]
[0.42190522712954404, 0.4708316922929694]
[0.4987342781660548, 0.4943977156376641]
[0.6009955324995497, 0.42476881035764313]
[0.4328997805738085, 0.5776202121484606]
[0.48954604255420014, 0.5474480676332307]
[0.5751435069653779, 0.2806916205355636]
[0.5781100647007165, 0.5144880634618385]
[0.43702029998413067, 0.41098728414968366]
[0.5570428555756239, 0.6060236175719622]
[0.3354759889951108, 0.3568041982230984]
[0.598932826105852, 0.4591503561497422]
[0.629129816247723, 0.40337099160963913]
[0.546551706051795, 0.4404871065338546]
[0.6491294909933977, 0.4527287249712524]




 AdNNnew 
obj val AdNNnew 9.593855184493751
x vector is :
 [0.999999998907114, 1.0, 1.031397037037158e-9, 1.0197514901690144e-9, 1.0417375320286748e-9, 1.0, 0.9999999973892023, 1.027002192885853e-9, 1.0168690890420935e-9, 1.0669264113550063e-9, 1.0, 0.9999999974185549, 1.0086152859187714e-9, 1.0369159052759533e-9, 1.0359138800652839e-9]y vector is :
 [0.003092579834001241, 0.044854633064179805, 1.0313970420371579, 1.0197514951690143, 1.0417375370286748, 0.022443123354966406, 0.12541735525589026, 1.0270021978858528, 1.0168690940420935, 1.0669264163550063, 0.09822675149842863, 0.014691872708475717, 1.0086152909187713, 1.036915910275953, 1.0359138850652838]z matrix is :
 [0.0, 3.0928860583756546e-9, 1.0000000020614892, 1.0000000020731346, 1.0000000020511486, 3.0928860583756546e-9, 6.203683899919099e-9, 1.000000002065884, 1.0000000020760171, 1.0000000020259598, 3.0928860583756546e-9, 6.174331157460244e-9, 1.000000002084271, 1.00000000205597, 1.0000000020569724]
[3.0928860583756546e-9, 0.0, 0.999999998968603, 0.9999999989802486, 0.9999999989582624, 0.0, 3.1107978415434445e-9, 0.9999999989729977, 0.999999998983131, 0.9999999989330737, 0.0, 3.08144509908459e-9, 0.9999999989913848, 0.9999999989630841, 0.9999999989640862]
[1.0000000020614892, 0.999999998968603, 0.0, 1.9999999979488516, 1.9999999979268654, 0.9999999989686029, 1.0000000020794009, 1.9999999979416008, 1.999999997951734, 1.9999999979016767, 0.9999999989686029, 1.0000000020500481, 1.9999999979599878, 1.9999999979316871, 1.9999999979326892]
[1.0000000020731346, 0.9999999989802486, 1.9999999979488516, 0.0, 1.999999997938511, 0.9999999989802485, 1.0000000020910464, 1.9999999979532463, 1.9999999979633796, 1.9999999979133223, 0.9999999989802485, 1.0000000020616937, 1.9999999979716334, 1.9999999979433327, 1.9999999979443348]
[1.0000000020511486, 0.9999999989582624, 1.9999999979268654, 1.999999997938511, 0.0, 0.9999999989582624, 1.0000000020690603, 1.9999999979312602, 1.9999999979413934, 1.999999997891336, 0.9999999989582624, 1.0000000020397075, 1.9999999979496472, 1.9999999979213465, 1.9999999979223486]
[3.0928860583756546e-9, 0.0, 0.9999999989686029, 0.9999999989802485, 0.9999999989582624, 0.0, 3.1107978415434445e-9, 0.9999999989729977, 0.999999998983131, 0.9999999989330737, 0.0, 3.08144509908459e-9, 0.9999999989913848, 0.9999999989630841, 0.9999999989640862]
[6.203683899919099e-9, 3.1107978415434445e-9, 1.0000000020794009, 1.0000000020910464, 1.0000000020690603, 3.1107978415434445e-9, 0.0, 1.0000000020837954, 1.0000000020939286, 1.0000000020438713, 3.110797730521142e-9, 6.192242829605732e-9, 1.0000000021021824, 1.000000002073882, 1.0000000020748838]
[1.000000002065884, 0.9999999989729977, 1.9999999979416008, 1.9999999979532463, 1.9999999979312602, 0.9999999989729977, 1.0000000020837954, 0.0, 1.9999999979561287, 1.9999999979060714, 0.9999999989729979, 1.0000000020544428, 1.9999999979643825, 1.9999999979360819, 1.999999997937084]
[1.0000000020760171, 0.999999998983131, 1.999999997951734, 1.9999999979633796, 1.9999999979413934, 0.999999998983131, 1.0000000020939286, 1.9999999979561287, 0.0, 1.9999999979162046, 0.9999999989831309, 1.000000002064576, 1.9999999979745158, 1.999999997946215, 1.9999999979472172]
[1.0000000020259598, 0.9999999989330737, 1.9999999979016767, 1.9999999979133223, 1.999999997891336, 0.9999999989330737, 1.0000000020438713, 1.9999999979060714, 1.9999999979162046, 0.0, 0.9999999989330736, 1.0000000020145188, 1.9999999979244585, 1.9999999978961578, 1.9999999978971599]
[3.0928860583756546e-9, 0.0, 0.9999999989686029, 0.9999999989802485, 0.9999999989582624, 0.0, 3.110797730521142e-9, 0.9999999989729979, 0.9999999989831309, 0.9999999989330736, 0.0, 3.08144509908459e-9, 0.9999999989913848, 0.9999999989630841, 0.9999999989640862]
[6.174331157460244e-9, 3.08144509908459e-9, 1.0000000020500481, 1.0000000020616937, 1.0000000020397075, 3.08144509908459e-9, 6.192242829605732e-9, 1.0000000020544428, 1.000000002064576, 1.0000000020145188, 3.08144509908459e-9, 0.0, 1.00000000207283, 1.0000000020445292, 1.0000000020455313]
[1.000000002084271, 0.9999999989913848, 1.9999999979599878, 1.9999999979716334, 1.9999999979496472, 0.9999999989913848, 1.0000000021021824, 1.9999999979643825, 1.9999999979745158, 1.9999999979244585, 0.9999999989913848, 1.00000000207283, 0.0, 1.999999997954469, 1.999999997955471]
[1.00000000205597, 0.9999999989630841, 1.9999999979316871, 1.9999999979433327, 1.9999999979213465, 0.9999999989630841, 1.000000002073882, 1.9999999979360819, 1.999999997946215, 1.9999999978961578, 0.9999999989630841, 1.0000000020445292, 1.999999997954469, 0.0, 1.9999999979271703]
[1.0000000020569724, 0.9999999989640862, 1.9999999979326892, 1.9999999979443348, 1.9999999979223486, 0.9999999989640862, 1.0000000020748838, 1.999999997937084, 1.9999999979472172, 1.9999999978971599, 0.9999999989640862, 1.0000000020455313, 1.999999997955471, 1.9999999979271703, 0.0]
w vector is :
 [0.003092579834001241, 0.044854633064179805, 1.0313970420371579, 1.0197514951690143, 1.0417375370286748, 0.022443123354966406, 0.12541735525589026, 1.0270021978858528, 1.0168690940420935, 1.0669264163550063, 0.09822675149842863, 0.014691872708475717, 1.0086152909187713, 1.036915910275953, 1.0359138850652838]p matrix is :
 [0.0, 0.0, 0.0, 0.0, 0.0, 0.0, 0.0, 0.0, 0.0, 0.0, 0.0, 0.0, 0.0, 0.0, 0.0]
[0.0, 0.0, 0.0, 0.0, 0.0, 0.0, 0.0, 0.0, 0.0, 0.0, 0.0, 0.0, 0.0, 0.0, 0.0]
[0.0, 0.0, 0.0, 0.0, 0.0, 0.0, 0.0, 0.0, 0.0, 0.0, 0.0, 0.0, 0.0, 0.0, 0.0]
[0.0, 0.0, 0.0, 0.0, 0.0, 0.0, 0.0, 0.0, 0.0, 0.0, 0.0, 0.0, 0.0, 0.0, 0.0]
[0.0, 0.0, 0.0, 0.0, 0.0, 0.0, 0.0, 0.0, 0.0, 0.0, 0.0, 0.0, 0.0, 0.0, 0.0]
[0.0, 0.0, 0.0, 0.0, 0.0, 0.0, 0.0, 0.0, 0.0, 0.0, 0.0, 0.0, 0.0, 0.0, 0.0]
[0.0, 0.0, 0.0, 0.0, 0.0, 0.0, 0.0, 0.0, 0.0, 0.0, 0.0, 0.0, 0.0, 0.0, 0.0]
[0.0, 0.0, 0.0, 0.0, 0.0, 0.0, 0.0, 0.0, 0.0, 0.0, 0.0, 0.0, 0.0, 0.0, 0.0]
[0.0, 0.0, 0.0, 0.0, 0.0, 0.0, 0.0, 0.0, 0.0, 0.0, 0.0, 0.0, 0.0, 0.0, 0.0]
[0.0, 0.0, 0.0, 0.0, 0.0, 0.0, 0.0, 0.0, 0.0, 0.0, 0.0, 0.0, 0.0, 0.0, 0.0]
[0.0, 0.0, 0.0, 0.0, 0.0, 0.0, 0.0, 0.0, 0.0, 0.0, 0.0, 0.0, 0.0, 0.0, 0.0]
[0.0, 0.0, 0.0, 0.0, 0.0, 0.0, 0.0, 0.0, 0.0, 0.0, 0.0, 0.0, 0.0, 0.0, 0.0]
[0.0, 0.0, 0.0, 0.0, 0.0, 0.0, 0.0, 0.0, 0.0, 0.0, 0.0, 0.0, 0.0, 0.0, 0.0]
[0.0, 0.0, 0.0, 0.0, 0.0, 0.0, 0.0, 0.0, 0.0, 0.0, 0.0, 0.0, 0.0, 0.0, 0.0]
[0.0, 0.0, 0.0, 0.0, 0.0, 0.0, 0.0, 0.0, 0.0, 0.0, 0.0, 0.0, 0.0, 0.0, 0.0]
