Academic license - for non-commercial use only
Academic license - for non-commercial use only
Optimize a model with 1098 rows, 495 columns and 2850 nonzeros
Variable types: 480 continuous, 15 integer (15 binary)
Coefficient statistics:
  Matrix range     [1e+00, 1e+09]
  Objective range  [1e+00, 1e+00]
  Bounds range     [0e+00, 0e+00]
  RHS range        [8e-03, 2e+00]
Warning: Model contains large matrix coefficients
         Consider reformulating model or setting NumericFocus parameter
         to avoid numerical issues.
Found heuristic solution: objective -0.0000000
Presolve removed 765 rows and 360 columns
Presolve time: 0.02s
Presolved: 333 rows, 135 columns, 990 nonzeros
Variable types: 120 continuous, 15 integer (15 binary)

Root relaxation: objective 9.335743e+00, 28 iterations, 0.00 seconds

    Nodes    |    Current Node    |     Objective Bounds      |     Work
 Expl Unexpl |  Obj  Depth IntInf | Incumbent    BestBd   Gap | It/Node Time

*    0     0               0       9.3357429    9.33574  0.00%     -    0s

Explored 0 nodes (37 simplex iterations) in 0.02 seconds
Thread count was 24 (of 24 available processors)

Solution count 2: 9.33574 -0 

Optimal solution found (tolerance 1.00e-04)
Best objective 9.335742856007e+00, best bound 9.335742856007e+00, gap 0.0000%
num_cluster is 3
card is 5
visit_m is 2
limits_ is [1, 1]
dim is 2
sum dis 32.59709105352984

dis_mat matrix is :
 [Inf, 0.1444345273359553, 0.1375044560731667, 0.04065768917660302, 0.21184246517374702, 0.08354495257844229, 0.09318877355439717, 0.22636464595905753, 0.1267119364464505, 0.19647027644997547, 0.1694545497636768, 0.08049649653524571, 0.18608536253567962, 0.22732188802362754, 0.12710267543388615]
[0.1444345273359553, Inf, 0.026541659603149994, 0.13290484600223348, 0.2715066533019047, 0.06240100172760419, 0.16225119865382565, 0.2970830440147149, 0.07043524739838829, 0.057150622505225235, 0.03285168739218696, 0.0640471500616457, 0.17048919099175552, 0.3021057576571823, 0.13239985680216876]
[0.1375044560731667, 0.026541659603149994, Inf, 0.11905986356525797, 0.24656845175145223, 0.06310093744531076, 0.14131579146617548, 0.27267880615154894, 0.09011041623402387, 0.07913119796393246, 0.032708133743070626, 0.061381724882098164, 0.14397043215030877, 0.2779790637797694, 0.10702249562047547]
[0.04065768917660302, 0.13290484600223348, 0.11905986356525797, Inf, 0.17861511432191085, 0.0813392297659353, 0.055778003027611815, 0.19628638520157185, 0.13627063714065632, 0.18909368694619624, 0.1517428291404683, 0.07508357011686044, 0.14562932333534404, 0.19842086921090213, 0.0869770149573852]
[0.21184246517374702, 0.2715066533019047, 0.24656845175145223, 0.17861511432191085, Inf, 0.2465530556793784, 0.12374304074720065, 0.02980497364230459, 0.3049578762518458, 0.3252258626583705, 0.2705557746883137, 0.23868793542010974, 0.12838755031426063, 0.038045100646604955, 0.13966614927231316]
[0.08354495257844229, 0.06240100172760419, 0.06310093744531076, 0.0813392297659353, 0.2465530556793784, Inf, 0.12543169391317588, 0.268401562186408, 0.05842556695851366, 0.1129440512430634, 0.09130169750404975, 0.007959541937484042, 0.17262789155638453, 0.2718847939535613, 0.11909113582364847]
[0.09318877355439717, 0.16225119865382565, 0.14131579146617548, 0.055778003027611815, 0.12374304074720065, 0.12543169391317588, Inf, 0.143472002816087, 0.18359579542909207, 0.21916943411521822, 0.17146166958102652, 0.11784089753062285, 0.1062379296607397, 0.146591697275752, 0.05832804163729681]
[0.22636464595905753, 0.2970830440147149, 0.27267880615154894, 0.19628638520157185, 0.02980497364230459, 0.268401562186408, 0.143472002816087, Inf, 0.3267690932066486, 0.35165818772538865, 0.29772869941775143, 0.2606588961027246, 0.15814099820513547, 0.009035255829800455, 0.16638524621612127]
[0.1267119364464505, 0.07043524739838829, 0.09011041623402387, 0.13627063714065632, 0.3049578762518458, 0.05842556695851366, 0.18359579542909207, 0.3267690932066486, Inf, 0.09065007280645904, 0.10231914352834819, 0.06627016497855522, 0.22466152666037698, 0.3301563229581529, 0.17492389075437753]
[0.19647027644997547, 0.057150622505225235, 0.07913119796393246, 0.18909368694619624, 0.3252258626583705, 0.1129440512430634, 0.21916943411521822, 0.35165818772538865, 0.09065007280645904, Inf, 0.05710163618901536, 0.11673298398266868, 0.2157574193865223, 0.3570512117994612, 0.18556097336845698]
[0.1694545497636768, 0.03285168739218696, 0.032708133743070626, 0.1517428291404683, 0.2705557746883137, 0.09130169750404975, 0.17146166958102652, 0.29772869941775143, 0.10231914352834819, 0.05710163618901536, Inf, 0.09116311317061523, 0.15866179355408824, 0.3035418717998549, 0.1313874683317886]
[0.08049649653524571, 0.0640471500616457, 0.061381724882098164, 0.07508357011686044, 0.23868793542010974, 0.007959541937484042, 0.11784089753062285, 0.2606588961027246, 0.06627016497855522, 0.11673298398266868, 0.09116311317061523, Inf, 0.16521053275544614, 0.26420359702880064, 0.11127406604867782]
[0.18608536253567962, 0.17048919099175552, 0.14397043215030877, 0.14562932333534404, 0.12838755031426063, 0.17262789155638453, 0.1062379296607397, 0.15814099820513547, 0.22466152666037698, 0.2157574193865223, 0.15866179355408824, 0.16521053275544614, Inf, 0.1659817725195705, 0.0593983220184579]
[0.22732188802362754, 0.3021057576571823, 0.2779790637797694, 0.19842086921090213, 0.038045100646604955, 0.2718847939535613, 0.146591697275752, 0.009035255829800455, 0.3301563229581529, 0.3570512117994612, 0.3035418717998549, 0.26420359702880064, 0.1659817725195705, Inf, 0.17215595490865876]
[0.12710267543388615, 0.13239985680216876, 0.10702249562047547, 0.0869770149573852, 0.13966614927231316, 0.11909113582364847, 0.05832804163729681, 0.16638524621612127, 0.17492389075437753, 0.18556097336845698, 0.1313874683317886, 0.11127406604867782, 0.0593983220184579, 0.17215595490865876, Inf]
data points matrix is :
 [0.45459445309136787, 0.3838108228671067]
[0.4652226733555641, 0.5278537804206662]
[0.48937326981261475, 0.5168443124381442]
[0.49275776621166395, 0.39783256387396815]
[0.6620277166943038, 0.34081464627051716]
[0.4503607452857844, 0.46724843320891307]
[0.5476835626945615, 0.38811955700340595]
[0.6692309069966512, 0.3118931922391819]
[0.4011120504922035, 0.4986826969278628]
[0.4414896457831014, 0.579843558790837]
[0.4898920841722475, 0.5495483312220006]
[0.4577323474440232, 0.46424613584269225]
[0.6229389532848197, 0.4631070485317132]
[0.6671096193147058, 0.30311048272102237]
[0.5669902019238784, 0.4431596707652]




 AdNNnew 
obj val AdNNnew 9.335742856007352
x vector is :
 [0.9999999989702641, 1.0133426006127904e-9, 1.0131990469638177e-9, 1.0031941723846278e-9, 1.0, 9.947468883476795e-10, 1.0, 1.0003975584123526e-9, 1.0530575113304401e-9, 0.999999997451798, 1.0, 0.999999997431964, 1.0536540989672963e-9, 1.0086376854084128e-9, 1.005744210991763e-9]y vector is :
 [0.03746351381851698, 1.0133426056127903, 1.0131990519638177, 1.0031941773846278, 0.029407409229554798, 0.9947468933476794, 0.05258382463978955, 1.0003975634123525, 1.05305751633044, 0.037592558471163495, 0.019509080766054093, 0.013212650663093628, 1.0536541039672962, 1.0086376904084127, 1.005744215991763]z matrix is :
 [0.0, 1.0000000020163933, 1.0000000020165367, 1.0000000020265416, 3.029735906601161e-9, 1.000000002034989, 3.029735906601161e-9, 1.0000000020293385, 1.0000000019766784, 6.0779380417486095e-9, 3.029735906601161e-9, 6.097771954038933e-9, 1.000000001976082, 1.0000000020210984, 1.0000000020239916]
[1.0000000020163933, 0.0, 1.9999999979734584, 1.9999999979834633, 0.9999999989866574, 1.9999999979919105, 0.9999999989866574, 1.99999999798626, 1.9999999979336, 1.0000000020348596, 0.9999999989866574, 1.0000000020546935, 1.9999999979330034, 1.9999999979780199, 1.9999999979809133]
[1.0000000020165367, 1.9999999979734584, 0.0, 1.9999999979836067, 0.9999999989868009, 1.999999997992054, 0.9999999989868009, 1.9999999979864034, 1.9999999979337435, 1.000000002035003, 0.9999999989868009, 1.000000002054837, 1.9999999979331469, 1.9999999979781633, 1.9999999979810568]
[1.0000000020265416, 1.9999999979834633, 1.9999999979836067, 0.0, 0.9999999989968058, 1.9999999980020589, 0.9999999989968058, 1.9999999979964083, 1.9999999979437484, 1.000000002045008, 0.9999999989968058, 1.0000000020648419, 1.9999999979431518, 1.9999999979881682, 1.9999999979910617]
[3.029735906601161e-9, 0.9999999989866574, 0.9999999989868009, 0.9999999989968058, 0.0, 0.999999999005253, 0.0, 0.9999999989996025, 0.9999999989469426, 3.0482021351474486e-9, 0.0, 3.068036047437772e-9, 0.999999998946346, 0.9999999989913624, 0.9999999989942558]
[1.000000002034989, 1.9999999979919105, 1.999999997992054, 1.9999999980020589, 0.999999999005253, 0.0, 0.9999999990052532, 1.9999999980048555, 1.9999999979521956, 1.0000000020534552, 0.9999999990052532, 1.000000002073289, 1.999999997951599, 1.9999999979966154, 1.999999997999509]
[3.029735906601161e-9, 0.9999999989866574, 0.9999999989868009, 0.9999999989968058, 0.0, 0.9999999990052532, 0.0, 0.9999999989996025, 0.9999999989469426, 3.0482021351474486e-9, 0.0, 3.068036047437772e-9, 0.999999998946346, 0.9999999989913624, 0.9999999989942558]
[1.0000000020293385, 1.99999999798626, 1.9999999979864034, 1.9999999979964083, 0.9999999989996025, 1.9999999980048555, 0.9999999989996025, 0.0, 1.999999997946545, 1.0000000020478046, 0.9999999989996025, 1.0000000020676385, 1.9999999979459484, 1.9999999979909648, 1.9999999979938583]
[1.0000000019766784, 1.9999999979336, 1.9999999979337435, 1.9999999979437484, 0.9999999989469426, 1.9999999979521956, 0.9999999989469426, 1.999999997946545, 0.0, 1.0000000019951447, 0.9999999989469425, 1.0000000020149786, 1.9999999978932885, 1.999999997938305, 1.9999999979411984]
[6.0779380417486095e-9, 1.0000000020348596, 1.000000002035003, 1.000000002045008, 3.0482021351474486e-9, 1.0000000020534552, 3.0482021351474486e-9, 1.0000000020478046, 1.0000000019951447, 0.0, 3.048202024125146e-9, 6.116238071562918e-9, 1.000000001994548, 1.0000000020395645, 1.0000000020424578]
[3.029735906601161e-9, 0.9999999989866574, 0.9999999989868009, 0.9999999989968058, 0.0, 0.9999999990052532, 0.0, 0.9999999989996025, 0.9999999989469425, 3.048202024125146e-9, 0.0, 3.068036047437772e-9, 0.999999998946346, 0.9999999989913624, 0.9999999989942558]
[6.097771954038933e-9, 1.0000000020546935, 1.000000002054837, 1.0000000020648419, 3.068036047437772e-9, 1.000000002073289, 3.068036047437772e-9, 1.0000000020676385, 1.0000000020149786, 6.116238071562918e-9, 3.068036047437772e-9, 0.0, 1.000000002014382, 1.0000000020593984, 1.000000002062292]
[1.000000001976082, 1.9999999979330034, 1.9999999979331469, 1.9999999979431518, 0.999999998946346, 1.999999997951599, 0.999999998946346, 1.9999999979459484, 1.9999999978932885, 1.000000001994548, 0.999999998946346, 1.000000002014382, 0.0, 1.9999999979377083, 1.9999999979406018]
[1.0000000020210984, 1.9999999979780199, 1.9999999979781633, 1.9999999979881682, 0.9999999989913624, 1.9999999979966154, 0.9999999989913624, 1.9999999979909648, 1.999999997938305, 1.0000000020395645, 0.9999999989913624, 1.0000000020593984, 1.9999999979377083, 0.0, 1.9999999979856182]
[1.0000000020239916, 1.9999999979809133, 1.9999999979810568, 1.9999999979910617, 0.9999999989942558, 1.999999997999509, 0.9999999989942558, 1.9999999979938583, 1.9999999979411984, 1.0000000020424578, 0.9999999989942558, 1.000000002062292, 1.9999999979406018, 1.9999999979856182, 0.0]
w vector is :
 [0.03746351381851698, 1.0133426056127903, 1.0131990519638177, 1.0031941773846278, 0.029407409229554798, 0.9947468933476794, 0.05258382463978955, 1.0003975634123525, 1.05305751633044, 0.037592558471163495, 0.019509080766054093, 0.013212650663093628, 1.0536541039672962, 1.0086376904084127, 1.005744215991763]p matrix is :
 [0.0, 0.0, 0.0, 0.0, 0.0, 0.0, 0.0, 0.0, 0.0, 0.0, 0.0, 0.0, 0.0, 0.0, 0.0]
[0.0, 0.0, 0.0, 0.0, 0.0, 0.0, 0.0, 0.0, 0.0, 0.0, 0.0, 0.0, 0.0, 0.0, 0.0]
[0.0, 0.0, 0.0, 0.0, 0.0, 0.0, 0.0, 0.0, 0.0, 0.0, 0.0, 0.0, 0.0, 0.0, 0.0]
[0.0, 0.0, 0.0, 0.0, 0.0, 0.0, 0.0, 0.0, 0.0, 0.0, 0.0, 0.0, 0.0, 0.0, 0.0]
[0.0, 0.0, 0.0, 0.0, 0.0, 0.0, 0.0, 0.0, 0.0, 0.0, 0.0, 0.0, 0.0, 0.0, 0.0]
[0.0, 0.0, 0.0, 0.0, 0.0, 0.0, 0.0, 0.0, 0.0, 0.0, 0.0, 0.0, 0.0, 0.0, 0.0]
[0.0, 0.0, 0.0, 0.0, 0.0, 0.0, 0.0, 0.0, 0.0, 0.0, 0.0, 0.0, 0.0, 0.0, 0.0]
[0.0, 0.0, 0.0, 0.0, 0.0, 0.0, 0.0, 0.0, 0.0, 0.0, 0.0, 0.0, 0.0, 0.0, 0.0]
[0.0, 0.0, 0.0, 0.0, 0.0, 0.0, 0.0, 0.0, 0.0, 0.0, 0.0, 0.0, 0.0, 0.0, 0.0]
[0.0, 0.0, 0.0, 0.0, 0.0, 0.0, 0.0, 0.0, 0.0, 0.0, 0.0, 0.0, 0.0, 0.0, 0.0]
[0.0, 0.0, 0.0, 0.0, 0.0, 0.0, 0.0, 0.0, 0.0, 0.0, 0.0, 0.0, 0.0, 0.0, 0.0]
[0.0, 0.0, 0.0, 0.0, 0.0, 0.0, 0.0, 0.0, 0.0, 0.0, 0.0, 0.0, 0.0, 0.0, 0.0]
[0.0, 0.0, 0.0, 0.0, 0.0, 0.0, 0.0, 0.0, 0.0, 0.0, 0.0, 0.0, 0.0, 0.0, 0.0]
[0.0, 0.0, 0.0, 0.0, 0.0, 0.0, 0.0, 0.0, 0.0, 0.0, 0.0, 0.0, 0.0, 0.0, 0.0]
[0.0, 0.0, 0.0, 0.0, 0.0, 0.0, 0.0, 0.0, 0.0, 0.0, 0.0, 0.0, 0.0, 0.0, 0.0]
