Academic license - for non-commercial use only
Academic license - for non-commercial use only
Optimize a model with 1098 rows, 495 columns and 2850 nonzeros
Variable types: 480 continuous, 15 integer (15 binary)
Coefficient statistics:
  Matrix range     [1e+00, 1e+09]
  Objective range  [1e+00, 1e+00]
  Bounds range     [0e+00, 0e+00]
  RHS range        [2e-02, 2e+00]
Warning: Model contains large matrix coefficients
         Consider reformulating model or setting NumericFocus parameter
         to avoid numerical issues.
Found heuristic solution: objective -0.0000000
Presolve removed 765 rows and 360 columns
Presolve time: 0.00s
Presolved: 333 rows, 135 columns, 990 nonzeros
Variable types: 120 continuous, 15 integer (15 binary)

Root relaxation: objective 9.492749e+00, 30 iterations, 0.00 seconds

    Nodes    |    Current Node    |     Objective Bounds      |     Work
 Expl Unexpl |  Obj  Depth IntInf | Incumbent    BestBd   Gap | It/Node Time

*    0     0               0       9.4927494    9.49275  0.00%     -    0s

Explored 0 nodes (39 simplex iterations) in 0.02 seconds
Thread count was 24 (of 24 available processors)

Solution count 2: 9.49275 -0 

Optimal solution found (tolerance 1.00e-04)
Best objective 9.492749438692e+00, best bound 9.492749438692e+00, gap 0.0000%
num_cluster is 3
card is 5
visit_m is 2
limits_ is [1, 1]
dim is 2
sum dis 37.41863772504844

dis_mat matrix is :
 [Inf, 0.21349265061187112, 0.3700921037064625, 0.07644519872550819, 0.09820487858025298, 0.16122038369829225, 0.17354154756069382, 0.18702922519282753, 0.1806629787078112, 0.20272925180577261, 0.3559163608521433, 0.28332158025457904, 0.2390605661774429, 0.1580720065343295, 0.06543038731059789]
[0.21349265061187112, Inf, 0.1566019553783466, 0.17455347364536977, 0.18055883106388163, 0.06445238496641711, 0.19437875431811114, 0.2647113822519895, 0.05608202301078218, 0.20602479567172843, 0.22291921222834182, 0.07880614296789457, 0.18800452079363508, 0.08405304343264046, 0.20988548018895675]
[0.3700921037064625, 0.1566019553783466, Inf, 0.32611569891510395, 0.3274211378042464, 0.21451469895270872, 0.3178293188945774, 0.39158236762163534, 0.1989089292454633, 0.31778085129973166, 0.22514743904522994, 0.09970482889313136, 0.2772908355943921, 0.22748828209956734, 0.3619825124241957]
[0.07644519872550819, 0.17455347364536977, 0.32611569891510395, Inf, 0.024388948017900175, 0.1118833074194859, 0.09882500552674288, 0.1291438492931542, 0.161544529164376, 0.127855794510269, 0.28227393337881573, 0.2520582470488716, 0.16264759457298794, 0.09977262701955483, 0.03587804721707637]
[0.09820487858025298, 0.18055883106388163, 0.3274211378042464, 0.024388948017900175, Inf, 0.11625545774962583, 0.07545773829795067, 0.10658069898793739, 0.17471075899851857, 0.10463118029428782, 0.26665416159562694, 0.2591628178755622, 0.14274380306281875, 0.10007012498876, 0.04358639592909993]
[0.16122038369829225, 0.06445238496641711, 0.21451469895270872, 0.1118833074194859, 0.11625545774962583, Inf, 0.13545941809903544, 0.2028023757385158, 0.07627959838193842, 0.15171711295959436, 0.21978858667089843, 0.14324115669817478, 0.14697339579720609, 0.022887493641242172, 0.1476656059433205]
[0.17354154756069382, 0.19437875431811114, 0.3178293188945774, 0.09882500552674288, 0.07545773829795067, 0.13545941809903544, Inf, 0.07378047375457403, 0.2095767227986461, 0.029188059502469024, 0.20751989287716033, 0.2704512559403556, 0.07544425333247841, 0.11277984690601021, 0.11356180733177039]
[0.18702922519282753, 0.2647113822519895, 0.39158236762163534, 0.1291438492931542, 0.10658069898793739, 0.2028023757385158, 0.07378047375457403, Inf, 0.27274260592984784, 0.0798131465571737, 0.2636717432503599, 0.3421238108451568, 0.1333794164275717, 0.18110256994545038, 0.12190233672034566]
[0.1806629787078112, 0.05608202301078218, 0.1989089292454633, 0.161544529164376, 0.17471075899851857, 0.07627959838193842, 0.2095767227986461, 0.27274260592984784, Inf, 0.2275763044194624, 0.27543612565364156, 0.10437630788966333, 0.2218478417271404, 0.09889778148456117, 0.19353224363814076]
[0.20272925180577261, 0.20602479567172843, 0.31778085129973166, 0.127855794510269, 0.10463118029428782, 0.15171711295959436, 0.029188059502469024, 0.0798131465571737, 0.2275763044194624, Inf, 0.18698243035473255, 0.27918453232411106, 0.05447941012535982, 0.12885848079776438, 0.142323248926528]
[0.3559163608521433, 0.22291921222834182, 0.22514743904522994, 0.28227393337881573, 0.26665416159562694, 0.21978858667089843, 0.20751989287716033, 0.2636717432503599, 0.27543612565364156, 0.18698243035473255, Inf, 0.2524934765922922, 0.13286491791142382, 0.20914445217198746, 0.3101807507456172]
[0.28332158025457904, 0.07880614296789457, 0.09970482889313136, 0.2520582470488716, 0.2591628178755622, 0.14324115669817478, 0.2704512559403556, 0.3421238108451568, 0.10437630788966333, 0.27918453232411106, 0.2524934765922922, Inf, 0.2530916260277837, 0.1625186546520399, 0.2868808711144841]
[0.2390605661774429, 0.18800452079363508, 0.2772908355943921, 0.16264759457298794, 0.14274380306281875, 0.14697339579720609, 0.07544425333247841, 0.1333794164275717, 0.2218478417271404, 0.05447941012535982, 0.13286491791142382, 0.2530916260277837, Inf, 0.12633145216461406, 0.18480372582486085]
[0.1580720065343295, 0.08405304343264046, 0.22748828209956734, 0.09977262701955483, 0.10007012498876, 0.022887493641242172, 0.11277984690601021, 0.18110256994545038, 0.09889778148456117, 0.12885848079776438, 0.20914445217198746, 0.1625186546520399, 0.12633145216461406, Inf, 0.13551850055263043]
[0.06543038731059789, 0.20988548018895675, 0.3619825124241957, 0.03587804721707637, 0.04358639592909993, 0.1476656059433205, 0.11356180733177039, 0.12190233672034566, 0.19353224363814076, 0.142323248926528, 0.3101807507456172, 0.2868808711144841, 0.18480372582486085, 0.13551850055263043, Inf]
data points matrix is :
 [0.41261581014116266, 0.39669128924347025]
[0.46106414121098366, 0.6046140419229966]
[0.4977363373440582, 0.756861611555812]
[0.4808368929776099, 0.4311840749356268]
[0.5051693358374542, 0.42952485527197437]
[0.48019239573468864, 0.5430655260453933]
[0.5779818033698572, 0.4493292699536753]
[0.5987617194137993, 0.37853553155361547]
[0.4120534249861062, 0.577353392625769]
[0.6058416265667761, 0.45803404272245507]
[0.682701095033049, 0.6284894661282371]
[0.43533202693535333, 0.6791007284138195]
[0.6233134384030706, 0.5096358054710693]
[0.4985335890543271, 0.5293747264781821]
[0.47803376220850047, 0.39541569881925787]




 AdNNnew 
obj val AdNNnew 9.492749438692188
x vector is :
 [1.0529987633565162e-9, 9.80071729187391e-10, 0.9999999989434831, 1.023446423292547e-9, 1.0, 1.0, 0.9999999973441765, 1.0622027743424365e-9, 1.076010281767309e-9, 1.017610360134924e-9, 1.0, 0.9999999974278119, 1.0368690379359563e-9, 1.0228874876183544e-9, 1.0124316118886514e-9]y vector is :
 [1.052998768356516, 0.980071734187391, 0.09970483502183669, 1.0234464282925468, 0.0009425187019069907, 0.0, 0.01157769650575824, 1.0622027793424365, 1.076010286767309, 1.017610365134924, 0.09599587393859865, 0.0, 1.0368690429359562, 1.0228874926183544, 1.0124316168886514]z matrix is :
 [0.0, 1.9999999979669294, 1.000000002003518, 1.9999999979235548, 0.9999999989470012, 0.9999999989470012, 1.0000000021028248, 1.9999999978847984, 1.9999999978709908, 1.9999999979293908, 0.9999999989470012, 1.0000000020191895, 1.9999999979101322, 1.9999999979241136, 1.9999999979345695]
[1.9999999979669294, 0.0, 1.000000002076445, 1.9999999979964818, 0.9999999990199283, 0.9999999990199283, 1.0000000021757518, 1.9999999979577254, 1.9999999979439178, 1.9999999980023178, 0.9999999990199283, 1.0000000020921165, 1.9999999979830592, 1.9999999979970406, 1.9999999980074965]
[1.000000002003518, 1.000000002076445, 0.0, 1.0000000020330706, 3.056516928445774e-9, 3.056516928445774e-9, 6.212340530886706e-9, 1.000000001994314, 1.0000000019805064, 1.0000000020389064, 3.056516928445774e-9, 6.128705209995644e-9, 1.000000002019648, 1.0000000020336293, 1.0000000020440853]
[1.9999999979235548, 1.9999999979964818, 1.0000000020330706, 0.0, 0.9999999989765536, 0.9999999989765536, 1.0000000021323772, 1.9999999979143508, 1.9999999979005432, 1.9999999979589431, 0.9999999989765536, 1.0000000020487418, 1.9999999979396845, 1.999999997953666, 1.9999999979641219]
[0.9999999989470012, 0.9999999990199283, 3.056516928445774e-9, 0.9999999989765536, 0.0, 0.0, 3.1558236024409325e-9, 0.9999999989377972, 0.9999999989239896, 0.9999999989823896, 0.0, 3.0721882815498702e-9, 0.999999998963131, 0.9999999989771124, 0.9999999989875683]
[0.9999999989470012, 0.9999999990199283, 3.056516928445774e-9, 0.9999999989765536, 0.0, 0.0, 3.1558236024409325e-9, 0.9999999989377972, 0.9999999989239896, 0.9999999989823896, 0.0, 3.0721882815498702e-9, 0.999999998963131, 0.9999999989771124, 0.9999999989875683]
[1.0000000021028248, 1.0000000021757518, 6.212340530886706e-9, 1.0000000021323772, 3.1558236024409325e-9, 3.1558236024409325e-9, 0.0, 1.0000000020936208, 1.0000000020798132, 1.0000000021382132, 3.15582349141863e-9, 6.2280117729685e-9, 1.0000000021189543, 1.000000002132936, 1.0000000021433917]
[1.9999999978847984, 1.9999999979577254, 1.000000001994314, 1.9999999979143508, 0.9999999989377972, 0.9999999989377972, 1.0000000020936208, 0.0, 1.9999999978617868, 1.9999999979201868, 0.9999999989377972, 1.0000000020099855, 1.9999999979009282, 1.9999999979149097, 1.9999999979253655]
[1.9999999978709908, 1.9999999979439178, 1.0000000019805064, 1.9999999979005432, 0.9999999989239896, 0.9999999989239896, 1.0000000020798132, 1.9999999978617868, 0.0, 1.9999999979063792, 0.9999999989239897, 1.000000001996178, 1.9999999978871206, 1.999999997901102, 1.999999997911558]
[1.9999999979293908, 1.9999999980023178, 1.0000000020389064, 1.9999999979589431, 0.9999999989823896, 0.9999999989823896, 1.0000000021382132, 1.9999999979201868, 1.9999999979063792, 0.0, 0.9999999989823897, 1.0000000020545778, 1.9999999979455205, 1.999999997959502, 1.9999999979699579]
[0.9999999989470012, 0.9999999990199283, 3.056516928445774e-9, 0.9999999989765536, 0.0, 0.0, 3.15582349141863e-9, 0.9999999989377972, 0.9999999989239897, 0.9999999989823897, 0.0, 3.0721882815498702e-9, 0.999999998963131, 0.9999999989771124, 0.9999999989875683]
[1.0000000020191895, 1.0000000020921165, 6.128705209995644e-9, 1.0000000020487418, 3.0721882815498702e-9, 3.0721882815498702e-9, 6.2280117729685e-9, 1.0000000020099855, 1.000000001996178, 1.0000000020545778, 3.0721882815498702e-9, 0.0, 1.000000002035319, 1.0000000020493007, 1.0000000020597564]
[1.9999999979101322, 1.9999999979830592, 1.000000002019648, 1.9999999979396845, 0.999999998963131, 0.999999998963131, 1.0000000021189543, 1.9999999979009282, 1.9999999978871206, 1.9999999979455205, 0.999999998963131, 1.000000002035319, 0.0, 1.9999999979402434, 1.9999999979506993]
[1.9999999979241136, 1.9999999979970406, 1.0000000020336293, 1.999999997953666, 0.9999999989771124, 0.9999999989771124, 1.000000002132936, 1.9999999979149097, 1.999999997901102, 1.999999997959502, 0.9999999989771124, 1.0000000020493007, 1.9999999979402434, 0.0, 1.9999999979646808]
[1.9999999979345695, 1.9999999980074965, 1.0000000020440853, 1.9999999979641219, 0.9999999989875683, 0.9999999989875683, 1.0000000021433917, 1.9999999979253655, 1.999999997911558, 1.9999999979699579, 0.9999999989875683, 1.0000000020597564, 1.9999999979506993, 1.9999999979646808, 0.0]
w vector is :
 [1.052998768356516, 0.980071734187391, 0.09970483502183669, 1.0234464282925468, 0.0009425187019069907, 0.0, 0.01157769650575824, 1.0622027793424365, 1.076010286767309, 1.017610365134924, 0.09599587393859865, 0.0, 1.0368690429359562, 1.0228874926183544, 1.0124316168886514]p matrix is :
 [0.0, 0.0, 0.0, 0.0, 0.0, 0.0, 0.0, 0.0, 0.0, 0.0, 0.0, 0.0, 0.0, 0.0, 0.0]
[0.0, 0.0, 0.0, 0.0, 0.0, 0.0, 0.0, 0.0, 0.0, 0.0, 0.0, 0.0, 0.0, 0.0, 0.0]
[0.0, 0.0, 0.0, 0.0, 0.0, 0.0, 0.0, 0.0, 0.0, 0.0, 0.0, 0.0, 0.0, 0.0, 0.0]
[0.0, 0.0, 0.0, 0.0, 0.0, 0.0, 0.0, 0.0, 0.0, 0.0, 0.0, 0.0, 0.0, 0.0, 0.0]
[0.0, 0.0, 0.0, 0.0, 0.0, 0.0, 0.0, 0.0, 0.0, 0.0, 0.0, 0.0, 0.0, 0.0, 0.0]
[0.0, 0.0, 0.0, 0.0, 0.0, 0.0, 0.0, 0.0, 0.0, 0.0, 0.0, 0.0, 0.0, 0.0, 0.0]
[0.0, 0.0, 0.0, 0.0, 0.0, 0.0, 0.0, 0.0, 0.0, 0.0, 0.0, 0.0, 0.0, 0.0, 0.0]
[0.0, 0.0, 0.0, 0.0, 0.0, 0.0, 0.0, 0.0, 0.0, 0.0, 0.0, 0.0, 0.0, 0.0, 0.0]
[0.0, 0.0, 0.0, 0.0, 0.0, 0.0, 0.0, 0.0, 0.0, 0.0, 0.0, 0.0, 0.0, 0.0, 0.0]
[0.0, 0.0, 0.0, 0.0, 0.0, 0.0, 0.0, 0.0, 0.0, 0.0, 0.0, 0.0, 0.0, 0.0, 0.0]
[0.0, 0.0, 0.0, 0.0, 0.0, 0.0, 0.0, 0.0, 0.0, 0.0, 0.0, 0.0, 0.0, 0.0, 0.0]
[0.0, 0.0, 0.0, 0.0, 0.0, 0.0, 0.0, 0.0, 0.0, 0.0, 0.0, 0.0, 0.0, 0.0, 0.0]
[0.0, 0.0, 0.0, 0.0, 0.0, 0.0, 0.0, 0.0, 0.0, 0.0, 0.0, 0.0, 0.0, 0.0, 0.0]
[0.0, 0.0, 0.0, 0.0, 0.0, 0.0, 0.0, 0.0, 0.0, 0.0, 0.0, 0.0, 0.0, 0.0, 0.0]
[0.0, 0.0, 0.0, 0.0, 0.0, 0.0, 0.0, 0.0, 0.0, 0.0, 0.0, 0.0, 0.0, 0.0, 0.0]
