Academic license - for non-commercial use only
Academic license - for non-commercial use only
Optimize a model with 1098 rows, 495 columns and 2850 nonzeros
Variable types: 480 continuous, 15 integer (15 binary)
Coefficient statistics:
  Matrix range     [1e+00, 1e+09]
  Objective range  [1e+00, 1e+00]
  Bounds range     [0e+00, 0e+00]
  RHS range        [7e-03, 2e+00]
Warning: Model contains large matrix coefficients
         Consider reformulating model or setting NumericFocus parameter
         to avoid numerical issues.
Found heuristic solution: objective -0.0000000
Presolve removed 765 rows and 360 columns
Presolve time: 0.00s
Presolved: 333 rows, 135 columns, 990 nonzeros
Variable types: 120 continuous, 15 integer (15 binary)

Root relaxation: objective 9.415824e+00, 22 iterations, 0.00 seconds

    Nodes    |    Current Node    |     Objective Bounds      |     Work
 Expl Unexpl |  Obj  Depth IntInf | Incumbent    BestBd   Gap | It/Node Time

*    0     0               0       9.4158242    9.41582  0.00%     -    0s

Explored 0 nodes (31 simplex iterations) in 0.02 seconds
Thread count was 24 (of 24 available processors)

Solution count 2: 9.41582 -0 

Optimal solution found (tolerance 1.00e-04)
Best objective 9.415824187300e+00, best bound 9.415824187300e+00, gap 0.0000%
num_cluster is 3
card is 5
visit_m is 2
limits_ is [1, 1]
dim is 2
sum dis 39.86738771494862

dis_mat matrix is :
 [Inf, 0.0895105479666273, 0.3958830067055621, 0.18282850210914472, 0.2154491542912092, 0.21464728016678483, 0.21338818580730143, 0.2616762674810709, 0.34482896103258254, 0.22893799074111726, 0.4267777918435252, 0.21373439883587542, 0.3684661579776609, 0.36920374256526944, 0.3719740012417363]
[0.0895105479666273, Inf, 0.38545787010727656, 0.18298004450593686, 0.2429249345696852, 0.20571205071461296, 0.1513047392815744, 0.31027950895599576, 0.3164937859341662, 0.20926546889654563, 0.39167159928492934, 0.16975598601463338, 0.3453148583360974, 0.36634514852320976, 0.35005470496499586]
[0.3958830067055621, 0.38545787010727656, Inf, 0.21309557904496065, 0.20699098803061158, 0.18277571818175492, 0.2705206419414147, 0.2495952440258467, 0.09528642407800003, 0.17623925336708057, 0.1155496265287677, 0.22832010189431215, 0.06385299293908789, 0.03954601637731538, 0.05740228476207579]
[0.18282850210914472, 0.18298004450593686, 0.21309557904496065, Inf, 0.07901742737871778, 0.03437629640506789, 0.13628788683197243, 0.1661264638616814, 0.1697762952292593, 0.05801676811258091, 0.2541721404682014, 0.09569326293160575, 0.1889386287917428, 0.18789812996316094, 0.19173696720997518]
[0.2154491542912092, 0.2429249345696852, 0.20699098803061158, 0.07901742737871778, Inf, 0.09183318419540798, 0.21502640852020471, 0.08806121125818431, 0.20003126037230656, 0.11859680173042465, 0.28102163027491994, 0.17243828777639406, 0.20704475669077962, 0.17181378633761143, 0.2073610040279239]
[0.21464728016678483, 0.20571205071461296, 0.18277571818175492, 0.03437629640506789, 0.09183318419540798, Inf, 0.13060169675020356, 0.17929942128763435, 0.1354000321114233, 0.02761213027109173, 0.21980165997219828, 0.08438781197654191, 0.15506906008508037, 0.16078676629806604, 0.15808819916220843]
[0.21338818580730143, 0.1513047392815744, 0.2705206419414147, 0.13628788683197243, 0.21502640852020471, 0.13060169675020356, Inf, 0.3024124303092474, 0.1847219375426262, 0.11331952250421597, 0.24917405897424608, 0.047642280144695334, 0.2173874924135966, 0.26377307444429504, 0.22325294680846794]
[0.2616762674810709, 0.31027950895599576, 0.2495952440258467, 0.1661264638616814, 0.08806121125818431, 0.17929942128763435, 0.3024124303092474, Inf, 0.2701693161899598, 0.20534780946646145, 0.34421586249493363, 0.26046149348501224, 0.2688711829320447, 0.21023133006830522, 0.2674199150708175]
[0.34482896103258254, 0.3164937859341662, 0.09528642407800003, 0.1697762952292593, 0.20003126037230656, 0.1354000321114233, 0.1847219375426262, 0.2701693161899598, Inf, 0.11620348902972849, 0.08448187217558595, 0.148745871613158, 0.033612126119253766, 0.10752091338174942, 0.04000905120049141]
[0.22893799074111726, 0.20926546889654563, 0.17623925336708057, 0.05801676811258091, 0.11859680173042465, 0.02761213027109173, 0.11331952250421597, 0.20534780946646145, 0.11620348902972849, Inf, 0.19956702433843845, 0.06569218396563624, 0.13993557869295392, 0.15981945419017657, 0.14383166090664218]
[0.4267777918435252, 0.39167159928492934, 0.1155496265287677, 0.2541721404682014, 0.28102163027491994, 0.21980165997219828, 0.24917405897424608, 0.34421586249493363, 0.08448187217558595, 0.19956702433843845, Inf, 0.22191849391527363, 0.07539195209416195, 0.1490454072026541, 0.07693354848167046]
[0.21373439883587542, 0.16975598601463338, 0.22832010189431215, 0.09569326293160575, 0.17243828777639406, 0.08438781197654191, 0.047642280144695334, 0.26046149348501224, 0.148745871613158, 0.06569218396563624, 0.22191849391527363, Inf, 0.1796421608053996, 0.21861157607184145, 0.18502067455323865]
[0.3684661579776609, 0.3453148583360974, 0.06385299293908789, 0.1889386287917428, 0.20704475669077962, 0.15506906008508037, 0.2173874924135966, 0.2688711829320447, 0.033612126119253766, 0.13993557869295392, 0.07539195209416195, 0.1796421608053996, Inf, 0.08373445725408823, 0.00657966198309361]
[0.36920374256526944, 0.36634514852320976, 0.03954601637731538, 0.18789812996316094, 0.17181378633761143, 0.16078676629806604, 0.26377307444429504, 0.21023133006830522, 0.10752091338174942, 0.15981945419017657, 0.1490454072026541, 0.21861157607184145, 0.08373445725408823, Inf, 0.07863911034121757]
[0.3719740012417363, 0.35005470496499586, 0.05740228476207579, 0.19173696720997518, 0.2073610040279239, 0.15808819916220843, 0.22325294680846794, 0.2674199150708175, 0.04000905120049141, 0.14383166090664218, 0.07693354848167046, 0.18502067455323865, 0.00657966198309361, 0.07863911034121757, Inf]
data points matrix is :
 [0.47896459831424887, 0.721855417478288]
[0.39256330275571205, 0.6984683628733949]
[0.49255488739838565, 0.3262057504231447]
[0.4823987419422935, 0.5390591706869069]
[0.5595638292054925, 0.5220502572232604]
[0.4688996239944539, 0.507444244320404]
[0.3469546468905397, 0.554201337398973]
[0.6476246403029372, 0.5217847819537341]
[0.41592392898077934, 0.38283788640238847]
[0.443951774157871, 0.49561062582735416]
[0.3786048825364206, 0.3070455681981282]
[0.3872575109978429, 0.5287953144490133]
[0.4360263425107974, 0.3558996609128584]
[0.5197549735147604, 0.35491189482772634]
[0.4411772323674973, 0.35180572814644495]




 AdNNnew 
obj val AdNNnew 9.41582418729987
x vector is :
 [9.5280131943807e-10, 1.136709216439047e-9, 1.0, 1.0323904610908882e-9, 0.999999998878099, 1.0, 0.9999999973527918, 1.0880612082920243e-9, 1.033520751634805e-9, 1.0256262949636759e-9, 1.0, 0.9999999975047883, 1.0000913624508368e-9, 9.886320191587733e-10, 1.0064882875256771e-9]y vector is :
 [0.95280132443807, 1.1367092214390468, 0.05091399122991051, 1.0323904660908882, 0.0, 0.0019858292817895367, 0.014595519853025984, 1.0880612132920242, 1.033520756634805, 1.0256262999636758, 0.05096111450725993, 0.03304676643408899, 1.0000913674508367, 0.9886320241587732, 1.006488292525677]z matrix is :
 [0.0, 1.9999999979104894, 0.9999999990471987, 1.9999999980148082, 1.0000000021690996, 0.9999999990471987, 1.0000000021944069, 1.9999999979591374, 1.9999999980136778, 1.9999999980215724, 0.9999999990471987, 1.0000000020424102, 1.9999999980471073, 1.9999999980585665, 1.9999999980407104]
[1.9999999979104894, 0.0, 0.9999999988632908, 1.9999999978309004, 1.0000000019851918, 0.9999999988632908, 1.000000002010499, 1.9999999977752296, 1.99999999782977, 1.9999999978376646, 0.9999999988632908, 1.0000000018585025, 1.9999999978631995, 1.9999999978746588, 1.9999999978568026]
[0.9999999990471987, 0.9999999988632908, 0.0, 0.9999999989676096, 3.1219009599681158e-9, 0.0, 3.1472082717698413e-9, 0.9999999989119388, 0.9999999989664792, 0.9999999989743737, 0.0, 2.9952116342712998e-9, 0.9999999989999087, 0.9999999990113679, 0.9999999989935118]
[1.9999999980148082, 1.9999999978309004, 0.9999999989676096, 0.0, 1.0000000020895106, 0.9999999989676095, 1.0000000021148179, 1.9999999978795484, 1.9999999979340888, 1.9999999979419834, 0.9999999989676095, 1.0000000019628212, 1.9999999979675183, 1.9999999979789775, 1.9999999979611214]
[1.0000000021690996, 1.0000000019851918, 3.1219009599681158e-9, 1.0000000020895106, 0.0, 3.1219010709904182e-9, 6.2691093427602596e-9, 1.0000000020338398, 1.0000000020883801, 1.0000000020962747, 3.1219010709904182e-9, 6.117112705261718e-9, 1.0000000021218098, 1.0000000021332691, 1.0000000021154127]
[0.9999999990471987, 0.9999999988632908, 0.0, 0.9999999989676095, 3.1219010709904182e-9, 0.0, 3.1472082717698413e-9, 0.9999999989119388, 0.9999999989664792, 0.9999999989743737, 0.0, 2.9952116342712998e-9, 0.9999999989999087, 0.9999999990113679, 0.9999999989935118]
[1.0000000021944069, 1.000000002010499, 3.1472082717698413e-9, 1.0000000021148179, 6.2691093427602596e-9, 3.1472082717698413e-9, 0.0, 1.000000002059147, 1.0000000021136874, 1.000000002121582, 3.147208160747539e-9, 6.142419795018839e-9, 1.0000000021471167, 1.000000002158576, 1.00000000214072]
[1.9999999979591374, 1.9999999977752296, 0.9999999989119388, 1.9999999978795484, 1.0000000020338398, 0.9999999989119388, 1.000000002059147, 0.0, 1.999999997878418, 1.9999999978863126, 0.9999999989119388, 1.0000000019071504, 1.9999999979118475, 1.9999999979233067, 1.9999999979054506]
[1.9999999980136778, 1.99999999782977, 0.9999999989664792, 1.9999999979340888, 1.0000000020883801, 0.9999999989664792, 1.0000000021136874, 1.999999997878418, 0.0, 1.999999997940853, 0.9999999989664793, 1.0000000019616908, 1.9999999979663878, 1.999999997977847, 1.999999997959991]
[1.9999999980215724, 1.9999999978376646, 0.9999999989743737, 1.9999999979419834, 1.0000000020962747, 0.9999999989743737, 1.000000002121582, 1.9999999978863126, 1.999999997940853, 0.0, 0.9999999989743737, 1.0000000019695854, 1.9999999979742824, 1.9999999979857417, 1.9999999979678855]
[0.9999999990471987, 0.9999999988632908, 0.0, 0.9999999989676095, 3.1219010709904182e-9, 0.0, 3.147208160747539e-9, 0.9999999989119388, 0.9999999989664793, 0.9999999989743737, 0.0, 2.9952116342712998e-9, 0.9999999989999087, 0.9999999990113679, 0.9999999989935118]
[1.0000000020424102, 1.0000000018585025, 2.9952116342712998e-9, 1.0000000019628212, 6.117112705261718e-9, 2.9952116342712998e-9, 6.142419795018839e-9, 1.0000000019071504, 1.0000000019616908, 1.0000000019695854, 2.9952116342712998e-9, 0.0, 1.0000000019951203, 1.0000000020065796, 1.0000000019887234]
[1.9999999980471073, 1.9999999978631995, 0.9999999989999087, 1.9999999979675183, 1.0000000021218098, 0.9999999989999087, 1.0000000021471167, 1.9999999979118475, 1.9999999979663878, 1.9999999979742824, 0.9999999989999087, 1.0000000019951203, 0.0, 1.9999999980112766, 1.9999999979934204]
[1.9999999980585665, 1.9999999978746588, 0.9999999990113679, 1.9999999979789775, 1.0000000021332691, 0.9999999990113679, 1.000000002158576, 1.9999999979233067, 1.999999997977847, 1.9999999979857417, 0.9999999990113679, 1.0000000020065796, 1.9999999980112766, 0.0, 1.9999999980048797]
[1.9999999980407104, 1.9999999978568026, 0.9999999989935118, 1.9999999979611214, 1.0000000021154127, 0.9999999989935118, 1.00000000214072, 1.9999999979054506, 1.999999997959991, 1.9999999979678855, 0.9999999989935118, 1.0000000019887234, 1.9999999979934204, 1.9999999980048797, 0.0]
w vector is :
 [0.95280132443807, 1.1367092214390468, 0.05091399122991051, 1.0323904660908882, 0.0, 0.0019858292817895367, 0.014595519853025984, 1.0880612132920242, 1.033520756634805, 1.0256262999636758, 0.05096111450725993, 0.03304676643408899, 1.0000913674508367, 0.9886320241587732, 1.006488292525677]p matrix is :
 [0.0, 0.0, 0.0, 0.0, 0.0, 0.0, 0.0, 0.0, 0.0, 0.0, 0.0, 0.0, 0.0, 0.0, 0.0]
[0.0, 0.0, 0.0, 0.0, 0.0, 0.0, 0.0, 0.0, 0.0, 0.0, 0.0, 0.0, 0.0, 0.0, 0.0]
[0.0, 0.0, 0.0, 0.0, 0.0, 0.0, 0.0, 0.0, 0.0, 0.0, 0.0, 0.0, 0.0, 0.0, 0.0]
[0.0, 0.0, 0.0, 0.0, 0.0, 0.0, 0.0, 0.0, 0.0, 0.0, 0.0, 0.0, 0.0, 0.0, 0.0]
[0.0, 0.0, 0.0, 0.0, 0.0, 0.0, 0.0, 0.0, 0.0, 0.0, 0.0, 0.0, 0.0, 0.0, 0.0]
[0.0, 0.0, 0.0, 0.0, 0.0, 0.0, 0.0, 0.0, 0.0, 0.0, 0.0, 0.0, 0.0, 0.0, 0.0]
[0.0, 0.0, 0.0, 0.0, 0.0, 0.0, 0.0, 0.0, 0.0, 0.0, 0.0, 0.0, 0.0, 0.0, 0.0]
[0.0, 0.0, 0.0, 0.0, 0.0, 0.0, 0.0, 0.0, 0.0, 0.0, 0.0, 0.0, 0.0, 0.0, 0.0]
[0.0, 0.0, 0.0, 0.0, 0.0, 0.0, 0.0, 0.0, 0.0, 0.0, 0.0, 0.0, 0.0, 0.0, 0.0]
[0.0, 0.0, 0.0, 0.0, 0.0, 0.0, 0.0, 0.0, 0.0, 0.0, 0.0, 0.0, 0.0, 0.0, 0.0]
[0.0, 0.0, 0.0, 0.0, 0.0, 0.0, 0.0, 0.0, 0.0, 0.0, 0.0, 0.0, 0.0, 0.0, 0.0]
[0.0, 0.0, 0.0, 0.0, 0.0, 0.0, 0.0, 0.0, 0.0, 0.0, 0.0, 0.0, 0.0, 0.0, 0.0]
[0.0, 0.0, 0.0, 0.0, 0.0, 0.0, 0.0, 0.0, 0.0, 0.0, 0.0, 0.0, 0.0, 0.0, 0.0]
[0.0, 0.0, 0.0, 0.0, 0.0, 0.0, 0.0, 0.0, 0.0, 0.0, 0.0, 0.0, 0.0, 0.0, 0.0]
[0.0, 0.0, 0.0, 0.0, 0.0, 0.0, 0.0, 0.0, 0.0, 0.0, 0.0, 0.0, 0.0, 0.0, 0.0]
