Academic license - for non-commercial use only
Academic license - for non-commercial use only
Optimize a model with 2835 rows, 1224 columns and 7368 nonzeros
Variable types: 1200 continuous, 24 integer (24 binary)
Coefficient statistics:
  Matrix range     [1e+00, 1e+09]
  Objective range  [1e+00, 1e+00]
  Bounds range     [0e+00, 0e+00]
  RHS range        [1e-02, 2e+00]
Warning: Model contains large matrix coefficients
         Consider reformulating model or setting NumericFocus parameter
         to avoid numerical issues.
Found heuristic solution: objective -0.0000000
Presolve removed 1980 rows and 900 columns
Presolve time: 0.02s
Presolved: 855 rows, 324 columns, 2556 nonzeros
Variable types: 300 continuous, 24 integer (24 binary)

Root relaxation: objective 1.866035e+01, 41 iterations, 0.00 seconds

    Nodes    |    Current Node    |     Objective Bounds      |     Work
 Expl Unexpl |  Obj  Depth IntInf | Incumbent    BestBd   Gap | It/Node Time

*    0     0               0      18.6603485   18.66035  0.00%     -    0s

Explored 0 nodes (59 simplex iterations) in 0.03 seconds
Thread count was 24 (of 24 available processors)

Solution count 2: 18.6603 -0 

Optimal solution found (tolerance 1.00e-04)
Best objective 1.866034849194e+01, best bound 1.866034849194e+01, gap 0.0000%
num_cluster is 3
card is 8
visit_m is 2
limits_ is [1, 1]
dim is 2
sum dis 90.6243151736867

dis_mat matrix is :
 [Inf, 0.21349265061187112, 0.3700921037064625, 0.07644519872550819, 0.09820487858025298, 0.16122038369829225, 0.17354154756069382, 0.18702922519282753, 0.1806629787078112, 0.20272925180577261, 0.3559163608521433, 0.28332158025457904, 0.2390605661774429, 0.1580720065343295, 0.06543038731059789, 0.21205349727974257, 0.20356960933017573, 0.03022555827845116, 0.24551957465050733, 0.1076449768119559, 0.09692317031724222, 0.13419919181751247, 0.08001113293081047, 0.21024653835985607]
[0.21349265061187112, Inf, 0.1566019553783466, 0.17455347364536977, 0.18055883106388163, 0.06445238496641711, 0.19437875431811114, 0.2647113822519895, 0.05608202301078218, 0.20602479567172843, 0.22291921222834182, 0.07880614296789457, 0.18800452079363508, 0.08405304343264046, 0.20988548018895675, 0.08653115264558651, 0.09384646621464394, 0.21126919059262994, 0.033127064010713574, 0.1327927694810519, 0.11712544053933874, 0.12918578696849026, 0.2765470475135672, 0.10898290863747025]
[0.3700921037064625, 0.1566019553783466, Inf, 0.32611569891510395, 0.3274211378042464, 0.21451469895270872, 0.3178293188945774, 0.39158236762163534, 0.1989089292454633, 0.31778085129973166, 0.22514743904522994, 0.09970482889313136, 0.2772908355943921, 0.22748828209956734, 0.3619825124241957, 0.19431013667674965, 0.2064461131438036, 0.3670566479435442, 0.12515843020476528, 0.2826616991414953, 0.27361421229575583, 0.27110382160594215, 0.431238032988816, 0.21419353735447388]
[0.07644519872550819, 0.17455347364536977, 0.32611569891510395, Inf, 0.024388948017900175, 0.1118833074194859, 0.09882500552674288, 0.1291438492931542, 0.161544529164376, 0.127855794510269, 0.28227393337881573, 0.2520582470488716, 0.16264759457298794, 0.09977262701955483, 0.03587804721707637, 0.14772052913914435, 0.13745802108005364, 0.09918019200570956, 0.20762196421366752, 0.04366816905403216, 0.08157542065760547, 0.0635150413647018, 0.1562508902692368, 0.1410427042139435]
[0.09820487858025298, 0.18055883106388163, 0.3274211378042464, 0.024388948017900175, Inf, 0.11625545774962583, 0.07545773829795067, 0.10658069898793739, 0.17471075899851857, 0.10463118029428782, 0.26665416159562694, 0.2591628178755622, 0.14274380306281875, 0.10007012498876, 0.04358639592909993, 0.14155263802912424, 0.13033757189797718, 0.12265070762527715, 0.2131376384179494, 0.048373999188073245, 0.1003474493092344, 0.05713214948119306, 0.17705371005066825, 0.13129373051887638]
[0.16122038369829225, 0.06445238496641711, 0.21451469895270872, 0.1118833074194859, 0.11625545774962583, Inf, 0.13545941809903544, 0.2028023757385158, 0.07627959838193842, 0.15171711295959436, 0.21978858667089843, 0.14324115669817478, 0.14697339579720609, 0.022887493641242172, 0.1476656059433205, 0.06346790335916759, 0.06164122615078745, 0.16577528179720102, 0.09688219748184328, 0.06901284787451974, 0.0733209516365572, 0.06549654273384911, 0.23269466866049787, 0.0759548210701464]
[0.17354154756069382, 0.19437875431811114, 0.3178293188945774, 0.09882500552674288, 0.07545773829795067, 0.13545941809903544, Inf, 0.07378047375457403, 0.2095767227986461, 0.029188059502469024, 0.20751989287716033, 0.2704512559403556, 0.07544425333247841, 0.11277984690601021, 0.11356180733177039, 0.12394571135804537, 0.1119964160446099, 0.19793244184652464, 0.22256074127240438, 0.09427041285164564, 0.15697582045722697, 0.07501668137705358, 0.2516700429793369, 0.103755554667839]
[0.18702922519282753, 0.2647113822519895, 0.39158236762163534, 0.1291438492931542, 0.10658069898793739, 0.2028023757385158, 0.07378047375457403, Inf, 0.27274260592984784, 0.0798131465571737, 0.2636717432503599, 0.3421238108451568, 0.1333794164275717, 0.18110256994545038, 0.12190233672034566, 0.19769853903360254, 0.1857119615254097, 0.21626655096147793, 0.29423473307707976, 0.14716292596904088, 0.20609158544142764, 0.13785048951602893, 0.2547154722324895, 0.17743127713370538]
[0.1806629787078112, 0.05608202301078218, 0.1989089292454633, 0.161544529164376, 0.17471075899851857, 0.07627959838193842, 0.2095767227986461, 0.27274260592984784, Inf, 0.2275763044194624, 0.27543612565364156, 0.10437630788966333, 0.2218478417271404, 0.09889778148456117, 0.19353224363814076, 0.12735241372064282, 0.13056694858371093, 0.1718639094077175, 0.07673774948577167, 0.12740622715522726, 0.08614104887208014, 0.1357613915996659, 0.23362732441159642, 0.14616603022825123]
[0.20272925180577261, 0.20602479567172843, 0.31778085129973166, 0.127855794510269, 0.10463118029428782, 0.15171711295959436, 0.029188059502469024, 0.0798131465571737, 0.2275763044194624, Inf, 0.18698243035473255, 0.27918453232411106, 0.05447941012535982, 0.12885848079776438, 0.142323248926528, 0.1278251287619716, 0.11676924046214156, 0.22701517432203772, 0.23175443117752803, 0.11985800966201329, 0.1820716946694579, 0.09736179293981553, 0.28075706419547736, 0.10531212796393294]
[0.3559163608521433, 0.22291921222834182, 0.22514743904522994, 0.28227393337881573, 0.26665416159562694, 0.21978858667089843, 0.20751989287716033, 0.2636717432503599, 0.27543612565364156, 0.18698243035473255, Inf, 0.2524934765922922, 0.13286491791142382, 0.20914445217198746, 0.3101807507456172, 0.1563280534608807, 0.15993923171420166, 0.3710532502689585, 0.22343789683497736, 0.24899993617224417, 0.2895394255112651, 0.2217627318954333, 0.4353005191012152, 0.14888726884994524]
[0.28332158025457904, 0.07880614296789457, 0.09970482889313136, 0.2520582470488716, 0.2591628178755622, 0.14324115669817478, 0.2704512559403556, 0.3421238108451568, 0.10437630788966333, 0.27918453232411106, 0.2524934765922922, Inf, 0.2530916260277837, 0.1625186546520399, 0.2868808711144841, 0.1526911617531333, 0.16283842381670346, 0.2761083075427601, 0.047913387321383186, 0.211146884254989, 0.18675272600801857, 0.20784304281476448, 0.3378515968962608, 0.17605786495866055]
[0.2390605661774429, 0.18800452079363508, 0.2772908355943921, 0.16264759457298794, 0.14274380306281875, 0.14697339579720609, 0.07544425333247841, 0.1333794164275717, 0.2218478417271404, 0.05447941012535982, 0.13286491791142382, 0.2530916260277837, Inf, 0.12633145216461406, 0.18480372582486085, 0.10198038227169925, 0.09423301689182419, 0.25967714482701487, 0.2079690051102556, 0.1406910937262168, 0.1969896189384379, 0.11314110789285461, 0.31888665758184953, 0.07903991411394932]
[0.1580720065343295, 0.08405304343264046, 0.22748828209956734, 0.09977262701955483, 0.10007012498876, 0.022887493641242172, 0.11277984690601021, 0.18110256994545038, 0.09889778148456117, 0.12885848079776438, 0.20914445217198746, 0.1625186546520399, 0.12633145216461406, Inf, 0.13551850055263043, 0.0552290879052159, 0.04929026514036508, 0.16676461792776, 0.11516100262180166, 0.05614998037251764, 0.08040408614818931, 0.045449649431881255, 0.2332982234384296, 0.06106755786350991]
[0.06543038731059789, 0.20988548018895675, 0.3619825124241957, 0.03587804721707637, 0.04358639592909993, 0.1476656059433205, 0.11356180733177039, 0.12190233672034566, 0.19353224363814076, 0.142323248926528, 0.3101807507456172, 0.2868808711144841, 0.18480372582486085, 0.13551850055263043, Inf, 0.1820685064337948, 0.1713765734188888, 0.09436599831834523, 0.2429976278129487, 0.07950351021854549, 0.10967632398570772, 0.09712352557711741, 0.13922023624487986, 0.17363343506066986]
[0.21205349727974257, 0.08653115264558651, 0.19431013667674965, 0.14772052913914435, 0.14155263802912424, 0.06346790335916759, 0.12394571135804537, 0.19769853903360254, 0.12735241372064282, 0.1278251287619716, 0.1563280534608807, 0.1526911617531333, 0.10198038227169925, 0.0552290879052159, 0.1820685064337948, Inf, 0.012167210211706901, 0.221895984134634, 0.10642637742854467, 0.10612338653461582, 0.13441548606428763, 0.08499951048168124, 0.2882806286570557, 0.023396023873219318]
[0.20356960933017573, 0.09384646621464394, 0.2064461131438036, 0.13745802108005364, 0.13033757189797718, 0.06164122615078745, 0.1119964160446099, 0.1857119615254097, 0.13056694858371093, 0.11676924046214156, 0.15993923171420166, 0.16283842381670346, 0.09423301689182419, 0.04929026514036508, 0.1713765734188888, 0.012167210211706901, Inf, 0.2146461846900772, 0.11596921004123126, 0.0967242106473687, 0.129621440010297, 0.07426421969578512, 0.2806543267138241, 0.01567218446888006]
[0.03022555827845116, 0.21126919059262994, 0.3670566479435442, 0.09918019200570956, 0.12265070762527715, 0.16577528179720102, 0.19793244184652464, 0.21626655096147793, 0.1718639094077175, 0.22701517432203772, 0.3710532502689585, 0.2761083075427601, 0.25967714482701487, 0.16676461792776, 0.09436599831834523, 0.221895984134634, 0.2146461846900772, Inf, 0.24189897898016455, 0.12239358479335904, 0.09490909493266772, 0.15026469938118042, 0.06692181569748026, 0.22311165065308544]
[0.24551957465050733, 0.033127064010713574, 0.12515843020476528, 0.20762196421366752, 0.2131376384179494, 0.09688219748184328, 0.22256074127240438, 0.29423473307707976, 0.07673774948577167, 0.23175443117752803, 0.22343789683497736, 0.047913387321383186, 0.2079690051102556, 0.11516100262180166, 0.2429976278129487, 0.10642637742854467, 0.11596921004123126, 0.24189897898016455, Inf, 0.16562682836507286, 0.14873943982377086, 0.16059519137787426, 0.30630412809994695, 0.12980382203452268]
[0.1076449768119559, 0.1327927694810519, 0.2826616991414953, 0.04366816905403216, 0.048373999188073245, 0.06901284787451974, 0.09427041285164564, 0.14716292596904088, 0.12740622715522726, 0.11985800966201329, 0.24899993617224417, 0.211146884254989, 0.1406910937262168, 0.05614998037251764, 0.07950351021854549, 0.10612338653461582, 0.0967242106473687, 0.12239358479335904, 0.16562682836507286, Inf, 0.0627163448309164, 0.028108640390941027, 0.18638075422821898, 0.10262743424679063]
[0.09692317031724222, 0.11712544053933874, 0.27361421229575583, 0.08157542065760547, 0.1003474493092344, 0.0733209516365572, 0.15697582045722697, 0.20609158544142764, 0.08614104887208014, 0.1820716946694579, 0.2895394255112651, 0.18675272600801857, 0.1969896189384379, 0.08040408614818931, 0.10967632398570772, 0.13441548606428763, 0.129621440010297, 0.09490909493266772, 0.14873943982377086, 0.0627163448309164, Inf, 0.08580153702578368, 0.1613274369710987, 0.1412232443727227]
[0.13419919181751247, 0.12918578696849026, 0.27110382160594215, 0.0635150413647018, 0.05713214948119306, 0.06549654273384911, 0.07501668137705358, 0.13785048951602893, 0.1357613915996659, 0.09736179293981553, 0.2217627318954333, 0.20784304281476448, 0.11314110789285461, 0.045449649431881255, 0.09712352557711741, 0.08499951048168124, 0.07426421969578512, 0.15026469938118042, 0.16059519137787426, 0.028108640390941027, 0.08580153702578368, Inf, 0.21357570135236492, 0.0776015200042068]
[0.08001113293081047, 0.2765470475135672, 0.431238032988816, 0.1562508902692368, 0.17705371005066825, 0.23269466866049787, 0.2516700429793369, 0.2547154722324895, 0.23362732441159642, 0.28075706419547736, 0.4353005191012152, 0.3378515968962608, 0.31888665758184953, 0.2332982234384296, 0.13922023624487986, 0.2882806286570557, 0.2806543267138241, 0.06692181569748026, 0.30630412809994695, 0.18638075422821898, 0.1613274369710987, 0.21357570135236492, Inf, 0.2884328942731057]
[0.21024653835985607, 0.10898290863747025, 0.21419353735447388, 0.1410427042139435, 0.13129373051887638, 0.0759548210701464, 0.103755554667839, 0.17743127713370538, 0.14616603022825123, 0.10531212796393294, 0.14888726884994524, 0.17605786495866055, 0.07903991411394932, 0.06106755786350991, 0.17363343506066986, 0.023396023873219318, 0.01567218446888006, 0.22311165065308544, 0.12980382203452268, 0.10262743424679063, 0.1412232443727227, 0.0776015200042068, 0.2884328942731057, Inf]
data points matrix is :
 [0.41261581014116266, 0.39669128924347025]
[0.46106414121098366, 0.6046140419229966]
[0.4977363373440582, 0.756861611555812]
[0.4808368929776099, 0.4311840749356268]
[0.5051693358374542, 0.42952485527197437]
[0.48019239573468864, 0.5430655260453933]
[0.5779818033698572, 0.4493292699536753]
[0.5987617194137993, 0.37853553155361547]
[0.4120534249861062, 0.577353392625769]
[0.6058416265667761, 0.45803404272245507]
[0.682701095033049, 0.6284894661282371]
[0.43533202693535333, 0.6791007284138195]
[0.6233134384030706, 0.5096358054710693]
[0.4985335890543271, 0.5293747264781821]
[0.47803376220850047, 0.39541569881925787]
[0.5389826257328697, 0.5669796142272497]
[0.5406807398550626, 0.5549314852121755]
[0.38447297543737835, 0.4077169514947602]
[0.45945319568950027, 0.6377019131826701]
[0.4871061970350288, 0.47439986852046295]
[0.4270678429585185, 0.4925309453978577]
[0.5126330738444336, 0.4861673756899833]
[0.3452824565265772, 0.3534709134481927]
[0.5557647526236177, 0.5506782599859886]




 AdNNnew 
obj val AdNNnew 18.660348491938954
x vector is :
 [1.0, 9.964435636977615e-10, 0.9999999951422708, 1.008340293644598e-9, 1.0160486423489133e-9, 1.0131163248905617e-9, 1.0115776873383571e-9, 1.0622027743424365e-9, 1.0, 0.9999999950586503, 1.1354367636493126e-9, 1.0112298869936447e-9, 9.974281421292466e-10, 1.009771156727793e-9, 1.0275377415366005e-9, 1.0099455187980775e-9, 1.0, 0.9999999950531987, 1.036683488279825e-9, 1.002511718095525e-9, 1.060204614672675e-9, 1.0255969102673073e-9, 1.0583536891165662e-9, 1.0134504930517455e-9]y vector is :
 [0.021657437755890907, 0.9964435686977614, 0.08847494199598649, 1.008340298644598, 1.0160486473489132, 1.0131163298905617, 1.011577692338357, 1.0622027793424365, 0.02593642813920069, 0.01761037234388385, 1.1354367686493125, 1.0112298919936447, 0.9974281471292464, 1.009771161727793, 1.0275377465366005, 1.0099455237980774, 0.002221685403684218, 0.008568126719361358, 1.036683493279825, 1.002511723095525, 1.0602046196726749, 1.0255969152673072, 1.058353694116566, 1.0134504980517454]z matrix is :
 [0.0, 0.9999999990035564, 6.1077294333244936e-9, 0.9999999989916597, 0.9999999989839514, 0.9999999989868837, 0.9999999989884223, 0.9999999989377972, 0.0, 6.191349211093211e-9, 0.9999999988645631, 0.99999999898877, 0.9999999990025719, 0.9999999989902288, 0.9999999989724622, 0.9999999989900545, 0.0, 6.1968010722779354e-9, 0.9999999989633166, 0.9999999989974884, 0.9999999989397954, 0.9999999989744031, 0.9999999989416464, 0.9999999989865496]
[0.9999999990035564, 0.0, 1.0000000051112858, 1.999999997995216, 1.9999999979875078, 1.9999999979904401, 1.9999999979919787, 1.9999999979413536, 0.9999999990035564, 1.0000000051949056, 1.9999999978681196, 1.9999999979923264, 1.9999999980061283, 1.9999999979937853, 1.9999999979760186, 1.999999997993611, 0.9999999990035564, 1.0000000052003575, 1.999999997966873, 1.9999999980010448, 1.9999999979433518, 1.9999999979779595, 1.9999999979452028, 1.999999997990106]
[6.1077294333244936e-9, 1.0000000051112858, 0.0, 1.0000000050993891, 1.0000000050916809, 1.0000000050946132, 1.0000000050961517, 1.0000000050455267, 6.1077294333244936e-9, 1.2299078644417705e-8, 1.0000000049722926, 1.0000000050964994, 1.0000000051103013, 1.0000000050979583, 1.0000000050801916, 1.000000005097784, 6.1077294333244936e-9, 1.2304530505602429e-8, 1.000000005071046, 1.0000000051052178, 1.0000000050475248, 1.0000000050821325, 1.0000000050493758, 1.000000005094279]
[0.9999999989916597, 1.999999997995216, 1.0000000050993891, 0.0, 1.9999999979756111, 1.9999999979785434, 1.999999997980082, 1.999999997929457, 0.9999999989916597, 1.000000005183009, 1.9999999978562228, 1.9999999979804297, 1.9999999979942316, 1.9999999979818885, 1.9999999979641219, 1.9999999979817142, 0.9999999989916597, 1.0000000051884608, 1.9999999979549763, 1.999999997989148, 1.999999997931455, 1.9999999979660628, 1.999999997933306, 1.9999999979782093]
[0.9999999989839514, 1.9999999979875078, 1.0000000050916809, 1.9999999979756111, 0.0, 1.9999999979708352, 1.9999999979723737, 1.9999999979217487, 0.9999999989839513, 1.0000000051753006, 1.9999999978485146, 1.9999999979727214, 1.9999999979865233, 1.9999999979741803, 1.9999999979564136, 1.999999997974006, 0.9999999989839513, 1.0000000051807525, 1.999999997947268, 1.9999999979814398, 1.9999999979237468, 1.9999999979583545, 1.9999999979255978, 1.999999997970501]
[0.9999999989868837, 1.9999999979904401, 1.0000000050946132, 1.9999999979785434, 1.9999999979708352, 0.0, 1.999999997975306, 1.999999997924681, 0.9999999989868836, 1.000000005178233, 1.9999999978514469, 1.9999999979756538, 1.9999999979894556, 1.9999999979771126, 1.999999997959346, 1.9999999979769383, 0.9999999989868836, 1.0000000051836848, 1.9999999979502003, 1.9999999979843721, 1.9999999979266792, 1.9999999979612868, 1.9999999979285301, 1.9999999979734333]
[0.9999999989884223, 1.9999999979919787, 1.0000000050961517, 1.999999997980082, 1.9999999979723737, 1.999999997975306, 0.0, 1.9999999979262195, 0.9999999989884223, 1.0000000051797715, 1.9999999978529854, 1.9999999979771923, 1.9999999979909941, 1.9999999979786511, 1.9999999979608845, 1.9999999979784768, 0.9999999989884223, 1.0000000051852234, 1.9999999979517389, 1.9999999979859107, 1.9999999979282177, 1.9999999979628253, 1.9999999979300687, 1.9999999979749719]
[0.9999999989377972, 1.9999999979413536, 1.0000000050455267, 1.999999997929457, 1.9999999979217487, 1.999999997924681, 1.9999999979262195, 0.0, 0.9999999989377972, 1.0000000051291464, 1.9999999978023604, 1.9999999979265672, 1.999999997940369, 1.999999997928026, 1.9999999979102594, 1.9999999979278518, 0.9999999989377972, 1.0000000051345983, 1.9999999979011138, 1.9999999979352856, 1.9999999978775926, 1.9999999979122003, 1.9999999978794436, 1.9999999979243468]
[0.0, 0.9999999990035564, 6.1077294333244936e-9, 0.9999999989916597, 0.9999999989839513, 0.9999999989868836, 0.9999999989884223, 0.9999999989377972, 0.0, 6.191349211093211e-9, 0.9999999988645631, 0.99999999898877, 0.9999999990025719, 0.9999999989902288, 0.9999999989724622, 0.9999999989900545, 0.0, 6.1968010722779354e-9, 0.9999999989633166, 0.9999999989974884, 0.9999999989397954, 0.9999999989744031, 0.9999999989416464, 0.9999999989865496]
[6.191349211093211e-9, 1.0000000051949056, 1.2299078644417705e-8, 1.000000005183009, 1.0000000051753006, 1.000000005178233, 1.0000000051797715, 1.0000000051291464, 6.191349211093211e-9, 0.0, 1.0000000050559124, 1.0000000051801192, 1.000000005193921, 1.000000005181578, 1.0000000051638114, 1.0000000051814038, 6.191349211093211e-9, 1.2388150283371147e-8, 1.0000000051546658, 1.0000000051888376, 1.0000000051311446, 1.0000000051657523, 1.0000000051329956, 1.0000000051778988]
[0.9999999988645631, 1.9999999978681196, 1.0000000049722926, 1.9999999978562228, 1.9999999978485146, 1.9999999978514469, 1.9999999978529854, 1.9999999978023604, 0.9999999988645631, 1.0000000050559124, 0.0, 1.9999999978533332, 1.999999997867135, 1.999999997854792, 1.9999999978370253, 1.9999999978546177, 0.9999999988645633, 1.0000000050613642, 1.9999999978278797, 1.9999999978620515, 1.9999999978043586, 1.9999999978389662, 1.9999999978062095, 1.9999999978511127]
[0.99999999898877, 1.9999999979923264, 1.0000000050964994, 1.9999999979804297, 1.9999999979727214, 1.9999999979756538, 1.9999999979771923, 1.9999999979265672, 0.99999999898877, 1.0000000051801192, 1.9999999978533332, 0.0, 1.9999999979913419, 1.9999999979789989, 1.9999999979612322, 1.9999999979788246, 0.9999999989887701, 1.000000005185571, 1.9999999979520866, 1.9999999979862584, 1.9999999979285654, 1.999999997963173, 1.9999999979304164, 1.9999999979753196]
[0.9999999990025719, 1.9999999980061283, 1.0000000051103013, 1.9999999979942316, 1.9999999979865233, 1.9999999979894556, 1.9999999979909941, 1.999999997940369, 0.9999999990025719, 1.000000005193921, 1.999999997867135, 1.9999999979913419, 0.0, 1.9999999979928007, 1.999999997975034, 1.9999999979926264, 0.9999999990025719, 1.000000005199373, 1.9999999979658885, 1.9999999980000602, 1.9999999979423673, 1.999999997976975, 1.9999999979442182, 1.9999999979891214]
[0.9999999989902288, 1.9999999979937853, 1.0000000050979583, 1.9999999979818885, 1.9999999979741803, 1.9999999979771126, 1.9999999979786511, 1.999999997928026, 0.9999999989902288, 1.000000005181578, 1.999999997854792, 1.9999999979789989, 1.9999999979928007, 0.0, 1.999999997962691, 1.9999999979802834, 0.9999999989902288, 1.00000000518703, 1.9999999979535454, 1.9999999979877172, 1.9999999979300243, 1.999999997964632, 1.9999999979318752, 1.9999999979767784]
[0.9999999989724622, 1.9999999979760186, 1.0000000050801916, 1.9999999979641219, 1.9999999979564136, 1.999999997959346, 1.9999999979608845, 1.9999999979102594, 0.9999999989724622, 1.0000000051638114, 1.9999999978370253, 1.9999999979612322, 1.999999997975034, 1.999999997962691, 0.0, 1.9999999979625167, 0.9999999989724623, 1.0000000051692632, 1.9999999979357788, 1.9999999979699505, 1.9999999979122576, 1.9999999979468652, 1.9999999979141085, 1.9999999979590117]
[0.9999999989900545, 1.999999997993611, 1.000000005097784, 1.9999999979817142, 1.999999997974006, 1.9999999979769383, 1.9999999979784768, 1.9999999979278518, 0.9999999989900545, 1.0000000051814038, 1.9999999978546177, 1.9999999979788246, 1.9999999979926264, 1.9999999979802834, 1.9999999979625167, 0.0, 0.9999999989900544, 1.0000000051868556, 1.9999999979533711, 1.999999997987543, 1.99999999792985, 1.9999999979644576, 1.999999997931701, 1.999999997976604]
[0.0, 0.9999999990035564, 6.1077294333244936e-9, 0.9999999989916597, 0.9999999989839513, 0.9999999989868836, 0.9999999989884223, 0.9999999989377972, 0.0, 6.191349211093211e-9, 0.9999999988645633, 0.9999999989887701, 0.9999999990025719, 0.9999999989902288, 0.9999999989724623, 0.9999999989900544, 0.0, 6.1968010722779354e-9, 0.9999999989633166, 0.9999999989974884, 0.9999999989397954, 0.9999999989744031, 0.9999999989416464, 0.9999999989865496]
[6.1968010722779354e-9, 1.0000000052003575, 1.2304530505602429e-8, 1.0000000051884608, 1.0000000051807525, 1.0000000051836848, 1.0000000051852234, 1.0000000051345983, 6.1968010722779354e-9, 1.2388150283371147e-8, 1.0000000050613642, 1.000000005185571, 1.000000005199373, 1.00000000518703, 1.0000000051692632, 1.0000000051868556, 6.1968010722779354e-9, 0.0, 1.0000000051601177, 1.0000000051942894, 1.0000000051365965, 1.0000000051712041, 1.0000000051384474, 1.0000000051833506]
[0.9999999989633166, 1.999999997966873, 1.000000005071046, 1.9999999979549763, 1.999999997947268, 1.9999999979502003, 1.9999999979517389, 1.9999999979011138, 0.9999999989633166, 1.0000000051546658, 1.9999999978278797, 1.9999999979520866, 1.9999999979658885, 1.9999999979535454, 1.9999999979357788, 1.9999999979533711, 0.9999999989633166, 1.0000000051601177, 0.0, 1.999999997960805, 1.999999997903112, 1.9999999979377197, 1.999999997904963, 1.9999999979498662]
[0.9999999989974884, 1.9999999980010448, 1.0000000051052178, 1.999999997989148, 1.9999999979814398, 1.9999999979843721, 1.9999999979859107, 1.9999999979352856, 0.9999999989974884, 1.0000000051888376, 1.9999999978620515, 1.9999999979862584, 1.9999999980000602, 1.9999999979877172, 1.9999999979699505, 1.999999997987543, 0.9999999989974884, 1.0000000051942894, 1.999999997960805, 0.0, 1.9999999979372838, 1.9999999979718914, 1.9999999979391347, 1.999999997984038]
[0.9999999989397954, 1.9999999979433518, 1.0000000050475248, 1.999999997931455, 1.9999999979237468, 1.9999999979266792, 1.9999999979282177, 1.9999999978775926, 0.9999999989397954, 1.0000000051311446, 1.9999999978043586, 1.9999999979285654, 1.9999999979423673, 1.9999999979300243, 1.9999999979122576, 1.99999999792985, 0.9999999989397954, 1.0000000051365965, 1.999999997903112, 1.9999999979372838, 0.0, 1.9999999979141985, 1.9999999978814418, 1.999999997926345]
[0.9999999989744031, 1.9999999979779595, 1.0000000050821325, 1.9999999979660628, 1.9999999979583545, 1.9999999979612868, 1.9999999979628253, 1.9999999979122003, 0.9999999989744031, 1.0000000051657523, 1.9999999978389662, 1.999999997963173, 1.999999997976975, 1.999999997964632, 1.9999999979468652, 1.9999999979644576, 0.9999999989744031, 1.0000000051712041, 1.9999999979377197, 1.9999999979718914, 1.9999999979141985, 0.0, 1.9999999979160494, 1.9999999979609526]
[0.9999999989416464, 1.9999999979452028, 1.0000000050493758, 1.999999997933306, 1.9999999979255978, 1.9999999979285301, 1.9999999979300687, 1.9999999978794436, 0.9999999989416464, 1.0000000051329956, 1.9999999978062095, 1.9999999979304164, 1.9999999979442182, 1.9999999979318752, 1.9999999979141085, 1.999999997931701, 0.9999999989416464, 1.0000000051384474, 1.999999997904963, 1.9999999979391347, 1.9999999978814418, 1.9999999979160494, 0.0, 1.999999997928196]
[0.9999999989865496, 1.999999997990106, 1.000000005094279, 1.9999999979782093, 1.999999997970501, 1.9999999979734333, 1.9999999979749719, 1.9999999979243468, 0.9999999989865496, 1.0000000051778988, 1.9999999978511127, 1.9999999979753196, 1.9999999979891214, 1.9999999979767784, 1.9999999979590117, 1.999999997976604, 0.9999999989865496, 1.0000000051833506, 1.9999999979498662, 1.999999997984038, 1.999999997926345, 1.9999999979609526, 1.999999997928196, 0.0]
w vector is :
 [0.021657437755890907, 0.9964435686977614, 0.08847494199598649, 1.008340298644598, 1.0160486473489132, 1.0131163298905617, 1.011577692338357, 1.0622027793424365, 0.02593642813920069, 0.01761037234388385, 1.1354367686493125, 1.0112298919936447, 0.9974281471292464, 1.009771161727793, 1.0275377465366005, 1.0099455237980774, 0.002221685403684218, 0.008568126719361358, 1.036683493279825, 1.002511723095525, 1.0602046196726749, 1.0255969152673072, 1.058353694116566, 1.0134504980517454]p matrix is :
 [0.0, 0.0, 0.0, 0.0, 0.0, 0.0, 0.0, 0.0, 0.0, 0.0, 0.0, 0.0, 0.0, 0.0, 0.0, 0.0, 0.0, 0.0, 0.0, 0.0, 0.0, 0.0, 0.0, 0.0]
[0.0, 0.0, 0.0, 0.0, 0.0, 0.0, 0.0, 0.0, 0.0, 0.0, 0.0, 0.0, 0.0, 0.0, 0.0, 0.0, 0.0, 0.0, 0.0, 0.0, 0.0, 0.0, 0.0, 0.0]
[0.0, 0.0, 0.0, 0.0, 0.0, 0.0, 0.0, 0.0, 0.0, 0.0, 0.0, 0.0, 0.0, 0.0, 0.0, 0.0, 0.0, 0.0, 0.0, 0.0, 0.0, 0.0, 0.0, 0.0]
[0.0, 0.0, 0.0, 0.0, 0.0, 0.0, 0.0, 0.0, 0.0, 0.0, 0.0, 0.0, 0.0, 0.0, 0.0, 0.0, 0.0, 0.0, 0.0, 0.0, 0.0, 0.0, 0.0, 0.0]
[0.0, 0.0, 0.0, 0.0, 0.0, 0.0, 0.0, 0.0, 0.0, 0.0, 0.0, 0.0, 0.0, 0.0, 0.0, 0.0, 0.0, 0.0, 0.0, 0.0, 0.0, 0.0, 0.0, 0.0]
[0.0, 0.0, 0.0, 0.0, 0.0, 0.0, 0.0, 0.0, 0.0, 0.0, 0.0, 0.0, 0.0, 0.0, 0.0, 0.0, 0.0, 0.0, 0.0, 0.0, 0.0, 0.0, 0.0, 0.0]
[0.0, 0.0, 0.0, 0.0, 0.0, 0.0, 0.0, 0.0, 0.0, 0.0, 0.0, 0.0, 0.0, 0.0, 0.0, 0.0, 0.0, 0.0, 0.0, 0.0, 0.0, 0.0, 0.0, 0.0]
[0.0, 0.0, 0.0, 0.0, 0.0, 0.0, 0.0, 0.0, 0.0, 0.0, 0.0, 0.0, 0.0, 0.0, 0.0, 0.0, 0.0, 0.0, 0.0, 0.0, 0.0, 0.0, 0.0, 0.0]
[0.0, 0.0, 0.0, 0.0, 0.0, 0.0, 0.0, 0.0, 0.0, 0.0, 0.0, 0.0, 0.0, 0.0, 0.0, 0.0, 0.0, 0.0, 0.0, 0.0, 0.0, 0.0, 0.0, 0.0]
[0.0, 0.0, 0.0, 0.0, 0.0, 0.0, 0.0, 0.0, 0.0, 0.0, 0.0, 0.0, 0.0, 0.0, 0.0, 0.0, 0.0, 0.0, 0.0, 0.0, 0.0, 0.0, 0.0, 0.0]
[0.0, 0.0, 0.0, 0.0, 0.0, 0.0, 0.0, 0.0, 0.0, 0.0, 0.0, 0.0, 0.0, 0.0, 0.0, 0.0, 0.0, 0.0, 0.0, 0.0, 0.0, 0.0, 0.0, 0.0]
[0.0, 0.0, 0.0, 0.0, 0.0, 0.0, 0.0, 0.0, 0.0, 0.0, 0.0, 0.0, 0.0, 0.0, 0.0, 0.0, 0.0, 0.0, 0.0, 0.0, 0.0, 0.0, 0.0, 0.0]
[0.0, 0.0, 0.0, 0.0, 0.0, 0.0, 0.0, 0.0, 0.0, 0.0, 0.0, 0.0, 0.0, 0.0, 0.0, 0.0, 0.0, 0.0, 0.0, 0.0, 0.0, 0.0, 0.0, 0.0]
[0.0, 0.0, 0.0, 0.0, 0.0, 0.0, 0.0, 0.0, 0.0, 0.0, 0.0, 0.0, 0.0, 0.0, 0.0, 0.0, 0.0, 0.0, 0.0, 0.0, 0.0, 0.0, 0.0, 0.0]
[0.0, 0.0, 0.0, 0.0, 0.0, 0.0, 0.0, 0.0, 0.0, 0.0, 0.0, 0.0, 0.0, 0.0, 0.0, 0.0, 0.0, 0.0, 0.0, 0.0, 0.0, 0.0, 0.0, 0.0]
[0.0, 0.0, 0.0, 0.0, 0.0, 0.0, 0.0, 0.0, 0.0, 0.0, 0.0, 0.0, 0.0, 0.0, 0.0, 0.0, 0.0, 0.0, 0.0, 0.0, 0.0, 0.0, 0.0, 0.0]
[0.0, 0.0, 0.0, 0.0, 0.0, 0.0, 0.0, 0.0, 0.0, 0.0, 0.0, 0.0, 0.0, 0.0, 0.0, 0.0, 0.0, 0.0, 0.0, 0.0, 0.0, 0.0, 0.0, 0.0]
[0.0, 0.0, 0.0, 0.0, 0.0, 0.0, 0.0, 0.0, 0.0, 0.0, 0.0, 0.0, 0.0, 0.0, 0.0, 0.0, 0.0, 0.0, 0.0, 0.0, 0.0, 0.0, 0.0, 0.0]
[0.0, 0.0, 0.0, 0.0, 0.0, 0.0, 0.0, 0.0, 0.0, 0.0, 0.0, 0.0, 0.0, 0.0, 0.0, 0.0, 0.0, 0.0, 0.0, 0.0, 0.0, 0.0, 0.0, 0.0]
[0.0, 0.0, 0.0, 0.0, 0.0, 0.0, 0.0, 0.0, 0.0, 0.0, 0.0, 0.0, 0.0, 0.0, 0.0, 0.0, 0.0, 0.0, 0.0, 0.0, 0.0, 0.0, 0.0, 0.0]
[0.0, 0.0, 0.0, 0.0, 0.0, 0.0, 0.0, 0.0, 0.0, 0.0, 0.0, 0.0, 0.0, 0.0, 0.0, 0.0, 0.0, 0.0, 0.0, 0.0, 0.0, 0.0, 0.0, 0.0]
[0.0, 0.0, 0.0, 0.0, 0.0, 0.0, 0.0, 0.0, 0.0, 0.0, 0.0, 0.0, 0.0, 0.0, 0.0, 0.0, 0.0, 0.0, 0.0, 0.0, 0.0, 0.0, 0.0, 0.0]
[0.0, 0.0, 0.0, 0.0, 0.0, 0.0, 0.0, 0.0, 0.0, 0.0, 0.0, 0.0, 0.0, 0.0, 0.0, 0.0, 0.0, 0.0, 0.0, 0.0, 0.0, 0.0, 0.0, 0.0]
[0.0, 0.0, 0.0, 0.0, 0.0, 0.0, 0.0, 0.0, 0.0, 0.0, 0.0, 0.0, 0.0, 0.0, 0.0, 0.0, 0.0, 0.0, 0.0, 0.0, 0.0, 0.0, 0.0, 0.0]
