Academic license - for non-commercial use only
Academic license - for non-commercial use only
Optimize a model with 2835 rows, 1224 columns and 7368 nonzeros
Variable types: 1200 continuous, 24 integer (24 binary)
Coefficient statistics:
  Matrix range     [1e+00, 1e+09]
  Objective range  [1e+00, 1e+00]
  Bounds range     [0e+00, 0e+00]
  RHS range        [8e-03, 2e+00]
Warning: Model contains large matrix coefficients
         Consider reformulating model or setting NumericFocus parameter
         to avoid numerical issues.
Found heuristic solution: objective -0.0000000
Presolve removed 1980 rows and 900 columns
Presolve time: 0.02s
Presolved: 855 rows, 324 columns, 2556 nonzeros
Variable types: 300 continuous, 24 integer (24 binary)

Root relaxation: objective 1.858708e+01, 40 iterations, 0.00 seconds

    Nodes    |    Current Node    |     Objective Bounds      |     Work
 Expl Unexpl |  Obj  Depth IntInf | Incumbent    BestBd   Gap | It/Node Time

*    0     0               0      18.5870802   18.58708  0.00%     -    0s

Explored 0 nodes (58 simplex iterations) in 0.04 seconds
Thread count was 24 (of 24 available processors)

Solution count 2: 18.5871 -0 

Optimal solution found (tolerance 1.00e-04)
Best objective 1.858708020368e+01, best bound 1.858708020368e+01, gap 0.0000%
num_cluster is 3
card is 8
visit_m is 2
limits_ is [1, 1]
dim is 2
sum dis 91.55045687430452

dis_mat matrix is :
 [Inf, 0.1444345273359553, 0.1375044560731667, 0.04065768917660302, 0.21184246517374702, 0.08354495257844229, 0.09318877355439717, 0.22636464595905753, 0.1267119364464505, 0.19647027644997547, 0.1694545497636768, 0.08049649653524571, 0.18608536253567962, 0.22732188802362754, 0.12710267543388615, 0.38125577443202496, 0.1799672618534298, 0.2183339826309955, 0.07824501774525859, 0.18326768334011617, 0.1771774391622233, 0.12681908482217566, 0.16457937620691498, 0.02375846804323867]
[0.1444345273359553, Inf, 0.026541659603149994, 0.13290484600223348, 0.2715066533019047, 0.06240100172760419, 0.16225119865382565, 0.2970830440147149, 0.07043524739838829, 0.057150622505225235, 0.03285168739218696, 0.0640471500616457, 0.17048919099175552, 0.3021057576571823, 0.13239985680216876, 0.3269649269059862, 0.23636726938749056, 0.07496234660826907, 0.2074276325803253, 0.06643452052023577, 0.09460229500404257, 0.024533412049009162, 0.21915289746375527, 0.14259070321243747]
[0.1375044560731667, 0.026541659603149994, Inf, 0.11905986356525797, 0.24656845175145223, 0.06310093744531076, 0.14131579146617548, 0.27267880615154894, 0.09011041623402387, 0.07913119796393246, 0.032708133743070626, 0.061381724882098164, 0.14397043215030877, 0.2779790637797694, 0.10702249562047547, 0.30452615196772814, 0.21165875028262748, 0.09188796656847939, 0.19314722577300197, 0.05163502742057734, 0.07108004283484606, 0.012979277212562862, 0.19461382353455858, 0.13145381503574732]
[0.04065768917660302, 0.13290484600223348, 0.11905986356525797, Inf, 0.17861511432191085, 0.0813392297659353, 0.055778003027611815, 0.19628638520157185, 0.13627063714065632, 0.18909368694619624, 0.1517428291404683, 0.07508357011686044, 0.14562932333534404, 0.19842086921090213, 0.0869770149573852, 0.3410619841126967, 0.14503487698206532, 0.20773358387979948, 0.07455592880455904, 0.1580778073104715, 0.14496988217172327, 0.11103311174170759, 0.12868822981671393, 0.018798525571755573]
[0.21184246517374702, 0.2715066533019047, 0.24656845175145223, 0.17861511432191085, Inf, 0.2465530556793784, 0.12374304074720065, 0.02980497364230459, 0.3049578762518458, 0.3252258626583705, 0.2705557746883137, 0.23868793542010974, 0.12838755031426063, 0.038045100646604955, 0.13966614927231316, 0.25812379301489774, 0.03552201008640093, 0.33326871194827823, 0.15741221877581305, 0.25075345515381214, 0.2118387439638022, 0.2473881920900216, 0.053043036918241936, 0.18920395331925474]
[0.08354495257844229, 0.06240100172760419, 0.06310093744531076, 0.0813392297659353, 0.2465530556793784, Inf, 0.12543169391317588, 0.268401562186408, 0.05842556695851366, 0.1129440512430634, 0.09130169750404975, 0.007959541937484042, 0.17262789155638453, 0.2718847939535613, 0.11909113582364847, 0.35348386474655696, 0.21117911079595983, 0.1349825204572075, 0.15314096757705645, 0.11441011206736056, 0.124395593601303, 0.05034445711204488, 0.19370840861611197, 0.08603816860969454]
[0.09318877355439717, 0.16225119865382565, 0.14131579146617548, 0.055778003027611815, 0.12374304074720065, 0.12543169391317588, Inf, 0.143472002816087, 0.18359579542909207, 0.21916943411521822, 0.17146166958102652, 0.11784089753062285, 0.1062379296607397, 0.146591697275752, 0.05832804163729681, 0.3000326076774775, 0.08953127609223728, 0.2331489944391491, 0.07645563948464325, 0.16531664273075677, 0.13877363362604322, 0.1378679071107544, 0.07295954681452457, 0.06945598150729439]
[0.22636464595905753, 0.2970830440147149, 0.27267880615154894, 0.19628638520157185, 0.02980497364230459, 0.268401562186408, 0.143472002816087, Inf, 0.3267690932066486, 0.35165818772538865, 0.29772869941775143, 0.2606588961027246, 0.15814099820513547, 0.009035255829800455, 0.16638524621612127, 0.28042005971984635, 0.061356026018953604, 0.3606271804223443, 0.1642286312366072, 0.2791666080811342, 0.2407678004910075, 0.27274776051368727, 0.0780799328562231, 0.20479119798485787]
[0.1267119364464505, 0.07043524739838829, 0.09011041623402387, 0.13627063714065632, 0.3049578762518458, 0.05842556695851366, 0.18359579542909207, 0.3267690932066486, Inf, 0.09065007280645904, 0.10231914352834819, 0.06627016497855522, 0.22466152666037698, 0.3301563229581529, 0.17492389075437753, 0.3945681992856148, 0.2695607055879863, 0.11674945821129842, 0.20316761826682728, 0.13682229232698448, 0.16109688038411418, 0.07922785145980858, 0.2520764891893233, 0.13667943244093975]
[0.19647027644997547, 0.057150622505225235, 0.07913119796393246, 0.18909368694619624, 0.3252258626583705, 0.1129440512430634, 0.21916943411521822, 0.35165818772538865, 0.09065007280645904, Inf, 0.05710163618901536, 0.11673298398266868, 0.2157574193865223, 0.3570512117994612, 0.18556097336845698, 0.3489067169687743, 0.29051873920212007, 0.02618126141717352, 0.2633653775095563, 0.0899391702318032, 0.1298488909025245, 0.08131720193097491, 0.2735782801786753, 0.19743786735731883]
[0.1694545497636768, 0.03285168739218696, 0.032708133743070626, 0.1517428291404683, 0.2705557746883137, 0.09130169750404975, 0.17146166958102652, 0.29772869941775143, 0.10231914352834819, 0.05710163618901536, Inf, 0.09116311317061523, 0.15866179355408824, 0.3035418717998549, 0.1313874683317886, 0.300579933934252, 0.2363857061836187, 0.06300310406673067, 0.22571742990755944, 0.03725569995156838, 0.0736652291489496, 0.04266032333370139, 0.21982238263253567, 0.16410007012661448]
[0.08049649653524571, 0.0640471500616457, 0.061381724882098164, 0.07508357011686044, 0.23868793542010974, 0.007959541937484042, 0.11784089753062285, 0.2606588961027246, 0.06627016497855522, 0.11673298398266868, 0.09116311317061523, Inf, 0.16521053275544614, 0.26420359702880064, 0.11127406604867782, 0.3472639663060885, 0.20329760347340436, 0.13792094333897545, 0.1478005150998531, 0.11194660341913942, 0.11949431559364579, 0.04908708362715433, 0.1858196620104936, 0.08102982488523205]
[0.18608536253567962, 0.17048919099175552, 0.14397043215030877, 0.14562932333534404, 0.12838755031426063, 0.17262789155638453, 0.1062379296607397, 0.15814099820513547, 0.22466152666037698, 0.2157574193865223, 0.15866179355408824, 0.16521053275544614, Inf, 0.1659817725195705, 0.0593983220184579, 0.19571623264625915, 0.1020821795533342, 0.2178656634185174, 0.18178401108206976, 0.13084706526675316, 0.08936474659425558, 0.1500663266299739, 0.09178159541291389, 0.1640053098968265]
[0.22732188802362754, 0.3021057576571823, 0.2779790637797694, 0.19842086921090213, 0.038045100646604955, 0.2718847939535613, 0.146591697275752, 0.009035255829800455, 0.3301563229581529, 0.3570512117994612, 0.3035418717998549, 0.26420359702880064, 0.1659817725195705, Inf, 0.17215595490865876, 0.28926558321771745, 0.0675670325244481, 0.3665023334497146, 0.1630248239491342, 0.2857141252228816, 0.24769697720446052, 0.27769720678449383, 0.0837223231697466, 0.20617990063408217]
[0.12710267543388615, 0.13239985680216876, 0.10702249562047547, 0.0869770149573852, 0.13966614927231316, 0.11909113582364847, 0.05832804163729681, 0.16638524621612127, 0.17492389075437753, 0.18556097336845698, 0.1313874683317886, 0.11127406604867782, 0.0593983220184579, 0.17215595490865876, Inf, 0.25416122252310314, 0.1050842130893845, 0.19434918158924322, 0.13377210635313594, 0.11607028983292646, 0.08351137007371273, 0.10873745154088278, 0.08843507532206034, 0.10561936192410466]
[0.38125577443202496, 0.3269649269059862, 0.30452615196772814, 0.3410619841126967, 0.25812379301489774, 0.35348386474655696, 0.3000326076774775, 0.28042005971984635, 0.3945681992856148, 0.3489067169687743, 0.300579933934252, 0.3472639663060885, 0.19571623264625915, 0.28926558321771745, 0.25416122252310314, Inf, 0.25688151421774663, 0.3369319444533408, 0.3726535019035336, 0.2633315252389121, 0.23347345187769294, 0.31546182855681054, 0.25848754874097696, 0.35957773576661967]
[0.1799672618534298, 0.23636726938749056, 0.21165875028262748, 0.14503487698206532, 0.03552201008640093, 0.21117911079595983, 0.08953127609223728, 0.061356026018953604, 0.2695607055879863, 0.29051873920212007, 0.2363857061836187, 0.20329760347340436, 0.1020821795533342, 0.0675670325244481, 0.1050842130893845, 0.25688151421774663, Inf, 0.2992731186624515, 0.13300108387721754, 0.21815554944953588, 0.18041302574232135, 0.21216258553054992, 0.017524340356520708, 0.15681158395153813]
[0.2183339826309955, 0.07496234660826907, 0.09188796656847939, 0.20773358387979948, 0.33326871194827823, 0.1349825204572075, 0.2331489944391491, 0.3606271804223443, 0.11674945821129842, 0.02618126141717352, 0.06300310406673067, 0.13792094333897545, 0.2178656634185174, 0.3665023334497146, 0.19434918158924322, 0.3369319444533408, 0.2992731186624515, Inf, 0.2822865859054445, 0.08753563461818016, 0.12917222319330807, 0.09719665162821498, 0.28278001043460765, 0.21750883095131412]
[0.07824501774525859, 0.2074276325803253, 0.19314722577300197, 0.07455592880455904, 0.15741221877581305, 0.15314096757705645, 0.07645563948464325, 0.1642286312366072, 0.20316761826682728, 0.2633653775095563, 0.22571742990755944, 0.1478005150998531, 0.18178401108206976, 0.1630248239491342, 0.13377210635313594, 0.3726535019035336, 0.13300108387721754, 0.2822865859054445, Inf, 0.22879484050949417, 0.2091731491440713, 0.18552336840820027, 0.12261763253380306, 0.06724348486318359]
[0.18326768334011617, 0.06643452052023577, 0.05163502742057734, 0.1580778073104715, 0.25075345515381214, 0.11441011206736056, 0.16531664273075677, 0.2791666080811342, 0.13682229232698448, 0.0899391702318032, 0.03725569995156838, 0.11194660341913942, 0.13084706526675316, 0.2857141252228816, 0.11607028983292646, 0.2633315252389121, 0.21815554944953588, 0.08753563461818016, 0.22879484050949417, Inf, 0.04168551770634865, 0.06461329116396818, 0.20263235014748082, 0.1732945498310295]
[0.1771774391622233, 0.09460229500404257, 0.07108004283484606, 0.14496988217172327, 0.2118387439638022, 0.124395593601303, 0.13877363362604322, 0.2407678004910075, 0.16109688038411418, 0.1298488909025245, 0.0736652291489496, 0.11949431559364579, 0.08936474659425558, 0.24769697720446052, 0.08351137007371273, 0.23347345187769294, 0.18041302574232135, 0.12917222319330807, 0.2091731491440713, 0.04168551770634865, Inf, 0.08209157118668124, 0.16575454104723147, 0.1624525954500204]
[0.12681908482217566, 0.024533412049009162, 0.012979277212562862, 0.11103311174170759, 0.2473881920900216, 0.05034445711204488, 0.1378679071107544, 0.27274776051368727, 0.07922785145980858, 0.08131720193097491, 0.04266032333370139, 0.04908708362715433, 0.1500663266299739, 0.27769720678449383, 0.10873745154088278, 0.31546182855681054, 0.21216258553054992, 0.09719665162821498, 0.18552336840820027, 0.06461329116396818, 0.08209157118668124, Inf, 0.19489257060178788, 0.12225299302388644]
[0.16457937620691498, 0.21915289746375527, 0.19461382353455858, 0.12868822981671393, 0.053043036918241936, 0.19370840861611197, 0.07295954681452457, 0.0780799328562231, 0.2520764891893233, 0.2735782801786753, 0.21982238263253567, 0.1858196620104936, 0.09178159541291389, 0.0837223231697466, 0.08843507532206034, 0.25848754874097696, 0.017524340356520708, 0.28278001043460765, 0.12261763253380306, 0.20263235014748082, 0.16575454104723147, 0.19489257060178788, Inf, 0.14118279226488079]
[0.02375846804323867, 0.14259070321243747, 0.13145381503574732, 0.018798525571755573, 0.18920395331925474, 0.08603816860969454, 0.06945598150729439, 0.20479119798485787, 0.13667943244093975, 0.19743786735731883, 0.16410007012661448, 0.08102982488523205, 0.1640053098968265, 0.20617990063408217, 0.10561936192410466, 0.35957773576661967, 0.15681158395153813, 0.21750883095131412, 0.06724348486318359, 0.1732945498310295, 0.1624525954500204, 0.12225299302388644, 0.14118279226488079, Inf]
data points matrix is :
 [0.45459445309136787, 0.3838108228671067]
[0.4652226733555641, 0.5278537804206662]
[0.48937326981261475, 0.5168443124381442]
[0.49275776621166395, 0.39783256387396815]
[0.6620277166943038, 0.34081464627051716]
[0.4503607452857844, 0.46724843320891307]
[0.5476835626945615, 0.38811955700340595]
[0.6692309069966512, 0.3118931922391819]
[0.4011120504922035, 0.4986826969278628]
[0.4414896457831014, 0.579843558790837]
[0.4898920841722475, 0.5495483312220006]
[0.4577323474440232, 0.46424613584269225]
[0.6229389532848197, 0.4631070485317132]
[0.6671096193147058, 0.30311048272102237]
[0.5669902019238784, 0.4431596707652]
[0.7900778088246487, 0.5649375286939947]
[0.6331783619746449, 0.36153970194807]
[0.4552064640139459, 0.6021439477340002]
[0.5054768743637857, 0.32436957450023585]
[0.5270572243811875, 0.5521443921094072]
[0.559813206855756, 0.5263620726138291]
[0.47977770146782334, 0.5081043636338897]
[0.6187069593497478, 0.37142307237517136]
[0.47826432109460637, 0.3858607381021492]




 AdNNnew 
obj val AdNNnew 18.587080203681996
x vector is :
 [0.9999999952002521, 1.0, 9.95808247221493e-10, 1.017848867334711e-9, 1.0294074032001472e-9, 1.0000574659586636e-9, 1.0062284652715068e-9, 1.0003975584123524e-9, 1.0, 0.9999999949601549, 1.0254892933129503e-9, 1.0079020639708603e-9, 9.936545744890631e-10, 1.0086376854084128e-9, 1.0520995643074618e-9, 1.2020616459614799e-9, 1.0, 0.999999995117233, 1.0554361958657795e-9, 1.0102737119819234e-9, 1.0314117936827398e-9, 1.0171710140838286e-9, 1.0175243343389962e-9, 1.000949646218246e-9]y vector is :
 [0.022808821873791074, 0.007362388053747448, 0.9958082522214929, 1.017848872334711, 1.0294074082001472, 1.0000574709586636, 1.0062284702715067, 1.0003975634123523, 0.05836809499979281, 0.02618127383978508, 1.0254892983129502, 1.0079020689708602, 0.9936545794890631, 1.0086376904084127, 1.0520995693074617, 1.2020616509614799, 0.0, 0.0, 1.0554362008657794, 1.0102737169819234, 1.0314117986827398, 1.0171710229780906, 1.017524339338996, 1.000949651218246]z matrix is :
 [0.0, 6.049748146885747e-9, 1.00000000505394, 1.0000000050318993, 1.0000000050203406, 1.0000000050496909, 1.0000000050435198, 1.0000000050493507, 6.049748146885747e-9, 1.2339593014054628e-8, 1.0000000050242588, 1.000000005041846, 1.0000000050560938, 1.0000000050411106, 1.0000000049976485, 1.0000000048476867, 6.049748146885747e-9, 1.2182514885772378e-8, 1.000000004994312, 1.0000000050394746, 1.0000000050183364, 1.000000005032577, 1.000000005032224, 1.0000000050487987]
[6.049748146885747e-9, 0.0, 0.9999999990041917, 0.9999999989821511, 0.9999999989705926, 0.9999999989999426, 0.9999999989937716, 0.9999999989996025, 0.0, 6.289844867168881e-9, 0.9999999989745108, 0.999999998992098, 0.9999999990063455, 0.9999999989913624, 0.9999999989479005, 0.9999999987979384, 0.0, 6.13276673888663e-9, 0.9999999989445638, 0.9999999989897264, 0.9999999989685882, 0.999999998982829, 0.9999999989824757, 0.9999999989990505]
[1.00000000505394, 0.9999999990041917, 0.0, 1.9999999979863428, 1.9999999979747842, 1.9999999980041343, 1.9999999979979632, 1.9999999980037941, 0.9999999990041918, 1.0000000052940365, 1.9999999979787024, 1.9999999979962897, 1.9999999980105372, 1.999999997995554, 1.9999999979520922, 1.9999999978021301, 0.9999999990041918, 1.0000000051369584, 1.9999999979487555, 1.999999997993918, 1.9999999979727798, 1.9999999979870207, 1.9999999979866674, 1.9999999980032421]
[1.0000000050318993, 0.9999999989821511, 1.9999999979863428, 0.0, 1.9999999979527436, 1.9999999979820937, 1.9999999979759226, 1.9999999979817535, 0.9999999989821511, 1.000000005271996, 1.9999999979566618, 1.999999997974249, 1.9999999979884966, 1.9999999979735135, 1.9999999979300516, 1.9999999977800895, 0.9999999989821511, 1.0000000051149178, 1.999999997926715, 1.9999999979718774, 1.9999999979507392, 1.99999999796498, 1.9999999979646268, 1.9999999979812015]
[1.0000000050203406, 0.9999999989705926, 1.9999999979747842, 1.9999999979527436, 0.0, 1.9999999979705352, 1.9999999979643641, 1.999999997970195, 0.9999999989705926, 1.0000000052604374, 1.9999999979451033, 1.9999999979626906, 1.999999997976938, 1.999999997961955, 1.999999997918493, 1.999999997768531, 0.9999999989705926, 1.0000000051033593, 1.9999999979151564, 1.999999997960319, 1.9999999979391807, 1.9999999979534215, 1.9999999979530683, 1.999999997969643]
[1.0000000050496909, 0.9999999989999426, 1.9999999980041343, 1.9999999979820937, 1.9999999979705352, 0.0, 1.9999999979937142, 1.999999997999545, 0.9999999989999425, 1.0000000052897875, 1.9999999979744534, 1.9999999979920406, 1.9999999980062881, 1.999999997991305, 1.9999999979478431, 1.999999997797881, 0.9999999989999425, 1.0000000051327094, 1.9999999979445064, 1.999999997989669, 1.9999999979685308, 1.9999999979827716, 1.9999999979824183, 1.999999997998993]
[1.0000000050435198, 0.9999999989937716, 1.9999999979979632, 1.9999999979759226, 1.9999999979643641, 1.9999999979937142, 0.0, 1.999999997993374, 0.9999999989937716, 1.0000000052836164, 1.9999999979682823, 1.9999999979858696, 1.999999998000117, 1.999999997985134, 1.999999997941672, 1.99999999779171, 0.9999999989937716, 1.0000000051265383, 1.9999999979383354, 1.999999997983498, 1.9999999979623597, 1.9999999979766006, 1.9999999979762473, 1.999999997992822]
[1.0000000050493507, 0.9999999989996025, 1.9999999980037941, 1.9999999979817535, 1.999999997970195, 1.999999997999545, 1.999999997993374, 0.0, 0.9999999989996025, 1.0000000052894473, 1.9999999979741132, 1.9999999979917005, 1.999999998005948, 1.9999999979909648, 1.999999997947503, 1.999999997797541, 0.9999999989996025, 1.0000000051323692, 1.9999999979441663, 1.9999999979893288, 1.9999999979681906, 1.9999999979824314, 1.9999999979820782, 1.999999997998653]
[6.049748146885747e-9, 0.0, 0.9999999990041918, 0.9999999989821511, 0.9999999989705926, 0.9999999989999425, 0.9999999989937716, 0.9999999989996025, 0.0, 6.289844867168881e-9, 0.9999999989745108, 0.999999998992098, 0.9999999990063455, 0.9999999989913624, 0.9999999989479005, 0.9999999987979384, 0.0, 6.13276673888663e-9, 0.9999999989445638, 0.9999999989897264, 0.9999999989685882, 0.999999998982829, 0.9999999989824757, 0.9999999989990505]
[1.2339593014054628e-8, 6.289844867168881e-9, 1.0000000052940365, 1.000000005271996, 1.0000000052604374, 1.0000000052897875, 1.0000000052836164, 1.0000000052894473, 6.289844867168881e-9, 0.0, 1.0000000052643556, 1.0000000052819429, 1.0000000052961904, 1.0000000052812072, 1.0000000052377453, 1.0000000050877833, 6.289844867168881e-9, 1.2422611606055511e-8, 1.0000000052344087, 1.0000000052795712, 1.000000005258433, 1.0000000052726739, 1.0000000052723206, 1.0000000052888953]
[1.0000000050242588, 0.9999999989745108, 1.9999999979787024, 1.9999999979566618, 1.9999999979451033, 1.9999999979744534, 1.9999999979682823, 1.9999999979741132, 0.9999999989745108, 1.0000000052643556, 0.0, 1.9999999979666088, 1.9999999979808563, 1.9999999979658731, 1.9999999979224112, 1.9999999977724492, 0.9999999989745108, 1.0000000051072775, 1.9999999979190746, 1.999999997964237, 1.999999997943099, 1.9999999979573397, 1.9999999979569865, 1.9999999979735612]
[1.000000005041846, 0.999999998992098, 1.9999999979962897, 1.999999997974249, 1.9999999979626906, 1.9999999979920406, 1.9999999979858696, 1.9999999979917005, 0.999999998992098, 1.0000000052819429, 1.9999999979666088, 0.0, 1.9999999979984435, 1.9999999979834604, 1.9999999979399985, 1.9999999977900365, 0.9999999989920979, 1.0000000051248648, 1.9999999979366618, 1.9999999979818244, 1.9999999979606862, 1.999999997974927, 1.9999999979745737, 1.9999999979911485]
[1.0000000050560938, 0.9999999990063455, 1.9999999980105372, 1.9999999979884966, 1.999999997976938, 1.9999999980062881, 1.999999998000117, 1.999999998005948, 0.9999999990063455, 1.0000000052961904, 1.9999999979808563, 1.9999999979984435, 0.0, 1.999999997997708, 1.999999997954246, 1.999999997804284, 0.9999999990063454, 1.0000000051391122, 1.9999999979509093, 1.9999999979960719, 1.9999999979749337, 1.9999999979891745, 1.9999999979888212, 1.999999998005396]
[1.0000000050411106, 0.9999999989913624, 1.999999997995554, 1.9999999979735135, 1.999999997961955, 1.999999997991305, 1.999999997985134, 1.9999999979909648, 0.9999999989913624, 1.0000000052812072, 1.9999999979658731, 1.9999999979834604, 1.999999997997708, 0.0, 1.9999999979392629, 1.9999999977893008, 0.9999999989913623, 1.0000000051241291, 1.9999999979359262, 1.9999999979810887, 1.9999999979599505, 1.9999999979741914, 1.999999997973838, 1.9999999979904128]
[1.0000000049976485, 0.9999999989479005, 1.9999999979520922, 1.9999999979300516, 1.999999997918493, 1.9999999979478431, 1.999999997941672, 1.999999997947503, 0.9999999989479005, 1.0000000052377453, 1.9999999979224112, 1.9999999979399985, 1.999999997954246, 1.9999999979392629, 0.0, 1.999999997745839, 0.9999999989479005, 1.0000000050806672, 1.9999999978924643, 1.9999999979376268, 1.9999999979164886, 1.9999999979307295, 1.9999999979303762, 1.999999997946951]
[1.0000000048476867, 0.9999999987979384, 1.9999999978021301, 1.9999999977800895, 1.999999997768531, 1.999999997797881, 1.99999999779171, 1.999999997797541, 0.9999999987979384, 1.0000000050877833, 1.9999999977724492, 1.9999999977900365, 1.999999997804284, 1.9999999977893008, 1.999999997745839, 0.0, 0.9999999987979383, 1.0000000049307052, 1.9999999977425023, 1.9999999977876648, 1.9999999977665266, 1.9999999977807674, 1.9999999977804142, 1.999999997796989]
[6.049748146885747e-9, 0.0, 0.9999999990041918, 0.9999999989821511, 0.9999999989705926, 0.9999999989999425, 0.9999999989937716, 0.9999999989996025, 0.0, 6.289844867168881e-9, 0.9999999989745108, 0.9999999989920979, 0.9999999990063454, 0.9999999989913623, 0.9999999989479005, 0.9999999987979383, 0.0, 6.13276673888663e-9, 0.9999999989445638, 0.9999999989897264, 0.9999999989685882, 0.999999998982829, 0.9999999989824757, 0.9999999989990505]
[1.2182514885772378e-8, 6.13276673888663e-9, 1.0000000051369584, 1.0000000051149178, 1.0000000051033593, 1.0000000051327094, 1.0000000051265383, 1.0000000051323692, 6.13276673888663e-9, 1.2422611606055511e-8, 1.0000000051072775, 1.0000000051248648, 1.0000000051391122, 1.0000000051241291, 1.0000000050806672, 1.0000000049307052, 6.13276673888663e-9, 0.0, 1.0000000050773306, 1.000000005122493, 1.000000005101355, 1.0000000051155957, 1.0000000051152425, 1.0000000051318172]
[1.000000004994312, 0.9999999989445638, 1.9999999979487555, 1.999999997926715, 1.9999999979151564, 1.9999999979445064, 1.9999999979383354, 1.9999999979441663, 0.9999999989445638, 1.0000000052344087, 1.9999999979190746, 1.9999999979366618, 1.9999999979509093, 1.9999999979359262, 1.9999999978924643, 1.9999999977425023, 0.9999999989445638, 1.0000000050773306, 0.0, 1.9999999979342902, 1.999999997913152, 1.9999999979273928, 1.9999999979270395, 1.9999999979436143]
[1.0000000050394746, 0.9999999989897264, 1.999999997993918, 1.9999999979718774, 1.999999997960319, 1.999999997989669, 1.999999997983498, 1.9999999979893288, 0.9999999989897264, 1.0000000052795712, 1.999999997964237, 1.9999999979818244, 1.9999999979960719, 1.9999999979810887, 1.9999999979376268, 1.9999999977876648, 0.9999999989897264, 1.000000005122493, 1.9999999979342902, 0.0, 1.9999999979583145, 1.9999999979725553, 1.999999997972202, 1.9999999979887768]
[1.0000000050183364, 0.9999999989685882, 1.9999999979727798, 1.9999999979507392, 1.9999999979391807, 1.9999999979685308, 1.9999999979623597, 1.9999999979681906, 0.9999999989685882, 1.000000005258433, 1.999999997943099, 1.9999999979606862, 1.9999999979749337, 1.9999999979599505, 1.9999999979164886, 1.9999999977665266, 0.9999999989685882, 1.000000005101355, 1.999999997913152, 1.9999999979583145, 0.0, 1.9999999979514171, 1.9999999979510639, 1.9999999979676386]
[1.000000005032577, 0.999999998982829, 1.9999999979870207, 1.99999999796498, 1.9999999979534215, 1.9999999979827716, 1.9999999979766006, 1.9999999979824314, 0.999999998982829, 1.0000000052726739, 1.9999999979573397, 1.999999997974927, 1.9999999979891745, 1.9999999979741914, 1.9999999979307295, 1.9999999977807674, 0.999999998982829, 1.0000000051155957, 1.9999999979273928, 1.9999999979725553, 1.9999999979514171, 0.0, 1.9999999979653047, 1.9999999979818794]
[1.000000005032224, 0.9999999989824757, 1.9999999979866674, 1.9999999979646268, 1.9999999979530683, 1.9999999979824183, 1.9999999979762473, 1.9999999979820782, 0.9999999989824757, 1.0000000052723206, 1.9999999979569865, 1.9999999979745737, 1.9999999979888212, 1.999999997973838, 1.9999999979303762, 1.9999999977804142, 0.9999999989824757, 1.0000000051152425, 1.9999999979270395, 1.999999997972202, 1.9999999979510639, 1.9999999979653047, 0.0, 1.9999999979815262]
[1.0000000050487987, 0.9999999989990505, 1.9999999980032421, 1.9999999979812015, 1.999999997969643, 1.999999997998993, 1.999999997992822, 1.999999997998653, 0.9999999989990505, 1.0000000052888953, 1.9999999979735612, 1.9999999979911485, 1.999999998005396, 1.9999999979904128, 1.999999997946951, 1.999999997796989, 0.9999999989990505, 1.0000000051318172, 1.9999999979436143, 1.9999999979887768, 1.9999999979676386, 1.9999999979818794, 1.9999999979815262, 0.0]
w vector is :
 [0.022808821873791074, 0.007362388053747448, 0.9958082522214929, 1.017848872334711, 1.0294074082001472, 1.0000574709586636, 1.0062284702715067, 1.0003975634123523, 0.05836809499979281, 0.02618127383978508, 1.0254892983129502, 1.0079020689708602, 0.9936545794890631, 1.0086376904084127, 1.0520995693074617, 1.2020616509614799, 0.0, 0.0, 1.0554362008657794, 1.0102737169819234, 1.0314117986827398, 1.0171710229780906, 1.017524339338996, 1.000949651218246]p matrix is :
 [0.0, 0.0, 0.0, 0.0, 0.0, 0.0, 0.0, 0.0, 0.0, 0.0, 0.0, 0.0, 0.0, 0.0, 0.0, 0.0, 0.0, 0.0, 0.0, 0.0, 0.0, 0.0, 0.0, 0.0]
[0.0, 0.0, 0.0, 0.0, 0.0, 0.0, 0.0, 0.0, 0.0, 0.0, 0.0, 0.0, 0.0, 0.0, 0.0, 0.0, 0.0, 0.0, 0.0, 0.0, 0.0, 0.0, 0.0, 0.0]
[0.0, 0.0, 0.0, 0.0, 0.0, 0.0, 0.0, 0.0, 0.0, 0.0, 0.0, 0.0, 0.0, 0.0, 0.0, 0.0, 0.0, 0.0, 0.0, 0.0, 0.0, 0.0, 0.0, 0.0]
[0.0, 0.0, 0.0, 0.0, 0.0, 0.0, 0.0, 0.0, 0.0, 0.0, 0.0, 0.0, 0.0, 0.0, 0.0, 0.0, 0.0, 0.0, 0.0, 0.0, 0.0, 0.0, 0.0, 0.0]
[0.0, 0.0, 0.0, 0.0, 0.0, 0.0, 0.0, 0.0, 0.0, 0.0, 0.0, 0.0, 0.0, 0.0, 0.0, 0.0, 0.0, 0.0, 0.0, 0.0, 0.0, 0.0, 0.0, 0.0]
[0.0, 0.0, 0.0, 0.0, 0.0, 0.0, 0.0, 0.0, 0.0, 0.0, 0.0, 0.0, 0.0, 0.0, 0.0, 0.0, 0.0, 0.0, 0.0, 0.0, 0.0, 0.0, 0.0, 0.0]
[0.0, 0.0, 0.0, 0.0, 0.0, 0.0, 0.0, 0.0, 0.0, 0.0, 0.0, 0.0, 0.0, 0.0, 0.0, 0.0, 0.0, 0.0, 0.0, 0.0, 0.0, 0.0, 0.0, 0.0]
[0.0, 0.0, 0.0, 0.0, 0.0, 0.0, 0.0, 0.0, 0.0, 0.0, 0.0, 0.0, 0.0, 0.0, 0.0, 0.0, 0.0, 0.0, 0.0, 0.0, 0.0, 0.0, 0.0, 0.0]
[0.0, 0.0, 0.0, 0.0, 0.0, 0.0, 0.0, 0.0, 0.0, 0.0, 0.0, 0.0, 0.0, 0.0, 0.0, 0.0, 0.0, 0.0, 0.0, 0.0, 0.0, 0.0, 0.0, 0.0]
[0.0, 0.0, 0.0, 0.0, 0.0, 0.0, 0.0, 0.0, 0.0, 0.0, 0.0, 0.0, 0.0, 0.0, 0.0, 0.0, 0.0, 0.0, 0.0, 0.0, 0.0, 0.0, 0.0, 0.0]
[0.0, 0.0, 0.0, 0.0, 0.0, 0.0, 0.0, 0.0, 0.0, 0.0, 0.0, 0.0, 0.0, 0.0, 0.0, 0.0, 0.0, 0.0, 0.0, 0.0, 0.0, 0.0, 0.0, 0.0]
[0.0, 0.0, 0.0, 0.0, 0.0, 0.0, 0.0, 0.0, 0.0, 0.0, 0.0, 0.0, 0.0, 0.0, 0.0, 0.0, 0.0, 0.0, 0.0, 0.0, 0.0, 0.0, 0.0, 0.0]
[0.0, 0.0, 0.0, 0.0, 0.0, 0.0, 0.0, 0.0, 0.0, 0.0, 0.0, 0.0, 0.0, 0.0, 0.0, 0.0, 0.0, 0.0, 0.0, 0.0, 0.0, 0.0, 0.0, 0.0]
[0.0, 0.0, 0.0, 0.0, 0.0, 0.0, 0.0, 0.0, 0.0, 0.0, 0.0, 0.0, 0.0, 0.0, 0.0, 0.0, 0.0, 0.0, 0.0, 0.0, 0.0, 0.0, 0.0, 0.0]
[0.0, 0.0, 0.0, 0.0, 0.0, 0.0, 0.0, 0.0, 0.0, 0.0, 0.0, 0.0, 0.0, 0.0, 0.0, 0.0, 0.0, 0.0, 0.0, 0.0, 0.0, 0.0, 0.0, 0.0]
[0.0, 0.0, 0.0, 0.0, 0.0, 0.0, 0.0, 0.0, 0.0, 0.0, 0.0, 0.0, 0.0, 0.0, 0.0, 0.0, 0.0, 0.0, 0.0, 0.0, 0.0, 0.0, 0.0, 0.0]
[0.0, 0.0, 0.0, 0.0, 0.0, 0.0, 0.0, 0.0, 0.0, 0.0, 0.0, 0.0, 0.0, 0.0, 0.0, 0.0, 0.0, 0.0, 0.0, 0.0, 0.0, 0.0, 0.0, 0.0]
[0.0, 0.0, 0.0, 0.0, 0.0, 0.0, 0.0, 0.0, 0.0, 0.0, 0.0, 0.0, 0.0, 0.0, 0.0, 0.0, 0.0, 0.0, 0.0, 0.0, 0.0, 0.0, 0.0, 0.0]
[0.0, 0.0, 0.0, 0.0, 0.0, 0.0, 0.0, 0.0, 0.0, 0.0, 0.0, 0.0, 0.0, 0.0, 0.0, 0.0, 0.0, 0.0, 0.0, 0.0, 0.0, 0.0, 0.0, 0.0]
[0.0, 0.0, 0.0, 0.0, 0.0, 0.0, 0.0, 0.0, 0.0, 0.0, 0.0, 0.0, 0.0, 0.0, 0.0, 0.0, 0.0, 0.0, 0.0, 0.0, 0.0, 0.0, 0.0, 0.0]
[0.0, 0.0, 0.0, 0.0, 0.0, 0.0, 0.0, 0.0, 0.0, 0.0, 0.0, 0.0, 0.0, 0.0, 0.0, 0.0, 0.0, 0.0, 0.0, 0.0, 0.0, 0.0, 0.0, 0.0]
[0.0, 0.0, 0.0, 0.0, 0.0, 0.0, 0.0, 0.0, 0.0, 0.0, 0.0, 0.0, 0.0, 0.0, 0.0, 0.0, 0.0, 0.0, 0.0, 0.0, 0.0, 0.0, 0.0, 0.0]
[0.0, 0.0, 0.0, 0.0, 0.0, 0.0, 0.0, 0.0, 0.0, 0.0, 0.0, 0.0, 0.0, 0.0, 0.0, 0.0, 0.0, 0.0, 0.0, 0.0, 0.0, 0.0, 0.0, 0.0]
[0.0, 0.0, 0.0, 0.0, 0.0, 0.0, 0.0, 0.0, 0.0, 0.0, 0.0, 0.0, 0.0, 0.0, 0.0, 0.0, 0.0, 0.0, 0.0, 0.0, 0.0, 0.0, 0.0, 0.0]
