Academic license - for non-commercial use only
Academic license - for non-commercial use only
Optimize a model with 2835 rows, 1224 columns and 7368 nonzeros
Variable types: 1200 continuous, 24 integer (24 binary)
Coefficient statistics:
  Matrix range     [1e+00, 1e+09]
  Objective range  [1e+00, 1e+00]
  Bounds range     [0e+00, 0e+00]
  RHS range        [2e-03, 2e+00]
Warning: Model contains large matrix coefficients
         Consider reformulating model or setting NumericFocus parameter
         to avoid numerical issues.
Found heuristic solution: objective -0.0000000
Presolve removed 1980 rows and 900 columns
Presolve time: 0.02s
Presolved: 855 rows, 324 columns, 2556 nonzeros
Variable types: 300 continuous, 24 integer (24 binary)

Root relaxation: objective 1.848972e+01, 39 iterations, 0.00 seconds

    Nodes    |    Current Node    |     Objective Bounds      |     Work
 Expl Unexpl |  Obj  Depth IntInf | Incumbent    BestBd   Gap | It/Node Time

*    0     0               0      18.4897197   18.48972  0.00%     -    0s

Explored 0 nodes (57 simplex iterations) in 0.03 seconds
Thread count was 24 (of 24 available processors)

Solution count 2: 18.4897 -0 

Optimal solution found (tolerance 1.00e-04)
Best objective 1.848971966046e+01, best bound 1.848971966046e+01, gap 0.0000%
num_cluster is 3
card is 8
visit_m is 2
limits_ is [1, 1]
dim is 2
sum dis 77.50984311224737

dis_mat matrix is :
 [Inf, 0.09220137661329007, 0.18571078653442052, 0.1860770035832278, 0.3169156937042411, 0.30642526191885006, 0.28591667873825494, 0.11283096743687027, 0.15381268749952998, 0.18614805390358982, 0.19295558227420082, 0.2679289785908046, 0.24248460219747212, 0.17259006881402605, 0.10300976053493822, 0.18621967933995964, 0.2718655453837164, 0.23065728144658554, 0.052575135628645436, 0.1762259892411624, 0.286564773053657, 0.15336260179865752, 0.2797989224840999, 0.18607881786538694]
[0.09220137661329007, Inf, 0.172730186194914, 0.10864164162651546, 0.22543709647308363, 0.22514151430561377, 0.2949152924967147, 0.051058582006360646, 0.10584048792300257, 0.10806467402519931, 0.15818422797021695, 0.18319528649135752, 0.22410665184110498, 0.11720617747202298, 0.043556508264901844, 0.14287994546871202, 0.1986497935587362, 0.205241819777452, 0.12016548491078684, 0.09067685098051168, 0.22207421915329142, 0.070739515052977, 0.19949439319172746, 0.11823274705511089]
[0.18571078653442052, 0.172730186194914, Inf, 0.13720888087801805, 0.2801981756427721, 0.214499631494007, 0.12587102271863831, 0.12474979510311526, 0.07993942390029886, 0.13897338105861928, 0.0434911400582826, 0.20067997940659577, 0.05677609712487602, 0.08729008399800779, 0.129805468955705, 0.06117884029576175, 0.16457639182128417, 0.048199602021607155, 0.1505754393551295, 0.15901205169057192, 0.15282651188418653, 0.14684260745759925, 0.19182387796884848, 0.11354174490930957]
[0.1860770035832278, 0.10864164162651546, 0.13720888087801805, Inf, 0.15140150529316906, 0.12035559734444279, 0.25880482685661244, 0.07349157184100266, 0.06265268219581187, 0.0018751836275929827, 0.09930197248209485, 0.0842642883183547, 0.16706880817364633, 0.04994335364523639, 0.08309613903137972, 0.07861075027989524, 0.09001830851347388, 0.1436750341506929, 0.18891481009383934, 0.02926737892669278, 0.11615270002282135, 0.038528575608036957, 0.09372922063863433, 0.025152735683682884]
[0.3169156937042411, 0.22543709647308363, 0.2801981756427721, 0.15140150529316906, Inf, 0.09661896430664903, 0.3897848998200649, 0.2148156424269047, 0.2133965966349402, 0.1501455336102943, 0.23748118169388732, 0.08180914644543417, 0.2930852714606875, 0.19740841712635462, 0.2220281631385571, 0.2190700729642456, 0.13481138751431482, 0.2702541553133415, 0.3327649268274103, 0.1458364018455963, 0.17157518400307298, 0.16906148432000417, 0.10192346863178929, 0.16992558294284815]
[0.30642526191885006, 0.22514151430561377, 0.214499631494007, 0.12035559734444279, 0.09661896430664903, Inf, 0.3084981475263949, 0.19379136628779695, 0.16794738053659647, 0.12028201436786538, 0.1713760323487793, 0.045415194748508525, 0.2130346201995757, 0.1479122679028184, 0.20345100662970986, 0.15776439751748383, 0.05033624965135742, 0.1922312209921675, 0.3066591066882012, 0.13458477026149168, 0.07893205477104717, 0.15507685729995327, 0.026809808857122083, 0.12494984910633963]
[0.28591667873825494, 0.2949152924967147, 0.12587102271863831, 0.25880482685661244, 0.3897848998200649, 0.3084981475263949, Inf, 0.2493745766561094, 0.20546913768023087, 0.2606516445063815, 0.15951104700306418, 0.3079837124673803, 0.09671821361408928, 0.2100650795688247, 0.25336478012731223, 0.1801947025478331, 0.25953903041278364, 0.11964413162621267, 0.23826841048191835, 0.28304126540123087, 0.2321590683051607, 0.2723894958507626, 0.2916147239060888, 0.23392483628917046]
[0.11283096743687027, 0.051058582006360646, 0.12474979510311526, 0.07349157184100266, 0.2148156424269047, 0.19379136628779695, 0.2493745766561094, Inf, 0.05482879133449726, 0.0736958737976114, 0.10720445688478882, 0.1567619992799619, 0.17401460974030047, 0.06765075408138456, 0.010201639364900974, 0.09191002132378659, 0.15964855703828013, 0.15455754772896843, 0.11821810948195573, 0.06901560048155647, 0.17783331961038945, 0.04578029702438313, 0.16709247595929483, 0.07449850708058092]
[0.15381268749952998, 0.10584048792300257, 0.07993942390029886, 0.06265268219581187, 0.2133965966349402, 0.16794738053659647, 0.20546913768023087, 0.05482879133449726, Inf, 0.0641444649106241, 0.053272801980543495, 0.14072658883621944, 0.12228656733877076, 0.020445798801623026, 0.06343709340157169, 0.03709444399823103, 0.12474807913513468, 0.10139630013211764, 0.14155556497371008, 0.08005452418541555, 0.13346984712249252, 0.06693957916160481, 0.14167721904985253, 0.04474858909715684]
[0.18614805390358982, 0.10806467402519931, 0.13897338105861928, 0.0018751836275929827, 0.1501455336102943, 0.12028201436786538, 0.2606516445063815, 0.0736958737976114, 0.0641444649106241, Inf, 0.10115224783936594, 0.08369041261284046, 0.16894330132460514, 0.05169436734663313, 0.08321558480223094, 0.08045695382830732, 0.09066316975425401, 0.1455501871336396, 0.18950201481683504, 0.027592049441245495, 0.11727115099152763, 0.037722727508815265, 0.09371505505273632, 0.02702686865871421]
[0.19295558227420082, 0.15818422797021695, 0.0434911400582826, 0.09930197248209485, 0.23748118169388732, 0.1713760323487793, 0.15951104700306418, 0.10720445688478882, 0.053272801980543495, 0.10115224783936594, Inf, 0.1574269785986321, 0.07003639504754675, 0.05147712662257987, 0.11493356994674829, 0.020725138180293996, 0.12175125387396206, 0.04825608904274493, 0.1681495835903399, 0.12434524648222882, 0.11378951107944935, 0.11669760571902286, 0.1483914027346526, 0.07443291951429869]
[0.2679289785908046, 0.18319528649135752, 0.20067997940659577, 0.0842642883183547, 0.08180914644543417, 0.045415194748508525, 0.3079837124673803, 0.1567619992799619, 0.14072658883621944, 0.08369041261284046, 0.1574269785986321, Inf, 0.21127874094496574, 0.12239293593198997, 0.16584725786478063, 0.14010262844354512, 0.05697730166945437, 0.1884924628658802, 0.27317730498076387, 0.09270781422864767, 0.09629711013465493, 0.11473710581075817, 0.0285353850776063, 0.09597852849581698]
[0.24248460219747212, 0.22410665184110498, 0.05677609712487602, 0.16706880817364633, 0.2930852714606875, 0.2130346201995757, 0.09671821361408928, 0.17401460974030047, 0.12228656733877076, 0.16894330132460514, 0.07003639504754675, 0.21127874094496574, Inf, 0.12125813614098553, 0.1805666375155904, 0.09012778337215287, 0.16347753084881173, 0.023630508082596653, 0.2061199976722607, 0.1935179525972189, 0.13899330666589757, 0.18673077503099972, 0.19519540754496095, 0.14191688583616158]
[0.17259006881402605, 0.11720617747202298, 0.08729008399800779, 0.04994335364523639, 0.19740841712635462, 0.1479122679028184, 0.2100650795688247, 0.06765075408138456, 0.020445798801623026, 0.05169436734663313, 0.05147712662257987, 0.12239293593198997, 0.12125813614098553, Inf, 0.0773059444980913, 0.031142872883513115, 0.10430338516207659, 0.09869441109678968, 0.16193823443956423, 0.07305465130999209, 0.11403162318895538, 0.06586963946844963, 0.12182133822004311, 0.02750737473425413]
[0.10300976053493822, 0.043556508264901844, 0.129805468955705, 0.08309613903137972, 0.2220281631385571, 0.20345100662970986, 0.25336478012731223, 0.010201639364900974, 0.06343709340157169, 0.08321558480223094, 0.11493356994674829, 0.16584725786478063, 0.1805666375155904, 0.0773059444980913, Inf, 0.10049176381715552, 0.16977521247172425, 0.16173328719648505, 0.11074025358997826, 0.07663404310050717, 0.18800119523083245, 0.05318627074871926, 0.17679849421085436, 0.08469730008407166]
[0.18621967933995964, 0.14287994546871202, 0.06117884029576175, 0.07861075027989524, 0.2190700729642456, 0.15776439751748383, 0.1801947025478331, 0.09191002132378659, 0.03709444399823103, 0.08045695382830732, 0.020725138180293996, 0.14010262844354512, 0.09012778337215287, 0.031142872883513115, 0.10049176381715552, Inf, 0.10947005635598898, 0.06758744299401165, 0.16685391900146723, 0.10371094017911475, 0.10795415591951839, 0.09687999066210576, 0.13352869991386196, 0.05383638257581534]
[0.2718655453837164, 0.1986497935587362, 0.16457639182128417, 0.09001830851347388, 0.13481138751431482, 0.05033624965135742, 0.25953903041278364, 0.15964855703828013, 0.12474807913513468, 0.09066316975425401, 0.12175125387396206, 0.05697730166945437, 0.16347753084881173, 0.10430338516207659, 0.16977521247172425, 0.10947005635598898, Inf, 0.14222652656568158, 0.2660132916416002, 0.11274944828902722, 0.03954807286382519, 0.12833618575886527, 0.032995273944051585, 0.0858441681825757]
[0.23065728144658554, 0.205241819777452, 0.048199602021607155, 0.1436750341506929, 0.2702541553133415, 0.1922312209921675, 0.11964413162621267, 0.15455754772896843, 0.10139630013211764, 0.1455501871336396, 0.04825608904274493, 0.1884924628658802, 0.023630508082596653, 0.09869441109678968, 0.16173328719648505, 0.06758744299401165, 0.14222652656568158, Inf, 0.19818803574166852, 0.17042855578971255, 0.1206457186336941, 0.16446097776985766, 0.17336519116782467, 0.11853507202132184]
[0.052575135628645436, 0.12016548491078684, 0.1505754393551295, 0.18891481009383934, 0.3327649268274103, 0.3066591066882012, 0.23826841048191835, 0.11821810948195573, 0.14155556497371008, 0.18950201481683504, 0.1681495835903399, 0.27317730498076387, 0.2061199976722607, 0.16193823443956423, 0.11074025358997826, 0.16685391900146723, 0.2660132916416002, 0.19818803574166852, Inf, 0.1871623492576935, 0.27356231133796427, 0.1637842287056686, 0.27990195990746736, 0.18186861144668612]
[0.1762259892411624, 0.09067685098051168, 0.15901205169057192, 0.02926737892669278, 0.1458364018455963, 0.13458477026149168, 0.28304126540123087, 0.06901560048155647, 0.08005452418541555, 0.027592049441245495, 0.12434524648222882, 0.09270781422864767, 0.1935179525972189, 0.07305465130999209, 0.07663404310050717, 0.10371094017911475, 0.11274944828902722, 0.17042855578971255, 0.1871623492576935, Inf, 0.14267748841329606, 0.023452985249177084, 0.10930443122931706, 0.05283062339453811]
[0.286564773053657, 0.22207421915329142, 0.15282651188418653, 0.11615270002282135, 0.17157518400307298, 0.07893205477104717, 0.2321590683051607, 0.17783331961038945, 0.13346984712249252, 0.11727115099152763, 0.11378951107944935, 0.09629711013465493, 0.13899330666589757, 0.11403162318895538, 0.18800119523083245, 0.10795415591951839, 0.03954807286382519, 0.1206457186336941, 0.27356231133796427, 0.14267748841329606, Inf, 0.15428158867722538, 0.07032069462748394, 0.10409108486960775]
[0.15336260179865752, 0.070739515052977, 0.14684260745759925, 0.038528575608036957, 0.16906148432000417, 0.15507685729995327, 0.2723894958507626, 0.04578029702438313, 0.06693957916160481, 0.037722727508815265, 0.11669760571902286, 0.11473710581075817, 0.18673077503099972, 0.06586963946844963, 0.05318627074871926, 0.09687999066210576, 0.12833618575886527, 0.16446097776985766, 0.1637842287056686, 0.023452985249177084, 0.15428158867722538, Inf, 0.12908536225779713, 0.054110107750091625]
[0.2797989224840999, 0.19949439319172746, 0.19182387796884848, 0.09372922063863433, 0.10192346863178929, 0.026809808857122083, 0.2916147239060888, 0.16709247595929483, 0.14167721904985253, 0.09371505505273632, 0.1483914027346526, 0.0285353850776063, 0.19519540754496095, 0.12182133822004311, 0.17679849421085436, 0.13352869991386196, 0.032995273944051585, 0.17336519116782467, 0.27990195990746736, 0.10930443122931706, 0.07032069462748394, 0.12908536225779713, Inf, 0.09830627747716464]
[0.18607881786538694, 0.11823274705511089, 0.11354174490930957, 0.025152735683682884, 0.16992558294284815, 0.12494984910633963, 0.23392483628917046, 0.07449850708058092, 0.04474858909715684, 0.02702686865871421, 0.07443291951429869, 0.09597852849581698, 0.14191688583616158, 0.02750737473425413, 0.08469730008407166, 0.05383638257581534, 0.0858441681825757, 0.11853507202132184, 0.18186861144668612, 0.05283062339453811, 0.10409108486960775, 0.054110107750091625, 0.09830627747716464, Inf]
data points matrix is :
 [0.5377253840834358, 0.325988806966505]
[0.4609377007013541, 0.3770255146404814]
[0.5732298413126103, 0.5082741046514659]
[0.43831556867123006, 0.48328578679200496]
[0.2937445100554625, 0.5282482691050823]
[0.3725814366157636, 0.5841049005306812]
[0.6808964607122339, 0.5734769682948104]
[0.48144856932895375, 0.42378322057909223]
[0.5004463137268877, 0.475215526253567]
[0.43669835315127103, 0.4823366147321568]
[0.5310387989981983, 0.5188284976701404]
[0.3748770993886628, 0.538747763865344]
[0.5846546789614389, 0.5638888355186675]
[0.4876358054752524, 0.49115044285112824]
[0.4840784617114444, 0.413926389861868]
[0.5120891903634124, 0.5104354240269077]
[0.4213635580242323, 0.5716935081892395]
[0.5626417186419451, 0.5552963684565217]
[0.579560401279799, 0.35783180027037736]
[0.4220624078307509, 0.4589462257455905]
[0.45012659464624405, 0.5988364223939309]
[0.44079680462652787, 0.4448371898537764]
[0.38946023562718673, 0.5632753063222622]
[0.4604367207851909, 0.49525720030604836]




 AdNNnew 
obj val AdNNnew 18.489719660464893
x vector is :
 [0.9999999950232413, 1.0, 1.0249213829493257e-9, 1.0000005193262805e-9, 1.066506451935281e-9, 1.0301125002747491e-9, 1.0963659124824865e-9, 1.0088518505443281e-9, 1.0, 0.9999999952099149, 1.018569745065466e-9, 1.0153026824283443e-9, 1.0003522890348844e-9, 1.0023551583744974e-9, 1.0013497768103712e-9, 1.0021553810941032e-9, 0.9999999951327979, 1.0, 1.0525751358028289e-9, 9.949201896544612e-10, 1.0193243234980047e-9, 1.0285327835712633e-9, 9.966972965555633e-10, 1.0251522043322497e-9]y vector is :
 [0.0, 0.04220672545318094, 1.0249213879493255, 1.0000005243262804, 1.066506456935281, 1.030112505274749, 1.0963659174824865, 1.008851855544328, 0.018090634424770657, 0.0018746643413973807, 1.0185697500654658, 1.0153026874283442, 1.0003522940348843, 1.0023551633744974, 1.0013497818103712, 1.002155386094103, 0.020223749463697697, 0.023278213047360108, 1.0525751408028288, 0.994920194654461, 1.0193243284980047, 1.0285327885712632, 0.9966973015555632, 1.0251522093322496]z matrix is :
 [0.0, 6.226758664240606e-9, 1.0000000052018372, 1.0000000052267581, 1.0000000051602522, 1.0000000051966462, 1.0000000051303928, 1.0000000052179068, 6.226758664240606e-9, 1.2266843762986923e-8, 1.000000005208189, 1.000000005211456, 1.0000000052264064, 1.0000000052244036, 1.0000000052254088, 1.0000000052246032, 1.2343960298366596e-8, 6.226758664240606e-9, 1.0000000051741835, 1.0000000052318385, 1.0000000052074343, 1.0000000051982258, 1.0000000052300613, 1.0000000052016065]
[6.226758664240606e-9, 0.0, 0.9999999989750785, 0.9999999989999995, 0.9999999989334936, 0.9999999989698876, 0.9999999989036341, 0.9999999989911481, 0.0, 6.040085098746317e-9, 0.9999999989814303, 0.9999999989846973, 0.9999999989996478, 0.9999999989976449, 0.9999999989986501, 0.9999999989978445, 6.1172016341259905e-9, 0.0, 0.9999999989474249, 0.9999999990050799, 0.9999999989806756, 0.9999999989714672, 0.9999999990033026, 0.9999999989748478]
[1.0000000052018372, 0.9999999989750785, 0.0, 1.999999997975078, 1.999999997908572, 1.999999997944966, 1.9999999978787126, 1.9999999979662266, 0.9999999989750786, 1.0000000050151636, 1.9999999979565088, 1.9999999979597758, 1.9999999979747263, 1.9999999979727234, 1.9999999979737286, 1.999999997972923, 1.0000000050922802, 0.9999999989750786, 1.9999999979225034, 1.9999999979801584, 1.9999999979557541, 1.9999999979465457, 1.9999999979783811, 1.9999999979499263]
[1.0000000052267581, 0.9999999989999995, 1.999999997975078, 0.0, 1.999999997933493, 1.999999997969887, 1.9999999979036336, 1.9999999979911476, 0.9999999989999995, 1.0000000050400846, 1.9999999979814298, 1.9999999979846967, 1.9999999979996472, 1.9999999979976444, 1.9999999979986496, 1.999999997997844, 1.000000005117201, 0.9999999989999995, 1.9999999979474243, 1.9999999980050793, 1.999999997980675, 1.9999999979714667, 1.999999998003302, 1.9999999979748473]
[1.0000000051602522, 0.9999999989334936, 1.999999997908572, 1.999999997933493, 0.0, 1.9999999979033811, 1.9999999978371277, 1.9999999979246417, 0.9999999989334936, 1.0000000049735787, 1.9999999979149239, 1.9999999979181908, 1.9999999979331413, 1.9999999979311385, 1.9999999979321437, 1.999999997931338, 1.0000000050506952, 0.9999999989334936, 1.9999999978809184, 1.9999999979385734, 1.9999999979141692, 1.9999999979049607, 1.9999999979367962, 1.9999999979083414]
[1.0000000051966462, 0.9999999989698876, 1.999999997944966, 1.999999997969887, 1.9999999979033811, 0.0, 1.9999999978735217, 1.9999999979610357, 0.9999999989698874, 1.0000000050099727, 1.9999999979513179, 1.9999999979545848, 1.9999999979695353, 1.9999999979675325, 1.9999999979685377, 1.999999997967732, 1.0000000050870892, 0.9999999989698874, 1.9999999979173124, 1.9999999979749674, 1.9999999979505632, 1.9999999979413547, 1.9999999979731902, 1.9999999979447354]
[1.0000000051303928, 0.9999999989036341, 1.9999999978787126, 1.9999999979036336, 1.9999999978371277, 1.9999999978735217, 0.0, 1.9999999978947822, 0.9999999989036341, 1.0000000049437192, 1.9999999978850644, 1.9999999978883314, 1.9999999979032819, 1.999999997901279, 1.9999999979022842, 1.9999999979014786, 1.0000000050208357, 0.9999999989036341, 1.999999997851059, 1.999999997908714, 1.9999999978843097, 1.9999999978751013, 1.9999999979069367, 1.999999997878482]
[1.0000000052179068, 0.9999999989911481, 1.9999999979662266, 1.9999999979911476, 1.9999999979246417, 1.9999999979610357, 1.9999999978947822, 0.0, 0.9999999989911481, 1.0000000050312332, 1.9999999979725784, 1.9999999979758454, 1.9999999979907959, 1.999999997988793, 1.9999999979897982, 1.9999999979889926, 1.0000000051083497, 0.9999999989911481, 1.999999997938573, 1.999999997996228, 1.9999999979718237, 1.9999999979626153, 1.9999999979944507, 1.999999997965996]
[6.226758664240606e-9, 0.0, 0.9999999989750786, 0.9999999989999995, 0.9999999989334936, 0.9999999989698874, 0.9999999989036341, 0.9999999989911481, 0.0, 6.040085098746317e-9, 0.9999999989814303, 0.9999999989846973, 0.9999999989996478, 0.9999999989976449, 0.9999999989986501, 0.9999999989978445, 6.1172016341259905e-9, 0.0, 0.9999999989474249, 0.9999999990050799, 0.9999999989806756, 0.9999999989714672, 0.9999999990033026, 0.9999999989748478]
[1.2266843762986923e-8, 6.040085098746317e-9, 1.0000000050151636, 1.0000000050400846, 1.0000000049735787, 1.0000000050099727, 1.0000000049437192, 1.0000000050312332, 6.040085098746317e-9, 0.0, 1.0000000050215154, 1.0000000050247824, 1.0000000050397329, 1.00000000503773, 1.0000000050387352, 1.0000000050379296, 1.2157286732872308e-8, 6.040085098746317e-9, 1.00000000498751, 1.000000005045165, 1.0000000050207607, 1.0000000050115523, 1.0000000050433877, 1.000000005014933]
[1.000000005208189, 0.9999999989814303, 1.9999999979565088, 1.9999999979814298, 1.9999999979149239, 1.9999999979513179, 1.9999999978850644, 1.9999999979725784, 0.9999999989814303, 1.0000000050215154, 0.0, 1.9999999979661276, 1.999999997981078, 1.9999999979790752, 1.9999999979800804, 1.9999999979792749, 1.000000005098632, 0.9999999989814302, 1.9999999979288552, 1.9999999979865102, 1.999999997962106, 1.9999999979528975, 1.999999997984733, 1.9999999979562781]
[1.000000005211456, 0.9999999989846973, 1.9999999979597758, 1.9999999979846967, 1.9999999979181908, 1.9999999979545848, 1.9999999978883314, 1.9999999979758454, 0.9999999989846973, 1.0000000050247824, 1.9999999979661276, 0.0, 1.999999997984345, 1.9999999979823422, 1.9999999979833474, 1.9999999979825418, 1.000000005101899, 0.9999999989846973, 1.9999999979321221, 1.9999999979897771, 1.9999999979653729, 1.9999999979561645, 1.9999999979879999, 1.999999997959545]
[1.0000000052264064, 0.9999999989996478, 1.9999999979747263, 1.9999999979996472, 1.9999999979331413, 1.9999999979695353, 1.9999999979032819, 1.9999999979907959, 0.9999999989996478, 1.0000000050397329, 1.999999997981078, 1.999999997984345, 0.0, 1.9999999979972927, 1.9999999979982979, 1.9999999979974923, 1.0000000051168494, 0.9999999989996478, 1.9999999979470726, 1.9999999980047276, 1.9999999979803234, 1.999999997971115, 1.9999999980029504, 1.9999999979744956]
[1.0000000052244036, 0.9999999989976449, 1.9999999979727234, 1.9999999979976444, 1.9999999979311385, 1.9999999979675325, 1.999999997901279, 1.999999997988793, 0.9999999989976449, 1.00000000503773, 1.9999999979790752, 1.9999999979823422, 1.9999999979972927, 0.0, 1.999999997996295, 1.9999999979954894, 1.0000000051148465, 0.9999999989976448, 1.9999999979450698, 1.9999999980027248, 1.9999999979783205, 1.999999997969112, 1.9999999980009475, 1.9999999979724927]
[1.0000000052254088, 0.9999999989986501, 1.9999999979737286, 1.9999999979986496, 1.9999999979321437, 1.9999999979685377, 1.9999999979022842, 1.9999999979897982, 0.9999999989986501, 1.0000000050387352, 1.9999999979800804, 1.9999999979833474, 1.9999999979982979, 1.999999997996295, 0.0, 1.9999999979964946, 1.0000000051158517, 0.9999999989986502, 1.999999997946075, 1.99999999800373, 1.9999999979793257, 1.9999999979701173, 1.9999999980019527, 1.999999997973498]
[1.0000000052246032, 0.9999999989978445, 1.999999997972923, 1.999999997997844, 1.999999997931338, 1.999999997967732, 1.9999999979014786, 1.9999999979889926, 0.9999999989978445, 1.0000000050379296, 1.9999999979792749, 1.9999999979825418, 1.9999999979974923, 1.9999999979954894, 1.9999999979964946, 0.0, 1.0000000051150462, 0.9999999989978446, 1.9999999979452694, 1.9999999980029244, 1.9999999979785201, 1.9999999979693117, 1.9999999980011471, 1.9999999979726923]
[1.2343960298366596e-8, 6.1172016341259905e-9, 1.0000000050922802, 1.000000005117201, 1.0000000050506952, 1.0000000050870892, 1.0000000050208357, 1.0000000051083497, 6.1172016341259905e-9, 1.2157286732872308e-8, 1.000000005098632, 1.000000005101899, 1.0000000051168494, 1.0000000051148465, 1.0000000051158517, 1.0000000051150462, 0.0, 6.1172016341259905e-9, 1.0000000050646265, 1.0000000051222815, 1.0000000050978772, 1.0000000050886688, 1.0000000051205042, 1.0000000050920494]
[6.226758664240606e-9, 0.0, 0.9999999989750786, 0.9999999989999995, 0.9999999989334936, 0.9999999989698874, 0.9999999989036341, 0.9999999989911481, 0.0, 6.040085098746317e-9, 0.9999999989814302, 0.9999999989846973, 0.9999999989996478, 0.9999999989976448, 0.9999999989986502, 0.9999999989978446, 6.1172016341259905e-9, 0.0, 0.9999999989474249, 0.9999999990050799, 0.9999999989806756, 0.9999999989714672, 0.9999999990033026, 0.9999999989748478]
[1.0000000051741835, 0.9999999989474249, 1.9999999979225034, 1.9999999979474243, 1.9999999978809184, 1.9999999979173124, 1.999999997851059, 1.999999997938573, 0.9999999989474249, 1.00000000498751, 1.9999999979288552, 1.9999999979321221, 1.9999999979470726, 1.9999999979450698, 1.999999997946075, 1.9999999979452694, 1.0000000050646265, 0.9999999989474249, 0.0, 1.9999999979525047, 1.9999999979281005, 1.999999997918892, 1.9999999979507275, 1.9999999979222727]
[1.0000000052318385, 0.9999999990050799, 1.9999999979801584, 1.9999999980050793, 1.9999999979385734, 1.9999999979749674, 1.999999997908714, 1.999999997996228, 0.9999999990050799, 1.000000005045165, 1.9999999979865102, 1.9999999979897771, 1.9999999980047276, 1.9999999980027248, 1.99999999800373, 1.9999999980029244, 1.0000000051222815, 0.9999999990050799, 1.9999999979525047, 0.0, 1.9999999979857555, 1.999999997976547, 1.9999999980083825, 1.9999999979799277]
[1.0000000052074343, 0.9999999989806756, 1.9999999979557541, 1.999999997980675, 1.9999999979141692, 1.9999999979505632, 1.9999999978843097, 1.9999999979718237, 0.9999999989806756, 1.0000000050207607, 1.999999997962106, 1.9999999979653729, 1.9999999979803234, 1.9999999979783205, 1.9999999979793257, 1.9999999979785201, 1.0000000050978772, 0.9999999989806756, 1.9999999979281005, 1.9999999979857555, 0.0, 1.9999999979521428, 1.9999999979839782, 1.9999999979555234]
[1.0000000051982258, 0.9999999989714672, 1.9999999979465457, 1.9999999979714667, 1.9999999979049607, 1.9999999979413547, 1.9999999978751013, 1.9999999979626153, 0.9999999989714672, 1.0000000050115523, 1.9999999979528975, 1.9999999979561645, 1.999999997971115, 1.999999997969112, 1.9999999979701173, 1.9999999979693117, 1.0000000050886688, 0.9999999989714672, 1.999999997918892, 1.999999997976547, 1.9999999979521428, 0.0, 1.9999999979747698, 1.999999997946315]
[1.0000000052300613, 0.9999999990033026, 1.9999999979783811, 1.999999998003302, 1.9999999979367962, 1.9999999979731902, 1.9999999979069367, 1.9999999979944507, 0.9999999990033026, 1.0000000050433877, 1.999999997984733, 1.9999999979879999, 1.9999999980029504, 1.9999999980009475, 1.9999999980019527, 1.9999999980011471, 1.0000000051205042, 0.9999999990033026, 1.9999999979507275, 1.9999999980083825, 1.9999999979839782, 1.9999999979747698, 0.0, 1.9999999979781504]
[1.0000000052016065, 0.9999999989748478, 1.9999999979499263, 1.9999999979748473, 1.9999999979083414, 1.9999999979447354, 1.999999997878482, 1.999999997965996, 0.9999999989748478, 1.000000005014933, 1.9999999979562781, 1.999999997959545, 1.9999999979744956, 1.9999999979724927, 1.999999997973498, 1.9999999979726923, 1.0000000050920494, 0.9999999989748478, 1.9999999979222727, 1.9999999979799277, 1.9999999979555234, 1.999999997946315, 1.9999999979781504, 0.0]
w vector is :
 [0.0, 0.04220672545318094, 1.0249213879493255, 1.0000005243262804, 1.066506456935281, 1.030112505274749, 1.0963659174824865, 1.008851855544328, 0.018090634424770657, 0.0018746643413973807, 1.0185697500654658, 1.0153026874283442, 1.0003522940348843, 1.0023551633744974, 1.0013497818103712, 1.002155386094103, 0.020223749463697697, 0.023278213047360108, 1.0525751408028288, 0.994920194654461, 1.0193243284980047, 1.0285327885712632, 0.9966973015555632, 1.0251522093322496]p matrix is :
 [0.0, 0.0, 0.0, 0.0, 0.0, 0.0, 0.0, 0.0, 0.0, 0.0, 0.0, 0.0, 0.0, 0.0, 0.0, 0.0, 0.0, 0.0, 0.0, 0.0, 0.0, 0.0, 0.0, 0.0]
[0.0, 0.0, 0.0, 0.0, 0.0, 0.0, 0.0, 0.0, 0.0, 0.0, 0.0, 0.0, 0.0, 0.0, 0.0, 0.0, 0.0, 0.0, 0.0, 0.0, 0.0, 0.0, 0.0, 0.0]
[0.0, 0.0, 0.0, 0.0, 0.0, 0.0, 0.0, 0.0, 0.0, 0.0, 0.0, 0.0, 0.0, 0.0, 0.0, 0.0, 0.0, 0.0, 0.0, 0.0, 0.0, 0.0, 0.0, 0.0]
[0.0, 0.0, 0.0, 0.0, 0.0, 0.0, 0.0, 0.0, 0.0, 0.0, 0.0, 0.0, 0.0, 0.0, 0.0, 0.0, 0.0, 0.0, 0.0, 0.0, 0.0, 0.0, 0.0, 0.0]
[0.0, 0.0, 0.0, 0.0, 0.0, 0.0, 0.0, 0.0, 0.0, 0.0, 0.0, 0.0, 0.0, 0.0, 0.0, 0.0, 0.0, 0.0, 0.0, 0.0, 0.0, 0.0, 0.0, 0.0]
[0.0, 0.0, 0.0, 0.0, 0.0, 0.0, 0.0, 0.0, 0.0, 0.0, 0.0, 0.0, 0.0, 0.0, 0.0, 0.0, 0.0, 0.0, 0.0, 0.0, 0.0, 0.0, 0.0, 0.0]
[0.0, 0.0, 0.0, 0.0, 0.0, 0.0, 0.0, 0.0, 0.0, 0.0, 0.0, 0.0, 0.0, 0.0, 0.0, 0.0, 0.0, 0.0, 0.0, 0.0, 0.0, 0.0, 0.0, 0.0]
[0.0, 0.0, 0.0, 0.0, 0.0, 0.0, 0.0, 0.0, 0.0, 0.0, 0.0, 0.0, 0.0, 0.0, 0.0, 0.0, 0.0, 0.0, 0.0, 0.0, 0.0, 0.0, 0.0, 0.0]
[0.0, 0.0, 0.0, 0.0, 0.0, 0.0, 0.0, 0.0, 0.0, 0.0, 0.0, 0.0, 0.0, 0.0, 0.0, 0.0, 0.0, 0.0, 0.0, 0.0, 0.0, 0.0, 0.0, 0.0]
[0.0, 0.0, 0.0, 0.0, 0.0, 0.0, 0.0, 0.0, 0.0, 0.0, 0.0, 0.0, 0.0, 0.0, 0.0, 0.0, 0.0, 0.0, 0.0, 0.0, 0.0, 0.0, 0.0, 0.0]
[0.0, 0.0, 0.0, 0.0, 0.0, 0.0, 0.0, 0.0, 0.0, 0.0, 0.0, 0.0, 0.0, 0.0, 0.0, 0.0, 0.0, 0.0, 0.0, 0.0, 0.0, 0.0, 0.0, 0.0]
[0.0, 0.0, 0.0, 0.0, 0.0, 0.0, 0.0, 0.0, 0.0, 0.0, 0.0, 0.0, 0.0, 0.0, 0.0, 0.0, 0.0, 0.0, 0.0, 0.0, 0.0, 0.0, 0.0, 0.0]
[0.0, 0.0, 0.0, 0.0, 0.0, 0.0, 0.0, 0.0, 0.0, 0.0, 0.0, 0.0, 0.0, 0.0, 0.0, 0.0, 0.0, 0.0, 0.0, 0.0, 0.0, 0.0, 0.0, 0.0]
[0.0, 0.0, 0.0, 0.0, 0.0, 0.0, 0.0, 0.0, 0.0, 0.0, 0.0, 0.0, 0.0, 0.0, 0.0, 0.0, 0.0, 0.0, 0.0, 0.0, 0.0, 0.0, 0.0, 0.0]
[0.0, 0.0, 0.0, 0.0, 0.0, 0.0, 0.0, 0.0, 0.0, 0.0, 0.0, 0.0, 0.0, 0.0, 0.0, 0.0, 0.0, 0.0, 0.0, 0.0, 0.0, 0.0, 0.0, 0.0]
[0.0, 0.0, 0.0, 0.0, 0.0, 0.0, 0.0, 0.0, 0.0, 0.0, 0.0, 0.0, 0.0, 0.0, 0.0, 0.0, 0.0, 0.0, 0.0, 0.0, 0.0, 0.0, 0.0, 0.0]
[0.0, 0.0, 0.0, 0.0, 0.0, 0.0, 0.0, 0.0, 0.0, 0.0, 0.0, 0.0, 0.0, 0.0, 0.0, 0.0, 0.0, 0.0, 0.0, 0.0, 0.0, 0.0, 0.0, 0.0]
[0.0, 0.0, 0.0, 0.0, 0.0, 0.0, 0.0, 0.0, 0.0, 0.0, 0.0, 0.0, 0.0, 0.0, 0.0, 0.0, 0.0, 0.0, 0.0, 0.0, 0.0, 0.0, 0.0, 0.0]
[0.0, 0.0, 0.0, 0.0, 0.0, 0.0, 0.0, 0.0, 0.0, 0.0, 0.0, 0.0, 0.0, 0.0, 0.0, 0.0, 0.0, 0.0, 0.0, 0.0, 0.0, 0.0, 0.0, 0.0]
[0.0, 0.0, 0.0, 0.0, 0.0, 0.0, 0.0, 0.0, 0.0, 0.0, 0.0, 0.0, 0.0, 0.0, 0.0, 0.0, 0.0, 0.0, 0.0, 0.0, 0.0, 0.0, 0.0, 0.0]
[0.0, 0.0, 0.0, 0.0, 0.0, 0.0, 0.0, 0.0, 0.0, 0.0, 0.0, 0.0, 0.0, 0.0, 0.0, 0.0, 0.0, 0.0, 0.0, 0.0, 0.0, 0.0, 0.0, 0.0]
[0.0, 0.0, 0.0, 0.0, 0.0, 0.0, 0.0, 0.0, 0.0, 0.0, 0.0, 0.0, 0.0, 0.0, 0.0, 0.0, 0.0, 0.0, 0.0, 0.0, 0.0, 0.0, 0.0, 0.0]
[0.0, 0.0, 0.0, 0.0, 0.0, 0.0, 0.0, 0.0, 0.0, 0.0, 0.0, 0.0, 0.0, 0.0, 0.0, 0.0, 0.0, 0.0, 0.0, 0.0, 0.0, 0.0, 0.0, 0.0]
[0.0, 0.0, 0.0, 0.0, 0.0, 0.0, 0.0, 0.0, 0.0, 0.0, 0.0, 0.0, 0.0, 0.0, 0.0, 0.0, 0.0, 0.0, 0.0, 0.0, 0.0, 0.0, 0.0, 0.0]
