Academic license - for non-commercial use only
Academic license - for non-commercial use only
Optimize a model with 2835 rows, 1224 columns and 7368 nonzeros
Variable types: 1200 continuous, 24 integer (24 binary)
Coefficient statistics:
  Matrix range     [1e+00, 1e+09]
  Objective range  [1e+00, 1e+00]
  Bounds range     [0e+00, 0e+00]
  RHS range        [1e-02, 2e+00]
Warning: Model contains large matrix coefficients
         Consider reformulating model or setting NumericFocus parameter
         to avoid numerical issues.
Found heuristic solution: objective -0.0000000
Presolve removed 1980 rows and 900 columns
Presolve time: 0.03s
Presolved: 855 rows, 324 columns, 2556 nonzeros
Variable types: 300 continuous, 24 integer (24 binary)

Root relaxation: objective 1.869990e+01, 40 iterations, 0.02 seconds

    Nodes    |    Current Node    |     Objective Bounds      |     Work
 Expl Unexpl |  Obj  Depth IntInf | Incumbent    BestBd   Gap | It/Node Time

*    0     0               0      18.6998988   18.69990  0.00%     -    0s

Explored 0 nodes (58 simplex iterations) in 0.08 seconds
Thread count was 24 (of 24 available processors)

Solution count 2: 18.6999 -0 

Optimal solution found (tolerance 1.00e-04)
Best objective 1.869989884993e+01, best bound 1.869989884993e+01, gap 0.0000%
num_cluster is 3
card is 8
visit_m is 2
limits_ is [1, 1]
dim is 2
sum dis 108.08161894066312

dis_mat matrix is :
 [Inf, 0.0899265283822904, 0.1374961206589626, 0.17907772732364557, 0.09343186690503054, 0.14639109174930126, 0.1296765406282861, 0.27643660630819156, 0.13596003646105545, 0.11312230112478915, 0.18905671020880074, 0.2441661874526083, 0.2929972573642034, 0.0656780668045235, 0.28136654786678134, 0.29659789715418755, 0.12963954510301284, 0.11676688347514048, 0.08092139323797576, 0.2676619510548516, 0.2496543063578439, 0.0651643006078228, 0.07403910865996155, 0.06318321034064744]
[0.0899265283822904, Inf, 0.05884420087017191, 0.14436420907784786, 0.07404050169777121, 0.07273609399232808, 0.14863253729783027, 0.21755227594604268, 0.2228066013711496, 0.12661932299111017, 0.13870086556523137, 0.15717176123975873, 0.2060936743115372, 0.033015871427454865, 0.21280232982368455, 0.20734498588545477, 0.1803683294427151, 0.14470161865754425, 0.16949293430194484, 0.2089284837031396, 0.23739426634400473, 0.02705059252697541, 0.09147060321557265, 0.05387655490289051]
[0.1374961206589626, 0.05884420087017191, Inf, 0.18708504266709722, 0.07286231797675206, 0.015505763142556457, 0.20621378688924186, 0.16033806607544612, 0.273434744936325, 0.18422928229378524, 0.08845528671401735, 0.10850483112411406, 0.15668171581256077, 0.07184363961510483, 0.15399203684636534, 0.17955263585550238, 0.19094938053644547, 0.20316093310799763, 0.21832470210832478, 0.23033744832835926, 0.2017878569478833, 0.07410436868511597, 0.10513065437556547, 0.11270000964918908]
[0.17907772732364557, 0.14436420907784786, 0.18708504266709722, Inf, 0.21687000802119932, 0.20247523566229103, 0.09291062544274861, 0.34161490379271825, 0.25532529950878535, 0.08709609599274361, 0.2754365577994511, 0.2335169887772008, 0.2730388927490741, 0.16824133007230355, 0.32584175667309606, 0.21905989138093232, 0.3051280287049638, 0.10642153261147552, 0.2228335230908717, 0.09918383509616115, 0.38152773477644897, 0.15846324215065985, 0.22555023780452843, 0.12008713283958465]
[0.09343186690503054, 0.07404050169777121, 0.07286231797675206, 0.21687000802119932, Inf, 0.07262410954085403, 0.20330967074210973, 0.18377055011178012, 0.22270780042198354, 0.18243505001622662, 0.09605291864037868, 0.17714019173071757, 0.22317751323250434, 0.05003425080013737, 0.19182627920742384, 0.25237036522774486, 0.11828883550549452, 0.19471283351483684, 0.1671582299561863, 0.2820209365685355, 0.16880494591251002, 0.059751156468587516, 0.03410773720798276, 0.1069233124151956]
[0.14639109174930126, 0.07273609399232808, 0.015505763142556457, 0.20247523566229103, 0.07262410954085403, Inf, 0.2208924002572337, 0.1453243081222997, 0.2822044090457536, 0.19888482464677876, 0.073272778236197, 0.10467735092898942, 0.15152850406517016, 0.0814262614794094, 0.14038868776331165, 0.18271855209612275, 0.1887814539628459, 0.21741540784302615, 0.22672718097324832, 0.24361039336743545, 0.18846237621101955, 0.08508144138778885, 0.10633373774051502, 0.12629304297820887]
[0.1296765406282861, 0.14863253729783027, 0.20621378688924186, 0.09291062544274861, 0.20330967074210973, 0.2208924002572337, Inf, 0.36610268484788394, 0.1664633506890675, 0.022017267264438083, 0.2861815840766121, 0.28585257721028223, 0.3316130242157181, 0.15505223975753657, 0.35939283049026094, 0.2962510105280306, 0.25784699887312224, 0.016501199441347297, 0.14356434047546904, 0.1912168090968339, 0.37113988213143556, 0.14637742823498107, 0.19733577403858146, 0.09806990922640291]
[0.27643660630819156, 0.21755227594604268, 0.16033806607544612, 0.34161490379271825, 0.18377055011178012, 0.1453243081222997, 0.36610268484788394, Inf, 0.40555254214874775, 0.34408615131271014, 0.087770045987759, 0.1378855747817601, 0.14427867796387306, 0.2185844244605096, 0.037482651740296004, 0.23138010469700138, 0.2565490033143472, 0.3620634787773587, 0.3503953392452387, 0.3608174219574764, 0.13923926931052474, 0.22495196429565056, 0.2119467511166764, 0.27018516516256263]
[0.13596003646105545, 0.2228066013711496, 0.273434744936325, 0.25532529950878535, 0.22270780042198354, 0.2822044090457536, 0.1664633506890675, 0.40555254214874775, Inf, 0.16822925198425132, 0.31791879065481016, 0.37934808295320427, 0.4282809690463542, 0.20159285912731106, 0.41435077673868753, 0.4235810620789192, 0.18823417427962255, 0.1507335294273577, 0.055762322300803045, 0.35443318189243156, 0.3496182495007488, 0.20028394822498502, 0.19372426210620824, 0.17946598363466773]
[0.11312230112478915, 0.12661932299111017, 0.18422928229378524, 0.08709609599274361, 0.18243505001622662, 0.19888482464677876, 0.022017267264438083, 0.34408615131271014, 0.16822925198425132, Inf, 0.2642937243205105, 0.2653291264778795, 0.31156992968703984, 0.13371747634343245, 0.3375163207268721, 0.2796352392658198, 0.2425002811383958, 0.023627381140206332, 0.13831670660694423, 0.18623243692127633, 0.35071863407897175, 0.12487936994921123, 0.17802697581391194, 0.07647020196124296]
[0.18905671020880074, 0.13870086556523137, 0.08845528671401735, 0.2754365577994511, 0.09605291864037868, 0.073272778236197, 0.2861815840766121, 0.087770045987759, 0.31791879065481016, 0.2642937243205105, Inf, 0.13055223730403012, 0.16391422890690707, 0.13383624716023326, 0.10022770338915385, 0.22569588494523873, 0.1793886404903796, 0.2804587797845641, 0.26266991482955, 0.31433034674376187, 0.12157354077723244, 0.1411911403463994, 0.12456905345425723, 0.18845341796400958]
[0.2441661874526083, 0.15717176123975873, 0.10850483112411406, 0.2335169887772008, 0.17714019173071757, 0.10467735092898942, 0.28585257721028223, 0.1378855747817601, 0.37934808295320427, 0.2653291264778795, 0.13055223730403012, Inf, 0.048951144028044666, 0.17883796621955797, 0.10782738668210762, 0.09748186337624568, 0.2908629141978838, 0.28762814601840336, 0.32501719668676976, 0.2299828564449356, 0.2471431388439803, 0.1791721302751262, 0.21099099403019764, 0.20713362636056126]
[0.2929972573642034, 0.2060936743115372, 0.15668171581256077, 0.2730388927490741, 0.22317751323250434, 0.15152850406517016, 0.3316130242157181, 0.14427867796387306, 0.4282809690463542, 0.31156992968703984, 0.16391422890690707, 0.048951144028044666, Inf, 0.227560279881656, 0.10788381416506106, 0.09382340169186885, 0.3339178271329184, 0.33424427141687635, 0.37387910841994854, 0.25507905780739754, 0.27114519624271416, 0.22806671061772493, 0.2572476733389566, 0.2556315866317002]
[0.0656780668045235, 0.033015871427454865, 0.07184363961510483, 0.16824133007230355, 0.05003425080013737, 0.0814262614794094, 0.15505223975753657, 0.2185844244605096, 0.20159285912731106, 0.13371747634343245, 0.13383624716023326, 0.17883796621955797, 0.227560279881656, Inf, 0.21948796283943386, 0.23732366113152187, 0.14772170234688128, 0.14772208576322593, 0.14657017888539306, 0.23966756749865356, 0.21869259986523454, 0.00983273813335656, 0.05979493365740547, 0.0574525397149977]
[0.28136654786678134, 0.21280232982368455, 0.15399203684636534, 0.32584175667309606, 0.19182627920742384, 0.14038868776331165, 0.35939283049026094, 0.037482651740296004, 0.41435077673868753, 0.3375163207268721, 0.10022770338915385, 0.10782738668210762, 0.10788381416506106, 0.21948796283943386, Inf, 0.19738537609804352, 0.27800568091002387, 0.357012729571171, 0.3586628863173702, 0.3360139398920634, 0.17454723427608165, 0.22450336784229816, 0.22298343735574042, 0.26658157808163957]
[0.29659789715418755, 0.20734498588545477, 0.17955263585550238, 0.21905989138093232, 0.25237036522774486, 0.18271855209612275, 0.2962510105280306, 0.23138010469700138, 0.4235810620789192, 0.2796352392658198, 0.22569588494523873, 0.09748186337624568, 0.09382340169186885, 0.23732366113152187, 0.19738537609804352, Inf, 0.370488523692008, 0.30326239585641657, 0.37354059791993227, 0.17465722252754476, 0.34429170202814585, 0.23390747826336228, 0.2837502980253545, 0.24412644046804852]
[0.12963954510301284, 0.1803683294427151, 0.19094938053644547, 0.3051280287049638, 0.11828883550549452, 0.1887814539628459, 0.25784699887312224, 0.2565490033143472, 0.18823417427962255, 0.2425002811383958, 0.1793886404903796, 0.2908629141978838, 0.3339178271329184, 0.14772170234688128, 0.27800568091002387, 0.370488523692008, Inf, 0.24371036438914462, 0.14713432349443162, 0.3858766842698737, 0.16640832493745572, 0.15578129646506544, 0.08971702131232102, 0.18510177626493746]
[0.11676688347514048, 0.14470161865754425, 0.20316093310799763, 0.10642153261147552, 0.19471283351483684, 0.21741540784302615, 0.016501199441347297, 0.3620634787773587, 0.1507335294273577, 0.023627381140206332, 0.2804587797845641, 0.28762814601840336, 0.33424427141687635, 0.14772208576322593, 0.357012729571171, 0.30326239585641657, 0.24371036438914462, Inf, 0.12707715138717404, 0.2053685953007687, 0.3614062000210579, 0.13956046473164102, 0.18646808181527982, 0.09211352811136153]
[0.08092139323797576, 0.16949293430194484, 0.21832470210832478, 0.2228335230908717, 0.1671582299561863, 0.22672718097324832, 0.14356434047546904, 0.3503953392452387, 0.055762322300803045, 0.13831670660694423, 0.26266991482955, 0.32501719668676976, 0.37387910841994854, 0.14657017888539306, 0.3586628863173702, 0.37354059791993227, 0.14713432349443162, 0.12707715138717404, Inf, 0.32010286520150083, 0.3011779895821264, 0.1458671923129738, 0.13898669354631202, 0.13049793592492506]
[0.2676619510548516, 0.2089284837031396, 0.23033744832835926, 0.09918383509616115, 0.2820209365685355, 0.24361039336743545, 0.1912168090968339, 0.3608174219574764, 0.35443318189243156, 0.18623243692127633, 0.31433034674376187, 0.2299828564449356, 0.25507905780739754, 0.23966756749865356, 0.3360139398920634, 0.17465722252754476, 0.3858766842698737, 0.2053685953007687, 0.32010286520150083, Inf, 0.4320224653804663, 0.23083901006335356, 0.29946096087625557, 0.20483330362177257]
[0.2496543063578439, 0.23739426634400473, 0.2017878569478833, 0.38152773477644897, 0.16880494591251002, 0.18846237621101955, 0.37113988213143556, 0.13923926931052474, 0.3496182495007488, 0.35071863407897175, 0.12157354077723244, 0.2471431388439803, 0.27114519624271416, 0.21869259986523454, 0.17454723427608165, 0.34429170202814585, 0.16640832493745572, 0.3614062000210579, 0.3011779895821264, 0.4320224653804663, Inf, 0.22826596933841314, 0.17597605986347103, 0.2757115053235176]
[0.0651643006078228, 0.02705059252697541, 0.07410436868511597, 0.15846324215065985, 0.059751156468587516, 0.08508144138778885, 0.14637742823498107, 0.22495196429565056, 0.20028394822498502, 0.12487936994921123, 0.1411911403463994, 0.1791721302751262, 0.22806671061772493, 0.00983273813335656, 0.22450336784229816, 0.23390747826336228, 0.15578129646506544, 0.13956046473164102, 0.1458671923129738, 0.23083901006335356, 0.22826596933841314, Inf, 0.06882325284055663, 0.048430300335521245]
[0.07403910865996155, 0.09147060321557265, 0.10513065437556547, 0.22555023780452843, 0.03410773720798276, 0.10633373774051502, 0.19733577403858146, 0.2119467511166764, 0.19372426210620824, 0.17802697581391194, 0.12456905345425723, 0.21099099403019764, 0.2572476733389566, 0.05979493365740547, 0.22298343735574042, 0.2837502980253545, 0.08971702131232102, 0.18646808181527982, 0.13898669354631202, 0.29946096087625557, 0.17597605986347103, 0.06882325284055663, Inf, 0.107717188016035]
[0.06318321034064744, 0.05387655490289051, 0.11270000964918908, 0.12008713283958465, 0.1069233124151956, 0.12629304297820887, 0.09806990922640291, 0.27018516516256263, 0.17946598363466773, 0.07647020196124296, 0.18845341796400958, 0.20713362636056126, 0.2556315866317002, 0.0574525397149977, 0.26658157808163957, 0.24412644046804852, 0.18510177626493746, 0.09211352811136153, 0.13049793592492506, 0.20483330362177257, 0.2757115053235176, 0.048430300335521245, 0.107717188016035, Inf]
data points matrix is :
 [0.40175189450450693, 0.4950789132086962]
[0.4884743868926126, 0.5188694537844343]
[0.5391086233736329, 0.48888922576606764]
[0.46740472807156747, 0.6616878501479186]
[0.48077490998951267, 0.4452303748448095]
[0.5468192164997545, 0.4754365143562266]
[0.3827687811728777, 0.623358477432925]
[0.6496452572093562, 0.3727429902993882]
[0.2661254070476213, 0.5045966553043179]
[0.39869883333377887, 0.6081600072485721]
[0.5681519978820525, 0.40533792329373813]
[0.6454265521606204, 0.5105640128634663]
[0.6943733728754299, 0.5099134411405417]
[0.46740967204895084, 0.4934465201482575]
[0.6683796169845356, 0.4052079397880052]
[0.6782736085652336, 0.6023451905245597]
[0.3931923368816465, 0.36572225266190783]
[0.3750790351560822, 0.6087585668441475]
[0.32084001603729995, 0.4938380238167535]
[0.5483238524691985, 0.7190422610602731]
[0.5398576218269271, 0.28710275889344417]
[0.4664046771986845, 0.5032277636556088]
[0.4476745273429309, 0.4370022276597696]
[0.44109484321948594, 0.5445182746058768]




 AdNNnew 
obj val AdNNnew 18.699898849925567
x vector is :
 [0.9999999951543497, 1.0, 1.0337273319259077e-9, 9.957036670929478e-10, 1.0313397696692387e-9, 9.81778419201143e-10, 1.007445536775344e-9, 1.0456557642974097e-9, 1.0, 0.9999999950880315, 1.0421142696025795e-9, 1.0263047968299061e-9, 1.0226463351491875e-9, 1.0078990025090192e-9, 9.918268754054042e-10, 1.0711770544488577e-9, 1.0, 0.9999999949871011, 1.046497868843184e-9, 1.10348015590403e-9, 1.0794592590530797e-9, 1.0019337236145048e-9, 1.0027679555046366e-9, 1.028759685963594e-9]y vector is :
 [0.03442352444394425, 0.0251168629105368, 1.0337273369259077, 0.9957036720929476, 1.0313397746692385, 0.9817784242011429, 1.0074455417753438, 1.0456557692974096, 0.009264447411121202, 0.014571730643616831, 1.0421142746025793, 1.0263048018299061, 1.0226463401491874, 1.007899007509019, 0.9918268804054041, 1.0711770594488577, 0.08694905980491664, 0.009055662921456431, 1.046497873843184, 1.10348016090403, 1.0794592640530796, 1.0019337286145047, 1.0027679605046365, 1.028759690963594]z matrix is :
 [0.0, 6.095650539883479e-9, 1.0000000050619233, 1.0000000050999467, 1.0000000050643107, 1.000000005113872, 1.000000005088205, 1.0000000050499946, 6.095650539883479e-9, 1.225761880885301e-8, 1.0000000050535363, 1.0000000050693458, 1.0000000050730042, 1.0000000050877516, 1.0000000051038236, 1.0000000050244733, 6.095650539883479e-9, 1.2358549184021683e-8, 1.0000000050491527, 1.0000000049921702, 1.0000000050161915, 1.000000005093717, 1.0000000050928826, 1.000000005066891]
[6.095650539883479e-9, 0.0, 0.9999999989662727, 0.9999999990042963, 0.9999999989686603, 0.9999999990182216, 0.9999999989925545, 0.9999999989543442, 0.0, 6.161968268969531e-9, 0.9999999989578858, 0.9999999989736952, 0.9999999989773536, 0.9999999989921009, 0.9999999990081732, 0.9999999989288229, 0.0, 6.262898644138204e-9, 0.9999999989535022, 0.9999999988965198, 0.9999999989205408, 0.9999999989980664, 0.9999999989972321, 0.9999999989712403]
[1.0000000050619233, 0.9999999989662727, 0.0, 1.999999997970569, 1.999999997934933, 1.9999999979844942, 1.9999999979588272, 1.999999997920617, 0.9999999989662727, 1.000000005128241, 1.9999999979241585, 1.9999999979399679, 1.9999999979436263, 1.9999999979583736, 1.9999999979744458, 1.9999999978950955, 0.9999999989662727, 1.0000000052291713, 1.999999997919775, 1.9999999978627925, 1.9999999978868135, 1.999999997964339, 1.9999999979635048, 1.999999997937513]
[1.0000000050999467, 0.9999999990042963, 1.999999997970569, 0.0, 1.9999999979729566, 1.9999999980225178, 1.9999999979968508, 1.9999999979586405, 0.9999999990042964, 1.0000000051662645, 1.999999997962182, 1.9999999979779914, 1.9999999979816498, 1.9999999979963972, 1.9999999980124694, 1.9999999979331191, 0.9999999990042964, 1.000000005267195, 1.9999999979577985, 1.999999997900816, 1.999999997924837, 1.9999999980023626, 1.9999999980015284, 1.9999999979755365]
[1.0000000050643107, 0.9999999989686603, 1.999999997934933, 1.9999999979729566, 0.0, 1.9999999979868819, 1.9999999979612149, 1.9999999979230045, 0.9999999989686602, 1.0000000051306286, 1.9999999979265461, 1.9999999979423555, 1.999999997946014, 1.9999999979607612, 1.9999999979768335, 1.9999999978974832, 0.9999999989686602, 1.000000005231559, 1.9999999979221625, 1.9999999978651801, 1.9999999978892011, 1.9999999979667267, 1.9999999979658925, 1.9999999979399006]
[1.000000005113872, 0.9999999990182216, 1.9999999979844942, 1.9999999980225178, 1.9999999979868819, 0.0, 1.999999998010776, 1.9999999979725658, 0.9999999990182216, 1.0000000051801898, 1.9999999979761074, 1.9999999979919167, 1.9999999979955752, 1.9999999980103225, 1.9999999980263947, 1.9999999979470444, 0.9999999990182216, 1.0000000052811202, 1.9999999979717238, 1.9999999979147414, 1.9999999979387624, 1.999999998016288, 1.9999999980154537, 1.9999999979894618]
[1.000000005088205, 0.9999999989925545, 1.9999999979588272, 1.9999999979968508, 1.9999999979612149, 1.999999998010776, 0.0, 1.9999999979468988, 0.9999999989925544, 1.0000000051545228, 1.9999999979504404, 1.9999999979662497, 1.9999999979699081, 1.9999999979846554, 1.9999999980007277, 1.9999999979213774, 0.9999999989925544, 1.0000000052554532, 1.9999999979460568, 1.9999999978890743, 1.9999999979130954, 1.999999997990621, 1.9999999979897867, 1.9999999979637948]
[1.0000000050499946, 0.9999999989543442, 1.999999997920617, 1.9999999979586405, 1.9999999979230045, 1.9999999979725658, 1.9999999979468988, 0.0, 0.9999999989543442, 1.0000000051163125, 1.99999999791223, 1.9999999979280394, 1.9999999979316978, 1.9999999979464451, 1.9999999979625174, 1.999999997883167, 0.9999999989543442, 1.0000000052172429, 1.9999999979078464, 1.999999997850864, 1.999999997874885, 1.9999999979524106, 1.9999999979515763, 1.9999999979255845]
[6.095650539883479e-9, 0.0, 0.9999999989662727, 0.9999999990042964, 0.9999999989686602, 0.9999999990182216, 0.9999999989925544, 0.9999999989543442, 0.0, 6.161968268969531e-9, 0.9999999989578858, 0.9999999989736952, 0.9999999989773536, 0.9999999989921009, 0.9999999990081732, 0.9999999989288229, 0.0, 6.262898644138204e-9, 0.9999999989535022, 0.9999999988965198, 0.9999999989205408, 0.9999999989980664, 0.9999999989972321, 0.9999999989712403]
[1.225761880885301e-8, 6.161968268969531e-9, 1.000000005128241, 1.0000000051662645, 1.0000000051306286, 1.0000000051801898, 1.0000000051545228, 1.0000000051163125, 6.161968268969531e-9, 0.0, 1.000000005119854, 1.0000000051356635, 1.0000000051393219, 1.0000000051540692, 1.0000000051701414, 1.0000000050907911, 6.161968268969531e-9, 1.2424866913107735e-8, 1.0000000051154705, 1.000000005058488, 1.000000005082509, 1.0000000051600346, 1.0000000051592004, 1.0000000051332085]
[1.0000000050535363, 0.9999999989578858, 1.9999999979241585, 1.999999997962182, 1.9999999979265461, 1.9999999979761074, 1.9999999979504404, 1.99999999791223, 0.9999999989578858, 1.000000005119854, 0.0, 1.999999997931581, 1.9999999979352394, 1.9999999979499867, 1.999999997966059, 1.9999999978867087, 0.9999999989578857, 1.0000000052207845, 1.999999997911388, 1.9999999978544056, 1.9999999978784266, 1.9999999979559522, 1.999999997955118, 1.999999997929126]
[1.0000000050693458, 0.9999999989736952, 1.9999999979399679, 1.9999999979779914, 1.9999999979423555, 1.9999999979919167, 1.9999999979662497, 1.9999999979280394, 0.9999999989736952, 1.0000000051356635, 1.999999997931581, 0.0, 1.9999999979510488, 1.999999997965796, 1.9999999979818683, 1.999999997902518, 0.9999999989736952, 1.0000000052365938, 1.9999999979271974, 1.999999997870215, 1.999999997894236, 1.9999999979717615, 1.9999999979709273, 1.9999999979449354]
[1.0000000050730042, 0.9999999989773536, 1.9999999979436263, 1.9999999979816498, 1.999999997946014, 1.9999999979955752, 1.9999999979699081, 1.9999999979316978, 0.9999999989773536, 1.0000000051393219, 1.9999999979352394, 1.9999999979510488, 0.0, 1.9999999979694545, 1.9999999979855267, 1.9999999979061764, 0.9999999989773537, 1.0000000052402522, 1.9999999979308558, 1.9999999978738734, 1.9999999978978944, 1.99999999797542, 1.9999999979745857, 1.9999999979485938]
[1.0000000050877516, 0.9999999989921009, 1.9999999979583736, 1.9999999979963972, 1.9999999979607612, 1.9999999980103225, 1.9999999979846554, 1.9999999979464451, 0.9999999989921009, 1.0000000051540692, 1.9999999979499867, 1.999999997965796, 1.9999999979694545, 0.0, 1.999999998000274, 1.9999999979209238, 0.999999998992101, 1.0000000052549995, 1.9999999979456031, 1.9999999978886207, 1.9999999979126417, 1.9999999979901673, 1.999999997989333, 1.9999999979633412]
[1.0000000051038236, 0.9999999990081732, 1.9999999979744458, 1.9999999980124694, 1.9999999979768335, 1.9999999980263947, 1.9999999980007277, 1.9999999979625174, 0.9999999990081732, 1.0000000051701414, 1.999999997966059, 1.9999999979818683, 1.9999999979855267, 1.999999998000274, 0.0, 1.999999997936996, 0.9999999990081732, 1.0000000052710718, 1.9999999979616754, 1.999999997904693, 1.999999997928714, 1.9999999980062395, 1.9999999980054053, 1.9999999979794134]
[1.0000000050244733, 0.9999999989288229, 1.9999999978950955, 1.9999999979331191, 1.9999999978974832, 1.9999999979470444, 1.9999999979213774, 1.999999997883167, 0.9999999989288229, 1.0000000050907911, 1.9999999978867087, 1.999999997902518, 1.9999999979061764, 1.9999999979209238, 1.999999997936996, 0.0, 0.999999998928823, 1.0000000051917215, 1.999999997882325, 1.9999999978253427, 1.9999999978493637, 1.9999999979268892, 1.999999997926055, 1.999999997900063]
[6.095650539883479e-9, 0.0, 0.9999999989662727, 0.9999999990042964, 0.9999999989686602, 0.9999999990182216, 0.9999999989925544, 0.9999999989543442, 0.0, 6.161968268969531e-9, 0.9999999989578857, 0.9999999989736952, 0.9999999989773537, 0.999999998992101, 0.9999999990081732, 0.999999998928823, 0.0, 6.262898644138204e-9, 0.9999999989535022, 0.9999999988965198, 0.9999999989205408, 0.9999999989980664, 0.9999999989972321, 0.9999999989712403]
[1.2358549184021683e-8, 6.262898644138204e-9, 1.0000000052291713, 1.000000005267195, 1.000000005231559, 1.0000000052811202, 1.0000000052554532, 1.0000000052172429, 6.262898644138204e-9, 1.2424866913107735e-8, 1.0000000052207845, 1.0000000052365938, 1.0000000052402522, 1.0000000052549995, 1.0000000052710718, 1.0000000051917215, 6.262898644138204e-9, 0.0, 1.0000000052164009, 1.0000000051594184, 1.0000000051834395, 1.000000005260965, 1.0000000052601308, 1.000000005234139]
[1.0000000050491527, 0.9999999989535022, 1.999999997919775, 1.9999999979577985, 1.9999999979221625, 1.9999999979717238, 1.9999999979460568, 1.9999999979078464, 0.9999999989535022, 1.0000000051154705, 1.999999997911388, 1.9999999979271974, 1.9999999979308558, 1.9999999979456031, 1.9999999979616754, 1.999999997882325, 0.9999999989535022, 1.0000000052164009, 0.0, 1.999999997850022, 1.999999997874043, 1.9999999979515686, 1.9999999979507344, 1.9999999979247425]
[1.0000000049921702, 0.9999999988965198, 1.9999999978627925, 1.999999997900816, 1.9999999978651801, 1.9999999979147414, 1.9999999978890743, 1.999999997850864, 0.9999999988965198, 1.000000005058488, 1.9999999978544056, 1.999999997870215, 1.9999999978738734, 1.9999999978886207, 1.999999997904693, 1.9999999978253427, 0.9999999988965198, 1.0000000051594184, 1.999999997850022, 0.0, 1.9999999978170606, 1.9999999978945862, 1.999999997893752, 1.99999999786776]
[1.0000000050161915, 0.9999999989205408, 1.9999999978868135, 1.999999997924837, 1.9999999978892011, 1.9999999979387624, 1.9999999979130954, 1.999999997874885, 0.9999999989205408, 1.000000005082509, 1.9999999978784266, 1.999999997894236, 1.9999999978978944, 1.9999999979126417, 1.999999997928714, 1.9999999978493637, 0.9999999989205408, 1.0000000051834395, 1.999999997874043, 1.9999999978170606, 0.0, 1.9999999979186072, 1.999999997917773, 1.999999997891781]
[1.000000005093717, 0.9999999989980664, 1.999999997964339, 1.9999999980023626, 1.9999999979667267, 1.999999998016288, 1.999999997990621, 1.9999999979524106, 0.9999999989980664, 1.0000000051600346, 1.9999999979559522, 1.9999999979717615, 1.99999999797542, 1.9999999979901673, 1.9999999980062395, 1.9999999979268892, 0.9999999989980664, 1.000000005260965, 1.9999999979515686, 1.9999999978945862, 1.9999999979186072, 0.0, 1.9999999979952985, 1.9999999979693066]
[1.0000000050928826, 0.9999999989972321, 1.9999999979635048, 1.9999999980015284, 1.9999999979658925, 1.9999999980154537, 1.9999999979897867, 1.9999999979515763, 0.9999999989972321, 1.0000000051592004, 1.999999997955118, 1.9999999979709273, 1.9999999979745857, 1.999999997989333, 1.9999999980054053, 1.999999997926055, 0.9999999989972321, 1.0000000052601308, 1.9999999979507344, 1.999999997893752, 1.999999997917773, 1.9999999979952985, 0.0, 1.9999999979684724]
[1.000000005066891, 0.9999999989712403, 1.999999997937513, 1.9999999979755365, 1.9999999979399006, 1.9999999979894618, 1.9999999979637948, 1.9999999979255845, 0.9999999989712403, 1.0000000051332085, 1.999999997929126, 1.9999999979449354, 1.9999999979485938, 1.9999999979633412, 1.9999999979794134, 1.999999997900063, 0.9999999989712403, 1.000000005234139, 1.9999999979247425, 1.99999999786776, 1.999999997891781, 1.9999999979693066, 1.9999999979684724, 0.0]
w vector is :
 [0.03442352444394425, 0.0251168629105368, 1.0337273369259077, 0.9957036720929476, 1.0313397746692385, 0.9817784242011429, 1.0074455417753438, 1.0456557692974096, 0.009264447411121202, 0.014571730643616831, 1.0421142746025793, 1.0263048018299061, 1.0226463401491874, 1.007899007509019, 0.9918268804054041, 1.0711770594488577, 0.08694905980491664, 0.009055662921456431, 1.046497873843184, 1.10348016090403, 1.0794592640530796, 1.0019337286145047, 1.0027679605046365, 1.028759690963594]p matrix is :
 [0.0, 0.0, 0.0, 0.0, 0.0, 0.0, 0.0, 0.0, 0.0, 0.0, 0.0, 0.0, 0.0, 0.0, 0.0, 0.0, 0.0, 0.0, 0.0, 0.0, 0.0, 0.0, 0.0, 0.0]
[0.0, 0.0, 0.0, 0.0, 0.0, 0.0, 0.0, 0.0, 0.0, 0.0, 0.0, 0.0, 0.0, 0.0, 0.0, 0.0, 0.0, 0.0, 0.0, 0.0, 0.0, 0.0, 0.0, 0.0]
[0.0, 0.0, 0.0, 0.0, 0.0, 0.0, 0.0, 0.0, 0.0, 0.0, 0.0, 0.0, 0.0, 0.0, 0.0, 0.0, 0.0, 0.0, 0.0, 0.0, 0.0, 0.0, 0.0, 0.0]
[0.0, 0.0, 0.0, 0.0, 0.0, 0.0, 0.0, 0.0, 0.0, 0.0, 0.0, 0.0, 0.0, 0.0, 0.0, 0.0, 0.0, 0.0, 0.0, 0.0, 0.0, 0.0, 0.0, 0.0]
[0.0, 0.0, 0.0, 0.0, 0.0, 0.0, 0.0, 0.0, 0.0, 0.0, 0.0, 0.0, 0.0, 0.0, 0.0, 0.0, 0.0, 0.0, 0.0, 0.0, 0.0, 0.0, 0.0, 0.0]
[0.0, 0.0, 0.0, 0.0, 0.0, 0.0, 0.0, 0.0, 0.0, 0.0, 0.0, 0.0, 0.0, 0.0, 0.0, 0.0, 0.0, 0.0, 0.0, 0.0, 0.0, 0.0, 0.0, 0.0]
[0.0, 0.0, 0.0, 0.0, 0.0, 0.0, 0.0, 0.0, 0.0, 0.0, 0.0, 0.0, 0.0, 0.0, 0.0, 0.0, 0.0, 0.0, 0.0, 0.0, 0.0, 0.0, 0.0, 0.0]
[0.0, 0.0, 0.0, 0.0, 0.0, 0.0, 0.0, 0.0, 0.0, 0.0, 0.0, 0.0, 0.0, 0.0, 0.0, 0.0, 0.0, 0.0, 0.0, 0.0, 0.0, 0.0, 0.0, 0.0]
[0.0, 0.0, 0.0, 0.0, 0.0, 0.0, 0.0, 0.0, 0.0, 0.0, 0.0, 0.0, 0.0, 0.0, 0.0, 0.0, 0.0, 0.0, 0.0, 0.0, 0.0, 0.0, 0.0, 0.0]
[0.0, 0.0, 0.0, 0.0, 0.0, 0.0, 0.0, 0.0, 0.0, 0.0, 0.0, 0.0, 0.0, 0.0, 0.0, 0.0, 0.0, 0.0, 0.0, 0.0, 0.0, 0.0, 0.0, 0.0]
[0.0, 0.0, 0.0, 0.0, 0.0, 0.0, 0.0, 0.0, 0.0, 0.0, 0.0, 0.0, 0.0, 0.0, 0.0, 0.0, 0.0, 0.0, 0.0, 0.0, 0.0, 0.0, 0.0, 0.0]
[0.0, 0.0, 0.0, 0.0, 0.0, 0.0, 0.0, 0.0, 0.0, 0.0, 0.0, 0.0, 0.0, 0.0, 0.0, 0.0, 0.0, 0.0, 0.0, 0.0, 0.0, 0.0, 0.0, 0.0]
[0.0, 0.0, 0.0, 0.0, 0.0, 0.0, 0.0, 0.0, 0.0, 0.0, 0.0, 0.0, 0.0, 0.0, 0.0, 0.0, 0.0, 0.0, 0.0, 0.0, 0.0, 0.0, 0.0, 0.0]
[0.0, 0.0, 0.0, 0.0, 0.0, 0.0, 0.0, 0.0, 0.0, 0.0, 0.0, 0.0, 0.0, 0.0, 0.0, 0.0, 0.0, 0.0, 0.0, 0.0, 0.0, 0.0, 0.0, 0.0]
[0.0, 0.0, 0.0, 0.0, 0.0, 0.0, 0.0, 0.0, 0.0, 0.0, 0.0, 0.0, 0.0, 0.0, 0.0, 0.0, 0.0, 0.0, 0.0, 0.0, 0.0, 0.0, 0.0, 0.0]
[0.0, 0.0, 0.0, 0.0, 0.0, 0.0, 0.0, 0.0, 0.0, 0.0, 0.0, 0.0, 0.0, 0.0, 0.0, 0.0, 0.0, 0.0, 0.0, 0.0, 0.0, 0.0, 0.0, 0.0]
[0.0, 0.0, 0.0, 0.0, 0.0, 0.0, 0.0, 0.0, 0.0, 0.0, 0.0, 0.0, 0.0, 0.0, 0.0, 0.0, 0.0, 0.0, 0.0, 0.0, 0.0, 0.0, 0.0, 0.0]
[0.0, 0.0, 0.0, 0.0, 0.0, 0.0, 0.0, 0.0, 0.0, 0.0, 0.0, 0.0, 0.0, 0.0, 0.0, 0.0, 0.0, 0.0, 0.0, 0.0, 0.0, 0.0, 0.0, 0.0]
[0.0, 0.0, 0.0, 0.0, 0.0, 0.0, 0.0, 0.0, 0.0, 0.0, 0.0, 0.0, 0.0, 0.0, 0.0, 0.0, 0.0, 0.0, 0.0, 0.0, 0.0, 0.0, 0.0, 0.0]
[0.0, 0.0, 0.0, 0.0, 0.0, 0.0, 0.0, 0.0, 0.0, 0.0, 0.0, 0.0, 0.0, 0.0, 0.0, 0.0, 0.0, 0.0, 0.0, 0.0, 0.0, 0.0, 0.0, 0.0]
[0.0, 0.0, 0.0, 0.0, 0.0, 0.0, 0.0, 0.0, 0.0, 0.0, 0.0, 0.0, 0.0, 0.0, 0.0, 0.0, 0.0, 0.0, 0.0, 0.0, 0.0, 0.0, 0.0, 0.0]
[0.0, 0.0, 0.0, 0.0, 0.0, 0.0, 0.0, 0.0, 0.0, 0.0, 0.0, 0.0, 0.0, 0.0, 0.0, 0.0, 0.0, 0.0, 0.0, 0.0, 0.0, 0.0, 0.0, 0.0]
[0.0, 0.0, 0.0, 0.0, 0.0, 0.0, 0.0, 0.0, 0.0, 0.0, 0.0, 0.0, 0.0, 0.0, 0.0, 0.0, 0.0, 0.0, 0.0, 0.0, 0.0, 0.0, 0.0, 0.0]
[0.0, 0.0, 0.0, 0.0, 0.0, 0.0, 0.0, 0.0, 0.0, 0.0, 0.0, 0.0, 0.0, 0.0, 0.0, 0.0, 0.0, 0.0, 0.0, 0.0, 0.0, 0.0, 0.0, 0.0]
