Academic license - for non-commercial use only
Academic license - for non-commercial use only
Optimize a model with 2835 rows, 1224 columns and 7368 nonzeros
Variable types: 1200 continuous, 24 integer (24 binary)
Coefficient statistics:
  Matrix range     [1e+00, 1e+09]
  Objective range  [1e+00, 1e+00]
  Bounds range     [0e+00, 0e+00]
  RHS range        [1e-02, 2e+00]
Warning: Model contains large matrix coefficients
         Consider reformulating model or setting NumericFocus parameter
         to avoid numerical issues.
Found heuristic solution: objective -0.0000000
Presolve removed 1980 rows and 900 columns
Presolve time: 0.00s
Presolved: 855 rows, 324 columns, 2556 nonzeros
Variable types: 300 continuous, 24 integer (24 binary)

Root relaxation: objective 1.870429e+01, 46 iterations, 0.00 seconds

    Nodes    |    Current Node    |     Objective Bounds      |     Work
 Expl Unexpl |  Obj  Depth IntInf | Incumbent    BestBd   Gap | It/Node Time

*    0     0               0      18.7042862   18.70429  0.00%     -    0s

Explored 0 nodes (64 simplex iterations) in 0.02 seconds
Thread count was 24 (of 24 available processors)

Solution count 2: 18.7043 -0 

Optimal solution found (tolerance 1.00e-04)
Best objective 1.870428620971e+01, best bound 1.870428620971e+01, gap 0.0000%
num_cluster is 3
card is 8
visit_m is 2
limits_ is [1, 1]
dim is 2
sum dis 102.89574003383356

dis_mat matrix is :
 [Inf, 0.11319831843384735, 0.07837243186505687, 0.19072144949260916, 0.04483011481152739, 0.02553570009608181, 0.3052131011419714, 0.11518188099046363, 0.16368029088818234, 0.08787465385293783, 0.2556605703450404, 0.164570446097067, 0.2253935963394784, 0.14673373932309056, 0.2080935749089041, 0.10552676307469393, 0.2561982819960227, 0.13595158136239607, 0.010244883313534623, 0.1676753151424051, 0.35347196169842465, 0.19253046918291639, 0.030264697398596142, 0.09854315622674335]
[0.11319831843384735, Inf, 0.08036205907922889, 0.18491924337318086, 0.10735300730936896, 0.10220248960564611, 0.24420322949329873, 0.16219072114110114, 0.0617237281231426, 0.1911518644498963, 0.1430813845626084, 0.17741258245515612, 0.2179288335027836, 0.12828693851132092, 0.22794425527817394, 0.218620833398561, 0.19969184901103307, 0.0935825276812284, 0.112948014262019, 0.1526615174559023, 0.3236643286750206, 0.15025558277980755, 0.13780182384207076, 0.19413091550332573]
[0.07837243186505687, 0.08036205907922889, Inf, 0.12371559557450251, 0.1061139246221391, 0.05384016642352134, 0.22695520555716564, 0.08187879801079449, 0.10375892821367272, 0.12593741375053424, 0.21350701397737729, 0.10621734961914003, 0.1590247176978535, 0.07206150278443904, 0.1560609650890935, 0.16787473588882285, 0.27249808959939403, 0.0577278599801674, 0.08547215858726812, 0.095599779516453, 0.281360865313891, 0.21585035359388194, 0.1085416154985668, 0.12330630836844148]
[0.19072144949260916, 0.18491924337318086, 0.12371559557450251, Inf, 0.22719976418319243, 0.16574434824381915, 0.1463781535996646, 0.09259205697005606, 0.1645533571310729, 0.18650775572902853, 0.2740799454272508, 0.034443365815796906, 0.035346917393107406, 0.05666740750163481, 0.05566538228996363, 0.24316712767773696, 0.38455685641080833, 0.09248547720437494, 0.20010217958426038, 0.03249059758215788, 0.16377326444638618, 0.3333918782002741, 0.2174999115578482, 0.17058162303087387]
[0.04483011481152739, 0.10735300730936896, 0.1061139246221391, 0.22719976418319243, Inf, 0.0641806614253786, 0.3292413494914911, 0.15834043960406038, 0.1666838665667929, 0.12735091876605434, 0.24135266141365685, 0.20396587702113972, 0.26242907186318476, 0.17810740810073142, 0.24970616980257845, 0.12948998004218987, 0.21554283485052023, 0.15950388837486498, 0.03503323728718179, 0.20111862003217082, 0.38731053363839574, 0.1511222307011581, 0.044249351829123755, 0.14071837088852368]
[0.02553570009608181, 0.10220248960564611, 0.05384016642352134, 0.16574434824381915, 0.0641806614253786, Inf, 0.2801534008035478, 0.09449840154069712, 0.1462207203561818, 0.08936954077689932, 0.24511765817127143, 0.14057721817206836, 0.20060367323165448, 0.12120351838995136, 0.18557648258888648, 0.11964410676002336, 0.26471618949550413, 0.11156506866501603, 0.034395160538734454, 0.14220714006342394, 0.3281500433715757, 0.20257550784133896, 0.055069056813669214, 0.0948791747445028]
[0.3052131011419714, 0.24420322949329873, 0.22695520555716564, 0.1463781535996646, 0.3292413494914911, 0.2801534008035478, Inf, 0.23381526295299032, 0.18988149004952637, 0.3258351452443776, 0.25146300652833475, 0.18003736285054447, 0.13403264407247864, 0.16233326345796156, 0.1872717040431108, 0.38006728434419057, 0.41916168177424457, 0.1701806273077348, 0.3124037827853113, 0.1488396487221036, 0.11228492725325644, 0.38577021555360375, 0.33520764008095577, 0.31231726464442416]
[0.11518188099046363, 0.16219072114110114, 0.08187879801079449, 0.09259205697005606, 0.15834043960406038, 0.09449840154069712, 0.23381526295299032, Inf, 0.17498209344388618, 0.0939286163347878, 0.28937086247606675, 0.05912570712553413, 0.1222702690964779, 0.0804491866141062, 0.09411681465995526, 0.15063947835768246, 0.3511648013675162, 0.103057093504897, 0.12540921829439153, 0.08559435288220639, 0.25361278577717905, 0.29179570461369464, 0.13639961680161614, 0.07869288664344762]
[0.16368029088818234, 0.0617237281231426, 0.10375892821367272, 0.1645533571310729, 0.1666838665667929, 0.1462207203561818, 0.18988149004952637, 0.17498209344388618, Inf, 0.2290078278258612, 0.11509584655739107, 0.16892408833437553, 0.19226043313975708, 0.11343442350475985, 0.21617737345167795, 0.26585902815054663, 0.23399292997728943, 0.07715299557477036, 0.16593978274168353, 0.13309548437460456, 0.27995358151947614, 0.19603557986531436, 0.19156209042736788, 0.22706382226812433]
[0.08787465385293783, 0.1911518644498963, 0.12593741375053424, 0.18650775572902853, 0.12735091876605434, 0.08936954077689932, 0.3258351452443776, 0.0939286163347878, 0.2290078278258612, Inf, 0.33346993169833433, 0.15273023457005216, 0.21509211214818172, 0.16586862483604567, 0.1788274937475475, 0.05733489171066707, 0.3426717846900972, 0.17496490418023644, 0.09484127985782037, 0.1770193364348574, 0.3459008718575371, 0.27840558414982497, 0.08590021640055504, 0.020423585350793482]
[0.2556605703450404, 0.1430813845626084, 0.21350701397737729, 0.2740799454272508, 0.24135266141365685, 0.24511765817127143, 0.25146300652833475, 0.28937086247606675, 0.11509584655739107, 0.33346993169833433, Inf, 0.2826380035712486, 0.2973231180154207, 0.2270589955811922, 0.32799395443764917, 0.3611773020032647, 0.1910605374613251, 0.19181509790427465, 0.254352875451007, 0.24439077937957343, 0.358979111725095, 0.18696693321960242, 0.27811176131535265, 0.3348123564319377]
[0.164570446097067, 0.17741258245515612, 0.10621734961914003, 0.034443365815796906, 0.20396587702113972, 0.14057721817206836, 0.18003736285054447, 0.05912570712553413, 0.16892408833437553, 0.15273023457005216, 0.2826380035712486, Inf, 0.06342866640664901, 0.05560664190852073, 0.050605755728228355, 0.20968160869817629, 0.3760161863968889, 0.09206098806257465, 0.17439050188319438, 0.04232051893080993, 0.1947671035997226, 0.32139491472296244, 0.1895968817391506, 0.13638154102210395]
[0.2253935963394784, 0.2179288335027836, 0.1590247176978535, 0.035346917393107406, 0.26242907186318476, 0.20060367323165448, 0.13403264407247864, 0.1222702690964779, 0.19226043313975708, 0.21509211214818172, 0.2973231180154207, 0.06342866640664901, Inf, 0.09053590597436131, 0.05325573051352208, 0.27231045479233423, 0.4171346914813119, 0.12453151584978794, 0.23489703445189788, 0.06567104337541337, 0.13136817016018293, 0.3672560619367374, 0.25164100642766685, 0.19782560739155672]
[0.14673373932309056, 0.12828693851132092, 0.07206150278443904, 0.05666740750163481, 0.17810740810073142, 0.12120351838995136, 0.16233326345796156, 0.0804491866141062, 0.11343442350475985, 0.16586862483604567, 0.2270589955811922, 0.05560664190852073, 0.09053590597436131, Inf, 0.10330565901969029, 0.2183994329671753, 0.327962110508355, 0.0372449049447241, 0.1550816728272917, 0.024891419468952326, 0.20930328269445506, 0.27686275117654513, 0.17582513574235342, 0.15475084472464662]
[0.2080935749089041, 0.22794425527817394, 0.1560609650890935, 0.05566538228996363, 0.24970616980257845, 0.18557648258888648, 0.1872717040431108, 0.09411681465995526, 0.21617737345167795, 0.1788274937475475, 0.32799395443764917, 0.050605755728228355, 0.05325573051352208, 0.10330565901969029, Inf, 0.23581015347068937, 0.42661365196617757, 0.1405252940364828, 0.21821666081980212, 0.08361418668812556, 0.17144247853053085, 0.3716922838948732, 0.23046390506202824, 0.1597059365917791]
[0.10552676307469393, 0.218620833398561, 0.16787473588882285, 0.24316712767773696, 0.12948998004218987, 0.11964410676002336, 0.38006728434419057, 0.15063947835768246, 0.26585902815054663, 0.05733489171066707, 0.3611773020032647, 0.20968160869817629, 0.27231045479233423, 0.2183994329671753, 0.23581015347068937, Inf, 0.33935038522627387, 0.22222410622670147, 0.10735164036187554, 0.23176077302633127, 0.4032173514894948, 0.2748922484620282, 0.08608666300335925, 0.07613727874287847]
[0.2561982819960227, 0.19969184901103307, 0.27249808959939403, 0.38455685641080833, 0.21554283485052023, 0.26471618949550413, 0.41916168177424457, 0.3511648013675162, 0.23399292997728943, 0.3426717846900972, 0.1910605374613251, 0.3760161863968889, 0.4171346914813119, 0.327962110508355, 0.42661365196617757, 0.33935038522627387, Inf, 0.2926128873689723, 0.24817047425556557, 0.35221418342122657, 0.513942084625241, 0.064651583197114, 0.2589356188806836, 0.35472765460183436]
[0.13595158136239607, 0.0935825276812284, 0.0577278599801674, 0.09248547720437494, 0.15950388837486498, 0.11156506866501603, 0.1701806273077348, 0.103057093504897, 0.07715299557477036, 0.17496490418023644, 0.19181509790427465, 0.09206098806257465, 0.12453151584978794, 0.0372449049447241, 0.1405252940364828, 0.22222410622670147, 0.2926128873689723, Inf, 0.14261167395094665, 0.05999511120186619, 0.23404483962764602, 0.2435670089119459, 0.16618094717943643, 0.16775934361490577]
[0.010244883313534623, 0.112948014262019, 0.08547215858726812, 0.20010217958426038, 0.03503323728718179, 0.034395160538734454, 0.3124037827853113, 0.12540921829439153, 0.16593978274168353, 0.09484127985782037, 0.254352875451007, 0.17439050188319438, 0.23489703445189788, 0.1550816728272917, 0.21821666081980212, 0.10735164036187554, 0.24817047425556557, 0.14261167395094665, Inf, 0.17647785155191542, 0.3625210497741053, 0.1842099724500067, 0.025643497932644917, 0.10671860049693117]
[0.1676753151424051, 0.1526615174559023, 0.095599779516453, 0.03249059758215788, 0.20111862003217082, 0.14220714006342394, 0.1488396487221036, 0.08559435288220639, 0.13309548437460456, 0.1770193364348574, 0.24439077937957343, 0.04232051893080993, 0.06567104337541337, 0.024891419468952326, 0.08361418668812556, 0.23176077302633127, 0.35221418342122657, 0.05999511120186619, 0.17647785155191542, Inf, 0.18632785443696753, 0.3016307499706693, 0.19598252880486794, 0.1636497389926187]
[0.35347196169842465, 0.3236643286750206, 0.281360865313891, 0.16377326444638618, 0.38731053363839574, 0.3281500433715757, 0.11228492725325644, 0.25361278577717905, 0.27995358151947614, 0.3459008718575371, 0.358979111725095, 0.1947671035997226, 0.13136817016018293, 0.20930328269445506, 0.17144247853053085, 0.4032173514894948, 0.513942084625241, 0.23404483962764602, 0.3625210497741053, 0.18632785443696753, Inf, 0.47276503453895313, 0.38095026303415364, 0.3280533700405718]
[0.19253046918291639, 0.15025558277980755, 0.21585035359388194, 0.3333918782002741, 0.1511222307011581, 0.20257550784133896, 0.38577021555360375, 0.29179570461369464, 0.19603557986531436, 0.27840558414982497, 0.18696693321960242, 0.32139491472296244, 0.3672560619367374, 0.27686275117654513, 0.3716922838948732, 0.2748922484620282, 0.064651583197114, 0.2435670089119459, 0.1842099724500067, 0.3016307499706693, 0.47276503453895313, Inf, 0.19433409222168085, 0.29091269297500627]
[0.030264697398596142, 0.13780182384207076, 0.1085416154985668, 0.2174999115578482, 0.044249351829123755, 0.055069056813669214, 0.33520764008095577, 0.13639961680161614, 0.19156209042736788, 0.08590021640055504, 0.27811176131535265, 0.1895968817391506, 0.25164100642766685, 0.17582513574235342, 0.23046390506202824, 0.08608666300335925, 0.2589356188806836, 0.16618094717943643, 0.025643497932644917, 0.19598252880486794, 0.38095026303415364, 0.19433409222168085, Inf, 0.10158420108343631]
[0.09854315622674335, 0.19413091550332573, 0.12330630836844148, 0.17058162303087387, 0.14071837088852368, 0.0948791747445028, 0.31231726464442416, 0.07869288664344762, 0.22706382226812433, 0.020423585350793482, 0.3348123564319377, 0.13638154102210395, 0.19782560739155672, 0.15475084472464662, 0.1597059365917791, 0.07613727874287847, 0.35472765460183436, 0.16775934361490577, 0.10671860049693117, 0.1636497389926187, 0.3280533700405718, 0.29091269297500627, 0.10158420108343631, Inf]
data points matrix is :
 [0.47702533706932715, 0.5697034919958014]
[0.42190522712954404, 0.4708316922929694]
[0.4987342781660548, 0.4943977156376641]
[0.6009955324995497, 0.42476881035764313]
[0.4328997805738085, 0.5776202121484606]
[0.48954604255420014, 0.5474480676332307]
[0.5751435069653779, 0.2806916205355636]
[0.5781100647007165, 0.5144880634618385]
[0.43702029998413067, 0.41098728414968366]
[0.5570428555756239, 0.6060236175719622]
[0.3354759889951108, 0.3568041982230984]
[0.598932826105852, 0.4591503561497422]
[0.629129816247723, 0.40337099160963913]
[0.546551706051795, 0.4404871065338546]
[0.6491294909933977, 0.4527287249712524]
[0.5340034291466234, 0.6585257569311977]
[0.22694554043330079, 0.5140469109635708]
[0.5094137744695775, 0.43766629421537945]
[0.4677513044010938, 0.5740566462747675]
[0.5688363429151005, 0.4293975743953943]
[0.687321349301552, 0.2855943317313767]
[0.2872181086350975, 0.5374358983775893]
[0.47139531033413307, 0.5994399125535886]
[0.5727751713388745, 0.5929999053781779]




 AdNNnew 
obj val AdNNnew 18.70428620970623
x vector is :
 [1.0020311856161516e-9, 1.0448546270193253e-9, 1.0303356519152871e-9, 1.0, 0.9999999951065816, 1.0235045024543942e-9, 9.988117874639845e-10, 1.0438806394972244e-9, 1.0, 0.9999999950168954, 1.0982267454002017e-9, 1.015245055569184e-9, 1.0178950303518278e-9, 1.0098526969003266e-9, 1.0353606881084387e-9, 1.0565242864948516e-9, 1.0, 0.9999999950115801, 1.0082136856871379e-9, 1.0150387105437344e-9, 1.1134731276769869e-9, 1.0646515771324629e-9, 1.0174298002198636e-9, 1.01961298017189e-9]y vector is :
 [1.0020311906161516, 1.0448546320193253, 1.030335656915287, 0.017451881023384574, 0.02681955173524897, 1.023504507454394, 0.9988117924639844, 1.0438806444972244, 0.016869095058962502, 0.0008106053923955563, 1.0982267504002017, 1.0152450605691838, 1.0178950353518277, 1.0098527019003265, 1.0353606931084387, 1.0565242914948516, 0.0, 0.027392208272964624, 1.0082136906871377, 1.0150387155437344, 1.1134731326769869, 1.0646515821324627, 1.0174298052198636, 1.0196129851718898]z matrix is :
 [0.0, 1.9999999979531142, 1.9999999979676333, 0.9999999989979688, 1.0000000051413873, 1.9999999979744643, 1.9999999979991572, 1.9999999979540883, 0.9999999989979688, 1.0000000052310736, 1.999999997899742, 1.9999999979827239, 1.9999999979800738, 1.9999999979881162, 1.9999999979626082, 1.9999999979414447, 0.9999999989979688, 1.0000000052363889, 1.9999999979897551, 1.9999999979829302, 1.9999999978844958, 1.9999999979333174, 1.9999999979805392, 1.9999999979783558]
[1.9999999979531142, 0.0, 1.9999999979248098, 0.9999999989551454, 1.0000000050985638, 1.9999999979316407, 1.9999999979563337, 1.9999999979112648, 0.9999999989551454, 1.00000000518825, 1.9999999978569185, 1.9999999979399004, 1.9999999979372503, 1.9999999979452927, 1.9999999979197847, 1.9999999978986212, 0.9999999989551454, 1.0000000051935654, 1.9999999979469316, 1.9999999979401066, 1.9999999978416723, 1.9999999978904939, 1.9999999979377157, 1.9999999979355323]
[1.9999999979676333, 1.9999999979248098, 0.0, 0.9999999989696643, 1.0000000051130828, 1.9999999979461598, 1.9999999979708527, 1.9999999979257839, 0.9999999989696643, 1.000000005202769, 1.9999999978714376, 1.9999999979544194, 1.9999999979517693, 1.9999999979598118, 1.9999999979343037, 1.9999999979131402, 0.9999999989696643, 1.0000000052080844, 1.9999999979614507, 1.9999999979546257, 1.9999999978561913, 1.999999997905013, 1.9999999979522347, 1.9999999979500513]
[0.9999999989979688, 0.9999999989551454, 0.9999999989696643, 0.0, 6.143418440629489e-9, 0.9999999989764954, 0.9999999990011883, 0.9999999989561195, 0.0, 6.233104699049363e-9, 0.9999999989017732, 0.999999998984755, 0.9999999989821049, 0.9999999989901474, 0.9999999989646393, 0.9999999989434758, 0.0, 6.238420002802059e-9, 0.9999999989917863, 0.9999999989849613, 0.9999999988865269, 0.9999999989353485, 0.9999999989825703, 0.9999999989803869]
[1.0000000051413873, 1.0000000050985638, 1.0000000051130828, 6.143418440629489e-9, 0.0, 1.0000000051199138, 1.0000000051446067, 1.000000005099538, 6.143418440629489e-9, 1.2376523139678852e-8, 1.0000000050451916, 1.0000000051281734, 1.0000000051255233, 1.0000000051335658, 1.0000000051080578, 1.0000000050868942, 6.143418440629489e-9, 1.2381838443431548e-8, 1.0000000051352047, 1.0000000051283797, 1.0000000050299453, 1.000000005078767, 1.0000000051259887, 1.0000000051238054]
[1.9999999979744643, 1.9999999979316407, 1.9999999979461598, 0.9999999989764954, 1.0000000051199138, 0.0, 1.9999999979776837, 1.9999999979326148, 0.9999999989764955, 1.0000000052096, 1.9999999978782685, 1.9999999979612504, 1.9999999979586003, 1.9999999979666427, 1.9999999979411347, 1.9999999979199712, 0.9999999989764955, 1.0000000052149154, 1.9999999979682817, 1.9999999979614567, 1.9999999978630223, 1.999999997911844, 1.9999999979590657, 1.9999999979568823]
[1.9999999979991572, 1.9999999979563337, 1.9999999979708527, 0.9999999990011883, 1.0000000051446067, 1.9999999979776837, 0.0, 1.9999999979573078, 0.9999999990011882, 1.000000005234293, 1.9999999979029615, 1.9999999979859433, 1.9999999979832932, 1.9999999979913357, 1.9999999979658276, 1.999999997944664, 0.9999999990011882, 1.0000000052396083, 1.9999999979929746, 1.9999999979861496, 1.9999999978877152, 1.9999999979365368, 1.9999999979837586, 1.9999999979815752]
[1.9999999979540883, 1.9999999979112648, 1.9999999979257839, 0.9999999989561195, 1.000000005099538, 1.9999999979326148, 1.9999999979573078, 0.0, 0.9999999989561194, 1.0000000051892242, 1.9999999978578926, 1.9999999979408745, 1.9999999979382244, 1.9999999979462668, 1.9999999979207588, 1.9999999978995953, 0.9999999989561194, 1.0000000051945395, 1.9999999979479057, 1.9999999979410807, 1.9999999978426464, 1.999999997891468, 1.9999999979386898, 1.9999999979365064]
[0.9999999989979688, 0.9999999989551454, 0.9999999989696643, 0.0, 6.143418440629489e-9, 0.9999999989764955, 0.9999999990011882, 0.9999999989561194, 0.0, 6.233104699049363e-9, 0.9999999989017732, 0.999999998984755, 0.9999999989821049, 0.9999999989901474, 0.9999999989646393, 0.9999999989434758, 0.0, 6.238420002802059e-9, 0.9999999989917863, 0.9999999989849613, 0.9999999988865269, 0.9999999989353485, 0.9999999989825703, 0.9999999989803869]
[1.0000000052310736, 1.00000000518825, 1.000000005202769, 6.233104699049363e-9, 1.2376523139678852e-8, 1.0000000052096, 1.000000005234293, 1.0000000051892242, 6.233104699049363e-9, 0.0, 1.0000000051348779, 1.0000000052178595, 1.0000000052152096, 1.000000005223252, 1.000000005197744, 1.0000000051765805, 6.233104588027061e-9, 1.247152459082912e-8, 1.0000000052248907, 1.000000005218066, 1.0000000051196314, 1.0000000051684532, 1.000000005215675, 1.0000000052134914]
[1.999999997899742, 1.9999999978569185, 1.9999999978714376, 0.9999999989017732, 1.0000000050451916, 1.9999999978782685, 1.9999999979029615, 1.9999999978578926, 0.9999999989017732, 1.0000000051348779, 0.0, 1.9999999978865282, 1.999999997883878, 1.9999999978919205, 1.9999999978664125, 1.999999997845249, 0.9999999989017733, 1.0000000051401932, 1.9999999978935594, 1.9999999978867344, 1.9999999977883, 1.9999999978371217, 1.9999999978843435, 1.99999999788216]
[1.9999999979827239, 1.9999999979399004, 1.9999999979544194, 0.999999998984755, 1.0000000051281734, 1.9999999979612504, 1.9999999979859433, 1.9999999979408745, 0.999999998984755, 1.0000000052178595, 1.9999999978865282, 0.0, 1.99999999796686, 1.9999999979749024, 1.9999999979493943, 1.9999999979282308, 0.9999999989847549, 1.000000005223175, 1.9999999979765413, 1.9999999979697163, 1.999999997871282, 1.9999999979201035, 1.9999999979673253, 1.999999997965142]
[1.9999999979800738, 1.9999999979372503, 1.9999999979517693, 0.9999999989821049, 1.0000000051255233, 1.9999999979586003, 1.9999999979832932, 1.9999999979382244, 0.9999999989821049, 1.0000000052152096, 1.999999997883878, 1.99999999796686, 0.0, 1.9999999979722523, 1.9999999979467442, 1.9999999979255807, 0.999999998982105, 1.000000005220525, 1.9999999979738912, 1.9999999979670662, 1.9999999978686318, 1.9999999979174534, 1.9999999979646752, 1.9999999979624918]
[1.9999999979881162, 1.9999999979452927, 1.9999999979598118, 0.9999999989901474, 1.0000000051335658, 1.9999999979666427, 1.9999999979913357, 1.9999999979462668, 0.9999999989901474, 1.000000005223252, 1.9999999978919205, 1.9999999979749024, 1.9999999979722523, 0.0, 1.9999999979547867, 1.9999999979336232, 0.9999999989901472, 1.0000000052285674, 1.9999999979819336, 1.9999999979751086, 1.9999999978766743, 1.9999999979254959, 1.9999999979727177, 1.9999999979705343]
[1.9999999979626082, 1.9999999979197847, 1.9999999979343037, 0.9999999989646393, 1.0000000051080578, 1.9999999979411347, 1.9999999979658276, 1.9999999979207588, 0.9999999989646393, 1.000000005197744, 1.9999999978664125, 1.9999999979493943, 1.9999999979467442, 1.9999999979547867, 0.0, 1.9999999979081151, 0.9999999989646393, 1.0000000052030593, 1.9999999979564256, 1.9999999979496006, 1.9999999978511662, 1.9999999978999878, 1.9999999979472096, 1.9999999979450263]
[1.9999999979414447, 1.9999999978986212, 1.9999999979131402, 0.9999999989434758, 1.0000000050868942, 1.9999999979199712, 1.999999997944664, 1.9999999978995953, 0.9999999989434758, 1.0000000051765805, 1.999999997845249, 1.9999999979282308, 1.9999999979255807, 1.9999999979336232, 1.9999999979081151, 0.0, 0.9999999989434757, 1.0000000051818958, 1.999999997935262, 1.999999997928437, 1.9999999978300027, 1.9999999978788243, 1.999999997926046, 1.9999999979238627]
[0.9999999989979688, 0.9999999989551454, 0.9999999989696643, 0.0, 6.143418440629489e-9, 0.9999999989764955, 0.9999999990011882, 0.9999999989561194, 0.0, 6.233104588027061e-9, 0.9999999989017733, 0.9999999989847549, 0.999999998982105, 0.9999999989901472, 0.9999999989646393, 0.9999999989434757, 0.0, 6.238420002802059e-9, 0.9999999989917863, 0.9999999989849613, 0.9999999988865269, 0.9999999989353485, 0.9999999989825703, 0.9999999989803869]
[1.0000000052363889, 1.0000000051935654, 1.0000000052080844, 6.238420002802059e-9, 1.2381838443431548e-8, 1.0000000052149154, 1.0000000052396083, 1.0000000051945395, 6.238420002802059e-9, 1.247152459082912e-8, 1.0000000051401932, 1.000000005223175, 1.000000005220525, 1.0000000052285674, 1.0000000052030593, 1.0000000051818958, 6.238420002802059e-9, 0.0, 1.000000005230206, 1.0000000052233813, 1.0000000051249467, 1.0000000051737685, 1.0000000052209903, 1.0000000052188067]
[1.9999999979897551, 1.9999999979469316, 1.9999999979614507, 0.9999999989917863, 1.0000000051352047, 1.9999999979682817, 1.9999999979929746, 1.9999999979479057, 0.9999999989917863, 1.0000000052248907, 1.9999999978935594, 1.9999999979765413, 1.9999999979738912, 1.9999999979819336, 1.9999999979564256, 1.999999997935262, 0.9999999989917863, 1.000000005230206, 0.0, 1.9999999979767475, 1.9999999978783132, 1.9999999979271348, 1.9999999979743566, 1.9999999979721732]
[1.9999999979829302, 1.9999999979401066, 1.9999999979546257, 0.9999999989849613, 1.0000000051283797, 1.9999999979614567, 1.9999999979861496, 1.9999999979410807, 0.9999999989849613, 1.000000005218066, 1.9999999978867344, 1.9999999979697163, 1.9999999979670662, 1.9999999979751086, 1.9999999979496006, 1.999999997928437, 0.9999999989849613, 1.0000000052233813, 1.9999999979767475, 0.0, 1.9999999978714882, 1.9999999979203098, 1.9999999979675316, 1.9999999979653482]
[1.9999999978844958, 1.9999999978416723, 1.9999999978561913, 0.9999999988865269, 1.0000000050299453, 1.9999999978630223, 1.9999999978877152, 1.9999999978426464, 0.9999999988865269, 1.0000000051196314, 1.9999999977883, 1.999999997871282, 1.9999999978686318, 1.9999999978766743, 1.9999999978511662, 1.9999999978300027, 0.9999999988865269, 1.0000000051249467, 1.9999999978783132, 1.9999999978714882, 0.0, 1.9999999978218754, 1.9999999978690972, 1.9999999978669138]
[1.9999999979333174, 1.9999999978904939, 1.999999997905013, 0.9999999989353485, 1.000000005078767, 1.999999997911844, 1.9999999979365368, 1.999999997891468, 0.9999999989353485, 1.0000000051684532, 1.9999999978371217, 1.9999999979201035, 1.9999999979174534, 1.9999999979254959, 1.9999999978999878, 1.9999999978788243, 0.9999999989353485, 1.0000000051737685, 1.9999999979271348, 1.9999999979203098, 1.9999999978218754, 0.0, 1.9999999979179188, 1.9999999979157355]
[1.9999999979805392, 1.9999999979377157, 1.9999999979522347, 0.9999999989825703, 1.0000000051259887, 1.9999999979590657, 1.9999999979837586, 1.9999999979386898, 0.9999999989825703, 1.000000005215675, 1.9999999978843435, 1.9999999979673253, 1.9999999979646752, 1.9999999979727177, 1.9999999979472096, 1.999999997926046, 0.9999999989825703, 1.0000000052209903, 1.9999999979743566, 1.9999999979675316, 1.9999999978690972, 1.9999999979179188, 0.0, 1.9999999979629572]
[1.9999999979783558, 1.9999999979355323, 1.9999999979500513, 0.9999999989803869, 1.0000000051238054, 1.9999999979568823, 1.9999999979815752, 1.9999999979365064, 0.9999999989803869, 1.0000000052134914, 1.99999999788216, 1.999999997965142, 1.9999999979624918, 1.9999999979705343, 1.9999999979450263, 1.9999999979238627, 0.9999999989803869, 1.0000000052188067, 1.9999999979721732, 1.9999999979653482, 1.9999999978669138, 1.9999999979157355, 1.9999999979629572, 0.0]
w vector is :
 [1.0020311906161516, 1.0448546320193253, 1.030335656915287, 0.017451881023384574, 0.02681955173524897, 1.023504507454394, 0.9988117924639844, 1.0438806444972244, 0.016869095058962502, 0.0008106053923955563, 1.0982267504002017, 1.0152450605691838, 1.0178950353518277, 1.0098527019003265, 1.0353606931084387, 1.0565242914948516, 0.0, 0.027392208272964624, 1.0082136906871377, 1.0150387155437344, 1.1134731326769869, 1.0646515821324627, 1.0174298052198636, 1.0196129851718898]p matrix is :
 [0.0, 0.0, 0.0, 0.0, 0.0, 0.0, 0.0, 0.0, 0.0, 0.0, 0.0, 0.0, 0.0, 0.0, 0.0, 0.0, 0.0, 0.0, 0.0, 0.0, 0.0, 0.0, 0.0, 0.0]
[0.0, 0.0, 0.0, 0.0, 0.0, 0.0, 0.0, 0.0, 0.0, 0.0, 0.0, 0.0, 0.0, 0.0, 0.0, 0.0, 0.0, 0.0, 0.0, 0.0, 0.0, 0.0, 0.0, 0.0]
[0.0, 0.0, 0.0, 0.0, 0.0, 0.0, 0.0, 0.0, 0.0, 0.0, 0.0, 0.0, 0.0, 0.0, 0.0, 0.0, 0.0, 0.0, 0.0, 0.0, 0.0, 0.0, 0.0, 0.0]
[0.0, 0.0, 0.0, 0.0, 0.0, 0.0, 0.0, 0.0, 0.0, 0.0, 0.0, 0.0, 0.0, 0.0, 0.0, 0.0, 0.0, 0.0, 0.0, 0.0, 0.0, 0.0, 0.0, 0.0]
[0.0, 0.0, 0.0, 0.0, 0.0, 0.0, 0.0, 0.0, 0.0, 0.0, 0.0, 0.0, 0.0, 0.0, 0.0, 0.0, 0.0, 0.0, 0.0, 0.0, 0.0, 0.0, 0.0, 0.0]
[0.0, 0.0, 0.0, 0.0, 0.0, 0.0, 0.0, 0.0, 0.0, 0.0, 0.0, 0.0, 0.0, 0.0, 0.0, 0.0, 0.0, 0.0, 0.0, 0.0, 0.0, 0.0, 0.0, 0.0]
[0.0, 0.0, 0.0, 0.0, 0.0, 0.0, 0.0, 0.0, 0.0, 0.0, 0.0, 0.0, 0.0, 0.0, 0.0, 0.0, 0.0, 0.0, 0.0, 0.0, 0.0, 0.0, 0.0, 0.0]
[0.0, 0.0, 0.0, 0.0, 0.0, 0.0, 0.0, 0.0, 0.0, 0.0, 0.0, 0.0, 0.0, 0.0, 0.0, 0.0, 0.0, 0.0, 0.0, 0.0, 0.0, 0.0, 0.0, 0.0]
[0.0, 0.0, 0.0, 0.0, 0.0, 0.0, 0.0, 0.0, 0.0, 0.0, 0.0, 0.0, 0.0, 0.0, 0.0, 0.0, 0.0, 0.0, 0.0, 0.0, 0.0, 0.0, 0.0, 0.0]
[0.0, 0.0, 0.0, 0.0, 0.0, 0.0, 0.0, 0.0, 0.0, 0.0, 0.0, 0.0, 0.0, 0.0, 0.0, 0.0, 0.0, 0.0, 0.0, 0.0, 0.0, 0.0, 0.0, 0.0]
[0.0, 0.0, 0.0, 0.0, 0.0, 0.0, 0.0, 0.0, 0.0, 0.0, 0.0, 0.0, 0.0, 0.0, 0.0, 0.0, 0.0, 0.0, 0.0, 0.0, 0.0, 0.0, 0.0, 0.0]
[0.0, 0.0, 0.0, 0.0, 0.0, 0.0, 0.0, 0.0, 0.0, 0.0, 0.0, 0.0, 0.0, 0.0, 0.0, 0.0, 0.0, 0.0, 0.0, 0.0, 0.0, 0.0, 0.0, 0.0]
[0.0, 0.0, 0.0, 0.0, 0.0, 0.0, 0.0, 0.0, 0.0, 0.0, 0.0, 0.0, 0.0, 0.0, 0.0, 0.0, 0.0, 0.0, 0.0, 0.0, 0.0, 0.0, 0.0, 0.0]
[0.0, 0.0, 0.0, 0.0, 0.0, 0.0, 0.0, 0.0, 0.0, 0.0, 0.0, 0.0, 0.0, 0.0, 0.0, 0.0, 0.0, 0.0, 0.0, 0.0, 0.0, 0.0, 0.0, 0.0]
[0.0, 0.0, 0.0, 0.0, 0.0, 0.0, 0.0, 0.0, 0.0, 0.0, 0.0, 0.0, 0.0, 0.0, 0.0, 0.0, 0.0, 0.0, 0.0, 0.0, 0.0, 0.0, 0.0, 0.0]
[0.0, 0.0, 0.0, 0.0, 0.0, 0.0, 0.0, 0.0, 0.0, 0.0, 0.0, 0.0, 0.0, 0.0, 0.0, 0.0, 0.0, 0.0, 0.0, 0.0, 0.0, 0.0, 0.0, 0.0]
[0.0, 0.0, 0.0, 0.0, 0.0, 0.0, 0.0, 0.0, 0.0, 0.0, 0.0, 0.0, 0.0, 0.0, 0.0, 0.0, 0.0, 0.0, 0.0, 0.0, 0.0, 0.0, 0.0, 0.0]
[0.0, 0.0, 0.0, 0.0, 0.0, 0.0, 0.0, 0.0, 0.0, 0.0, 0.0, 0.0, 0.0, 0.0, 0.0, 0.0, 0.0, 0.0, 0.0, 0.0, 0.0, 0.0, 0.0, 0.0]
[0.0, 0.0, 0.0, 0.0, 0.0, 0.0, 0.0, 0.0, 0.0, 0.0, 0.0, 0.0, 0.0, 0.0, 0.0, 0.0, 0.0, 0.0, 0.0, 0.0, 0.0, 0.0, 0.0, 0.0]
[0.0, 0.0, 0.0, 0.0, 0.0, 0.0, 0.0, 0.0, 0.0, 0.0, 0.0, 0.0, 0.0, 0.0, 0.0, 0.0, 0.0, 0.0, 0.0, 0.0, 0.0, 0.0, 0.0, 0.0]
[0.0, 0.0, 0.0, 0.0, 0.0, 0.0, 0.0, 0.0, 0.0, 0.0, 0.0, 0.0, 0.0, 0.0, 0.0, 0.0, 0.0, 0.0, 0.0, 0.0, 0.0, 0.0, 0.0, 0.0]
[0.0, 0.0, 0.0, 0.0, 0.0, 0.0, 0.0, 0.0, 0.0, 0.0, 0.0, 0.0, 0.0, 0.0, 0.0, 0.0, 0.0, 0.0, 0.0, 0.0, 0.0, 0.0, 0.0, 0.0]
[0.0, 0.0, 0.0, 0.0, 0.0, 0.0, 0.0, 0.0, 0.0, 0.0, 0.0, 0.0, 0.0, 0.0, 0.0, 0.0, 0.0, 0.0, 0.0, 0.0, 0.0, 0.0, 0.0, 0.0]
[0.0, 0.0, 0.0, 0.0, 0.0, 0.0, 0.0, 0.0, 0.0, 0.0, 0.0, 0.0, 0.0, 0.0, 0.0, 0.0, 0.0, 0.0, 0.0, 0.0, 0.0, 0.0, 0.0, 0.0]
