Academic license - for non-commercial use only
Academic license - for non-commercial use only
Optimize a model with 2835 rows, 1224 columns and 7368 nonzeros
Variable types: 1200 continuous, 24 integer (24 binary)
Coefficient statistics:
  Matrix range     [1e+00, 1e+09]
  Objective range  [1e+00, 1e+00]
  Bounds range     [0e+00, 0e+00]
  RHS range        [2e-02, 2e+00]
Warning: Model contains large matrix coefficients
         Consider reformulating model or setting NumericFocus parameter
         to avoid numerical issues.
Found heuristic solution: objective -0.0000000
Presolve removed 1980 rows and 900 columns
Presolve time: 0.00s
Presolved: 855 rows, 324 columns, 2556 nonzeros
Variable types: 300 continuous, 24 integer (24 binary)

Root relaxation: objective 1.869013e+01, 44 iterations, 0.02 seconds

    Nodes    |    Current Node    |     Objective Bounds      |     Work
 Expl Unexpl |  Obj  Depth IntInf | Incumbent    BestBd   Gap | It/Node Time

*    0     0               0      18.6901343   18.69013  0.00%     -    0s

Explored 0 nodes (62 simplex iterations) in 0.02 seconds
Thread count was 24 (of 24 available processors)

Solution count 2: 18.6901 -0 

Optimal solution found (tolerance 1.00e-04)
Best objective 1.869013426540e+01, best bound 1.869013426540e+01, gap 0.0000%
num_cluster is 3
card is 8
visit_m is 2
limits_ is [1, 1]
dim is 2
sum dis 88.97681908474708

dis_mat matrix is :
 [Inf, 0.06291957701983837, 0.08145383930504828, 0.11277408909230098, 0.22008920940957427, 0.1703700110638962, 0.01651938958804266, 0.16487151215881682, 0.1429792491701027, 0.032611481873230874, 0.09453482237757689, 0.04379256439905366, 0.09773907423902899, 0.13069550878638525, 0.07790981247267131, 0.24912049794228647, 0.048045413138269585, 0.10156804349385862, 0.1855113113094631, 0.06488215862100143, 0.1638197863538366, 0.16140033287856512, 0.1552231885931636, 0.04814416501238027]
[0.06291957701983837, Inf, 0.025940278071128562, 0.1624862027712403, 0.25060748378724257, 0.13702607159368, 0.050958180269604976, 0.2276762244482928, 0.08454063000260113, 0.061887481462096515, 0.08812319862681683, 0.028655278720439742, 0.035670942587893884, 0.12891568515370963, 0.11484626827503362, 0.20629514820106754, 0.02070226666618192, 0.16330821332816964, 0.2192570427258432, 0.12521066576945897, 0.1868511987226841, 0.21405366951496782, 0.21550552334317166, 0.08389874653363938]
[0.08145383930504828, 0.025940278071128562, Inf, 0.16784842966650465, 0.2444520279743283, 0.15193458190869893, 0.07264224260879835, 0.2434505874673016, 0.08436746619307758, 0.07018518731568872, 0.11241857076930128, 0.03878217213048916, 0.02137740963810056, 0.11410402172135703, 0.11680707592547956, 0.2146319071947113, 0.04624349722967938, 0.17738454993400204, 0.24518544707153922, 0.13859878953662746, 0.17903920982396734, 0.21987197045333073, 0.23646220802082143, 0.08916885244202061]
[0.11277408909230098, 0.1624862027712403, 0.16784842966650465, Inf, 0.12195139192954611, 0.2831125470214273, 0.1291311530250008, 0.11207192775419722, 0.24700163317007756, 0.10059882721176827, 0.20485700704824072, 0.13409746281829582, 0.18899648229718155, 0.12062655412856785, 0.05283146456212412, 0.36157533809296366, 0.15571365612374796, 0.061139442667692744, 0.2508699616250626, 0.05933220931234554, 0.09016625994442198, 0.052023592774601286, 0.1510694884458642, 0.07908262027847077]
[0.22008920940957427, 0.25060748378724257, 0.2444520279743283, 0.12195139192954611, Inf, 0.38494539042006265, 0.23456876884396274, 0.20892602863398294, 0.3287674276054028, 0.19580739466404026, 0.3145022987405514, 0.22336367459311127, 0.2648469275798565, 0.14134644778580377, 0.1423745271224926, 0.4568752977475522, 0.25201151778652287, 0.17986733662796164, 0.3727432991263731, 0.1799688682185433, 0.06621660546721192, 0.11126641854773504, 0.26403227576525184, 0.17398865991402934]
[0.1703700110638962, 0.13702607159368, 0.15193458190869893, 0.2831125470214273, 0.38494539042006265, Inf, 0.1541481638811841, 0.3103741175963304, 0.09036580636174653, 0.18950476566774418, 0.08362517905374313, 0.16223061077218826, 0.1381145898736048, 0.2651318718661231, 0.24410302475487836, 0.0826093824626496, 0.13294218716361805, 0.2605965624513866, 0.1944029588558506, 0.23067475560315445, 0.32281626770116273, 0.33060603780416503, 0.26975420921574816, 0.21189306865290466]
[0.01651938958804266, 0.050958180269604976, 0.07264224260879835, 0.1291311530250008, 0.23456876884396274, 0.1541481638811841, Inf, 0.17879538941749762, 0.12777368054048305, 0.041555477485136647, 0.08006319822216469, 0.03875979216725162, 0.08657442720384317, 0.1378757902359593, 0.09219695077414099, 0.23263241254845546, 0.03348197160081671, 0.11685162667825605, 0.18233949526363188, 0.08095040368176665, 0.1767348006250724, 0.1779184506009727, 0.16461114703637655, 0.061013503173531616]
[0.16487151215881682, 0.2276762244482928, 0.2434505874673016, 0.11207192775419722, 0.20892602863398294, 0.3103741175963304, 0.17879538941749762, Inf, 0.30606143848805883, 0.17502082335038907, 0.22698906974318578, 0.20471052579372123, 0.2617259771940355, 0.2299415853440685, 0.15252861556381375, 0.39298154000668434, 0.21223490869747294, 0.06724642527872046, 0.20047868583247364, 0.10568439305724485, 0.1987479377464795, 0.09766368532650824, 0.06660364544981037, 0.1624511559824886]
[0.1429792491701027, 0.08454063000260113, 0.08436746619307758, 0.24700163317007756, 0.3287674276054028, 0.09036580636174653, 0.12777368054048305, 0.30606143848805883, Inf, 0.1464134473502142, 0.1062472187094486, 0.11294225068704669, 0.06406800134615347, 0.19516976058313829, 0.19843813204350086, 0.13410743029932143, 0.09495585517006226, 0.24449802002603044, 0.24964627138506407, 0.20756051552054788, 0.26317489622226864, 0.29859291698224655, 0.28349949222932197, 0.16820375095788526]
[0.032611481873230874, 0.061887481462096515, 0.07018518731568872, 0.10059882721176827, 0.19580739466404026, 0.18950476566774418, 0.041555477485136647, 0.17502082335038907, 0.1464134473502142, Inf, 0.12062720085220648, 0.03364849152201311, 0.09039608740215377, 0.09809516203804537, 0.05483394535201145, 0.26439159303793935, 0.05719406569541866, 0.10816106716620189, 0.2178750077277456, 0.0693846488349045, 0.13602430086866849, 0.15222073548089285, 0.17661563720354714, 0.022702115247723528]
[0.09453482237757689, 0.08812319862681683, 0.11241857076930128, 0.20485700704824072, 0.3145022987405514, 0.08362517905374313, 0.08006319822216469, 0.22698906974318578, 0.1062472187094486, 0.12062720085220648, Inf, 0.1027245235999638, 0.11047548530172802, 0.2112535889723655, 0.1721494229501568, 0.16616693553063905, 0.07303617700227669, 0.17751817610030887, 0.14440195364490296, 0.14952314149402884, 0.2565616967459507, 0.2500279899632195, 0.18978549125148939, 0.14105336591263481]
[0.04379256439905366, 0.028655278720439742, 0.03878217213048916, 0.13409746281829582, 0.22336367459311127, 0.16223061077218826, 0.03875979216725162, 0.20471052579372123, 0.11294225068704669, 0.03364849152201311, 0.1027245235999638, Inf, 0.05761599471182793, 0.10857278918293155, 0.08622703129802828, 0.23400340637454456, 0.030544728521177213, 0.1388657268561617, 0.2200182155161512, 0.10017060830547155, 0.16058723264403726, 0.1858246228210648, 0.19894260067756983, 0.05529404927838012]
[0.09773907423902899, 0.035670942587893884, 0.02137740963810056, 0.18899648229718155, 0.2648469275798565, 0.1381145898736048, 0.08657442720384317, 0.2617259771940355, 0.06406800134615347, 0.09039608740215377, 0.11047548530172802, 0.05761599471182793, Inf, 0.13180375644121506, 0.13815386661764348, 0.1962969558272506, 0.05546540039107967, 0.19634316530322551, 0.2494331404411084, 0.15773096215182927, 0.19914517412996555, 0.24101490764116906, 0.2511640601790768, 0.11012670677129295]
[0.13069550878638525, 0.12891568515370963, 0.11410402172135703, 0.12062655412856785, 0.14134644778580377, 0.2651318718661231, 0.1378757902359593, 0.2299415853440685, 0.19516976058313829, 0.09809516203804537, 0.2112535889723655, 0.10857278918293155, 0.13180375644121506, Inf, 0.07967531598959621, 0.32808611631907725, 0.13881759207723018, 0.16755940050170226, 0.3152699044606892, 0.13809566928712538, 0.07618039584702158, 0.1626346204682076, 0.25420354699878633, 0.08831672180623565]
[0.07790981247267131, 0.11484626827503362, 0.11680707592547956, 0.05283146456212412, 0.1423745271224926, 0.24410302475487836, 0.09219695077414099, 0.15252861556381375, 0.19843813204350086, 0.05483394535201145, 0.1721494229501568, 0.08622703129802828, 0.13815386661764348, 0.07967531598959621, Inf, 0.3191672671240527, 0.1120229082373749, 0.08821076405863479, 0.24799308123300515, 0.05936856071242026, 0.08710149377706285, 0.1042307026345322, 0.1747626725869156, 0.032228766455862756]
[0.24912049794228647, 0.20629514820106754, 0.2146319071947113, 0.36157533809296366, 0.4568752977475522, 0.0826093824626496, 0.23263241254845546, 0.39298154000668434, 0.13410743029932143, 0.26439159303793935, 0.16616693553063905, 0.23400340637454456, 0.1962969558272506, 0.32808611631907725, 0.3191672671240527, Inf, 0.2072338833879237, 0.34248770329542066, 0.2635545842917517, 0.31135137047064687, 0.3926096728128349, 0.4104150880833243, 0.351218572842652, 0.2870894648249736]
[0.048045413138269585, 0.02070226666618192, 0.04624349722967938, 0.15571365612374796, 0.25201151778652287, 0.13294218716361805, 0.03348197160081671, 0.21223490869747294, 0.09495585517006226, 0.05719406569541866, 0.07303617700227669, 0.030544728521177213, 0.05546540039107967, 0.13881759207723018, 0.1120229082373749, 0.2072338833879237, Inf, 0.14960924743707985, 0.19916360236838968, 0.11265400993582841, 0.19022726043734123, 0.20626378231554188, 0.19661540245182774, 0.07987445094931396]
[0.10156804349385862, 0.16330821332816964, 0.17738454993400204, 0.061139442667692744, 0.17986733662796164, 0.2605965624513866, 0.11685162667825605, 0.06724642527872046, 0.24449802002603044, 0.10816106716620189, 0.17751817610030887, 0.1388657268561617, 0.19634316530322551, 0.16755940050170226, 0.08821076405863479, 0.34248770329542066, 0.14960924743707985, Inf, 0.19471011558008555, 0.038829256835001554, 0.15082475119195204, 0.08119706897321094, 0.09065201980916557, 0.09524944686414379]
[0.1855113113094631, 0.2192570427258432, 0.24518544707153922, 0.2508699616250626, 0.3727432991263731, 0.1944029588558506, 0.18233949526363188, 0.20047868583247364, 0.24964627138506407, 0.2178750077277456, 0.14440195364490296, 0.2200182155161512, 0.2494331404411084, 0.3152699044606892, 0.24799308123300515, 0.2635545842917517, 0.19916360236838968, 0.19471011558008555, Inf, 0.1949896246508634, 0.33223156484342276, 0.2743857115833459, 0.1353434087181689, 0.22785249115317635]
[0.06488215862100143, 0.12521066576945897, 0.13859878953662746, 0.05933220931234554, 0.1799688682185433, 0.23067475560315445, 0.08095040368176665, 0.10568439305724485, 0.20756051552054788, 0.0693846488349045, 0.14952314149402884, 0.10017060830547155, 0.15773096215182927, 0.13809566928712538, 0.05936856071242026, 0.31135137047064687, 0.11265400993582841, 0.038829256835001554, 0.1949896246508634, Inf, 0.13770874457239965, 0.10051773602790802, 0.11631684050724128, 0.05806333959435105]
[0.1638197863538366, 0.1868511987226841, 0.17903920982396734, 0.09016625994442198, 0.06621660546721192, 0.32281626770116273, 0.1767348006250724, 0.1987479377464795, 0.26317489622226864, 0.13602430086866849, 0.2565616967459507, 0.16058723264403726, 0.19914517412996555, 0.07618039584702158, 0.08710149377706285, 0.3926096728128349, 0.19022726043734123, 0.15082475119195204, 0.33223156484342276, 0.13770874457239965, Inf, 0.11017269345111728, 0.24118194725901712, 0.11586680944902128]
[0.16140033287856512, 0.21405366951496782, 0.21987197045333073, 0.052023592774601286, 0.11126641854773504, 0.33060603780416503, 0.1779184506009727, 0.09766368532650824, 0.29859291698224655, 0.15222073548089285, 0.2500279899632195, 0.1858246228210648, 0.24101490764116906, 0.1626346204682076, 0.1042307026345322, 0.4104150880833243, 0.20626378231554188, 0.08119706897321094, 0.2743857115833459, 0.10051773602790802, 0.11017269345111728, Inf, 0.15501308273552006, 0.1310251066824495]
[0.1552231885931636, 0.21550552334317166, 0.23646220802082143, 0.1510694884458642, 0.26403227576525184, 0.26975420921574816, 0.16461114703637655, 0.06660364544981037, 0.28349949222932197, 0.17661563720354714, 0.18978549125148939, 0.19894260067756983, 0.2511640601790768, 0.25420354699878633, 0.1747626725869156, 0.351218572842652, 0.19661540245182774, 0.09065201980916557, 0.1353434087181689, 0.11631684050724128, 0.24118194725901712, 0.15501308273552006, Inf, 0.17216479774808435]
[0.04814416501238027, 0.08389874653363938, 0.08916885244202061, 0.07908262027847077, 0.17398865991402934, 0.21189306865290466, 0.061013503173531616, 0.1624511559824886, 0.16820375095788526, 0.022702115247723528, 0.14105336591263481, 0.05529404927838012, 0.11012670677129295, 0.08831672180623565, 0.032228766455862756, 0.2870894648249736, 0.07987445094931396, 0.09524944686414379, 0.22785249115317635, 0.05806333959435105, 0.11586680944902128, 0.1310251066824495, 0.17216479774808435, Inf]
data points matrix is :
 [0.500761777426334, 0.5057025248091463]
[0.4451598988296124, 0.5351525548408934]
[0.4215070201007008, 0.5245017635912784]
[0.5306114932077602, 0.39695056097232034]
[0.47837021567239846, 0.2867553209887935]
[0.46069772997734165, 0.6712948337244973]
[0.4940548377324548, 0.5207991201969879]
[0.6406141293040839, 0.41838737609028487]
[0.39855563395706495, 0.6056873733132347]
[0.4777831514343077, 0.4825618355910906]
[0.5046588211203866, 0.6001569884009039]
[0.45710152007727967, 0.5091040869296448]
[0.4102975474758662, 0.5427045481669481]
[0.410794422256241, 0.41090172829018007]
[0.4884395239378884, 0.428773330425653]
[0.4133342709406128, 0.7389780134587298]
[0.46559899476314953, 0.5384430263173496]
[0.5761982443434246, 0.43769218060889215]
[0.6478607059857378, 0.61873505039551]
[0.5415713465965336, 0.45526173207684006]
[0.4545450662001842, 0.3485372041927478]
[0.5643637446825104, 0.3573621823042974]
[0.6543960269163738, 0.48354951912908006]
[0.48375954172491276, 0.46066049326201675]




 AdNNnew 
obj val AdNNnew 18.690134265398
x vector is :
 [1.0, 0.9999999950955274, 1.0208384312216738e-9, 1.0064484969234145e-9, 1.0656913226373057e-9, 1.012030975101863e-9, 1.0165193835715232e-9, 1.0329439945847171e-9, 1.0635290228870364e-9, 0.9999999949929601, 1.0427181837161648e-9, 1.0, 1.0005389663950494e-9, 1.075655113007152e-9, 1.004020190902769e-9, 1.0705783952781776e-9, 1.0, 0.9999999950227296, 1.1016837577843362e-9, 1.0388292570234425e-9, 1.0005252707636894e-9, 1.0455750837991632e-9, 1.0336596387984893e-9, 1.00699735260669e-9]y vector is :
 [0.0, 0.005101846983088909, 1.0208384362216738, 1.0064485019234144, 1.0656913276373057, 1.0120309801018628, 1.0165193885715231, 1.0329439995847172, 1.0635290278870364, 0.01570476289107614, 1.0427181887161647, 0.01794373488797705, 1.0005389713950492, 1.0756551180071519, 1.004020195902769, 1.0705784002781775, 0.012600993633200018, 0.0, 1.101683762784336, 1.0388292620234425, 1.0005252757636893, 1.045575088799163, 1.0336596437984893, 1.00699735760669]z matrix is :
 [0.0, 6.154472487196472e-9, 0.9999999989791615, 0.9999999989935515, 0.9999999989343087, 0.9999999989879691, 0.9999999989834807, 0.999999998967056, 0.999999998936471, 6.257039775192652e-9, 0.9999999989572819, 0.0, 0.999999998999461, 0.9999999989243449, 0.9999999989959798, 0.9999999989294217, 0.0, 6.227270255010353e-9, 0.9999999988983161, 0.9999999989611708, 0.9999999989994748, 0.9999999989544248, 0.9999999989663404, 0.9999999989930026]
[6.154472487196472e-9, 0.0, 1.000000005133634, 1.0000000051480242, 1.0000000050887814, 1.0000000051424416, 1.0000000051379532, 1.0000000051215285, 1.0000000050909437, 1.2411512373411426e-8, 1.0000000051117546, 6.154472598218774e-9, 1.0000000051539337, 1.0000000050788174, 1.0000000051504525, 1.0000000050838942, 6.154472598218774e-9, 1.2381742853229127e-8, 1.0000000050527889, 1.0000000051156435, 1.0000000051539475, 1.0000000051088973, 1.000000005120813, 1.0000000051474753]
[0.9999999989791615, 1.000000005133634, 0.0, 1.999999997972713, 1.9999999979134702, 1.9999999979671306, 1.9999999979626422, 1.9999999979462175, 1.9999999979156324, 1.0000000052362013, 1.9999999979364433, 0.9999999989791616, 1.9999999979786225, 1.9999999979035064, 1.9999999979751413, 1.9999999979085832, 0.9999999989791616, 1.0000000052064317, 1.9999999978774776, 1.9999999979403322, 1.9999999979786363, 1.9999999979335863, 1.9999999979455019, 1.999999997972164]
[0.9999999989935515, 1.0000000051480242, 1.999999997972713, 0.0, 1.9999999979278602, 1.9999999979815206, 1.9999999979770322, 1.9999999979606076, 1.9999999979300225, 1.0000000052505913, 1.9999999979508334, 0.9999999989935515, 1.9999999979930125, 1.9999999979178964, 1.9999999979895313, 1.9999999979229732, 0.9999999989935515, 1.0000000052208218, 1.9999999978918677, 1.9999999979547223, 1.9999999979930263, 1.9999999979479763, 1.999999997959892, 1.9999999979865541]
[0.9999999989343087, 1.0000000050887814, 1.9999999979134702, 1.9999999979278602, 0.0, 1.9999999979222778, 1.9999999979177894, 1.9999999979013647, 1.9999999978707796, 1.0000000051913485, 1.9999999978915906, 0.9999999989343087, 1.9999999979337697, 1.9999999978586536, 1.9999999979302885, 1.9999999978637304, 0.9999999989343087, 1.000000005161579, 1.9999999978326248, 1.9999999978954794, 1.9999999979337835, 1.9999999978887335, 1.999999997900649, 1.9999999979273113]
[0.9999999989879691, 1.0000000051424416, 1.9999999979671306, 1.9999999979815206, 1.9999999979222778, 0.0, 1.9999999979714498, 1.9999999979550251, 1.99999999792444, 1.0000000052450089, 1.999999997945251, 0.999999998987969, 1.9999999979874301, 1.999999997912314, 1.999999997983949, 1.9999999979173908, 0.999999998987969, 1.0000000052152394, 1.9999999978862852, 1.9999999979491399, 1.9999999979874439, 1.999999997942394, 1.9999999979543095, 1.9999999979809717]
[0.9999999989834807, 1.0000000051379532, 1.9999999979626422, 1.9999999979770322, 1.9999999979177894, 1.9999999979714498, 0.0, 1.9999999979505367, 1.9999999979199516, 1.0000000052405205, 1.9999999979407626, 0.9999999989834806, 1.9999999979829417, 1.9999999979078256, 1.9999999979794605, 1.9999999979129024, 0.9999999989834806, 1.000000005210751, 1.9999999978817968, 1.9999999979446514, 1.9999999979829555, 1.9999999979379055, 1.999999997949821, 1.9999999979764833]
[0.999999998967056, 1.0000000051215285, 1.9999999979462175, 1.9999999979606076, 1.9999999979013647, 1.9999999979550251, 1.9999999979505367, 0.0, 1.999999997903527, 1.0000000052240958, 1.999999997924338, 0.999999998967056, 1.999999997966517, 1.999999997891401, 1.9999999979630358, 1.9999999978964778, 0.999999998967056, 1.0000000051943263, 1.9999999978653722, 1.9999999979282268, 1.9999999979665308, 1.9999999979214809, 1.9999999979333964, 1.9999999979600587]
[0.999999998936471, 1.0000000050909437, 1.9999999979156324, 1.9999999979300225, 1.9999999978707796, 1.99999999792444, 1.9999999979199516, 1.999999997903527, 0.0, 1.0000000051935107, 1.9999999978937528, 0.999999998936471, 1.999999997935932, 1.9999999978608158, 1.9999999979324508, 1.9999999978658927, 0.999999998936471, 1.0000000051637412, 1.999999997834787, 1.9999999978976417, 1.9999999979359457, 1.9999999978908958, 1.9999999979028114, 1.9999999979294736]
[6.257039775192652e-9, 1.2411512373411426e-8, 1.0000000052362013, 1.0000000052505913, 1.0000000051913485, 1.0000000052450089, 1.0000000052405205, 1.0000000052240958, 1.0000000051935107, 0.0, 1.0000000052143219, 6.2570398862149545e-9, 1.000000005256501, 1.0000000051813847, 1.0000000052530198, 1.0000000051864615, 6.2570398862149545e-9, 1.2484310141225308e-8, 1.0000000051553561, 1.0000000052182108, 1.0000000052565148, 1.0000000052114646, 1.0000000052233804, 1.0000000052500426]
[0.9999999989572819, 1.0000000051117546, 1.9999999979364433, 1.9999999979508334, 1.9999999978915906, 1.999999997945251, 1.9999999979407626, 1.999999997924338, 1.9999999978937528, 1.0000000052143219, 0.0, 0.9999999989572819, 1.9999999979567429, 1.9999999978816267, 1.9999999979532617, 1.9999999978867036, 0.9999999989572819, 1.0000000051845521, 1.999999997855598, 1.9999999979184526, 1.9999999979567566, 1.9999999979117067, 1.9999999979236223, 1.9999999979502845]
[0.0, 6.154472598218774e-9, 0.9999999989791616, 0.9999999989935515, 0.9999999989343087, 0.999999998987969, 0.9999999989834806, 0.999999998967056, 0.999999998936471, 6.2570398862149545e-9, 0.9999999989572819, 0.0, 0.999999998999461, 0.9999999989243449, 0.9999999989959798, 0.9999999989294217, 0.0, 6.227270255010353e-9, 0.9999999988983161, 0.9999999989611708, 0.9999999989994748, 0.9999999989544248, 0.9999999989663404, 0.9999999989930026]
[0.999999998999461, 1.0000000051539337, 1.9999999979786225, 1.9999999979930125, 1.9999999979337697, 1.9999999979874301, 1.9999999979829417, 1.999999997966517, 1.999999997935932, 1.000000005256501, 1.9999999979567429, 0.999999998999461, 0.0, 1.999999997923806, 1.9999999979954408, 1.9999999979288827, 0.999999998999461, 1.0000000052267313, 1.9999999978977772, 1.9999999979606318, 1.9999999979989358, 1.9999999979538858, 1.9999999979658014, 1.9999999979924636]
[0.9999999989243449, 1.0000000050788174, 1.9999999979035064, 1.9999999979178964, 1.9999999978586536, 1.999999997912314, 1.9999999979078256, 1.999999997891401, 1.9999999978608158, 1.0000000051813847, 1.9999999978816267, 0.9999999989243449, 1.999999997923806, 0.0, 1.9999999979203247, 1.9999999978537666, 0.9999999989243449, 1.0000000051516151, 1.999999997822661, 1.9999999978855156, 1.9999999979238197, 1.9999999978787697, 1.9999999978906853, 1.9999999979173475]
[0.9999999989959798, 1.0000000051504525, 1.9999999979751413, 1.9999999979895313, 1.9999999979302885, 1.999999997983949, 1.9999999979794605, 1.9999999979630358, 1.9999999979324508, 1.0000000052530198, 1.9999999979532617, 0.9999999989959798, 1.9999999979954408, 1.9999999979203247, 0.0, 1.9999999979254015, 0.9999999989959798, 1.00000000522325, 1.999999997894296, 1.9999999979571506, 1.9999999979954546, 1.9999999979504046, 1.9999999979623202, 1.9999999979889824]
[0.9999999989294217, 1.0000000050838942, 1.9999999979085832, 1.9999999979229732, 1.9999999978637304, 1.9999999979173908, 1.9999999979129024, 1.9999999978964778, 1.9999999978658927, 1.0000000051864615, 1.9999999978867036, 0.9999999989294217, 1.9999999979288827, 1.9999999978537666, 1.9999999979254015, 0.0, 0.9999999989294216, 1.000000005156692, 1.9999999978277379, 1.9999999978905925, 1.9999999979288965, 1.9999999978838465, 1.999999997895762, 1.9999999979224243]
[0.0, 6.154472598218774e-9, 0.9999999989791616, 0.9999999989935515, 0.9999999989343087, 0.999999998987969, 0.9999999989834806, 0.999999998967056, 0.999999998936471, 6.2570398862149545e-9, 0.9999999989572819, 0.0, 0.999999998999461, 0.9999999989243449, 0.9999999989959798, 0.9999999989294216, 0.0, 6.227270255010353e-9, 0.9999999988983161, 0.9999999989611708, 0.9999999989994748, 0.9999999989544248, 0.9999999989663404, 0.9999999989930026]
[6.227270255010353e-9, 1.2381742853229127e-8, 1.0000000052064317, 1.0000000052208218, 1.000000005161579, 1.0000000052152394, 1.000000005210751, 1.0000000051943263, 1.0000000051637412, 1.2484310141225308e-8, 1.0000000051845521, 6.227270255010353e-9, 1.0000000052267313, 1.0000000051516151, 1.00000000522325, 1.000000005156692, 6.227270255010353e-9, 0.0, 1.0000000051255866, 1.0000000051884412, 1.0000000052267453, 1.000000005181695, 1.0000000051936109, 1.000000005220273]
[0.9999999988983161, 1.0000000050527889, 1.9999999978774776, 1.9999999978918677, 1.9999999978326248, 1.9999999978862852, 1.9999999978817968, 1.9999999978653722, 1.999999997834787, 1.0000000051553561, 1.999999997855598, 0.9999999988983161, 1.9999999978977772, 1.999999997822661, 1.999999997894296, 1.9999999978277379, 0.9999999988983161, 1.0000000051255866, 0.0, 1.999999997859487, 1.999999997897791, 1.999999997852741, 1.9999999978646565, 1.9999999978913188]
[0.9999999989611708, 1.0000000051156435, 1.9999999979403322, 1.9999999979547223, 1.9999999978954794, 1.9999999979491399, 1.9999999979446514, 1.9999999979282268, 1.9999999978976417, 1.0000000052182108, 1.9999999979184526, 0.9999999989611708, 1.9999999979606318, 1.9999999978855156, 1.9999999979571506, 1.9999999978905925, 0.9999999989611708, 1.0000000051884412, 1.999999997859487, 0.0, 1.9999999979606455, 1.9999999979155956, 1.9999999979275112, 1.9999999979541734]
[0.9999999989994748, 1.0000000051539475, 1.9999999979786363, 1.9999999979930263, 1.9999999979337835, 1.9999999979874439, 1.9999999979829555, 1.9999999979665308, 1.9999999979359457, 1.0000000052565148, 1.9999999979567566, 0.9999999989994748, 1.9999999979989358, 1.9999999979238197, 1.9999999979954546, 1.9999999979288965, 0.9999999989994748, 1.0000000052267453, 1.999999997897791, 1.9999999979606455, 0.0, 1.9999999979538996, 1.9999999979658152, 1.9999999979924774]
[0.9999999989544248, 1.0000000051088973, 1.9999999979335863, 1.9999999979479763, 1.9999999978887335, 1.999999997942394, 1.9999999979379055, 1.9999999979214809, 1.9999999978908958, 1.0000000052114646, 1.9999999979117067, 0.9999999989544248, 1.9999999979538858, 1.9999999978787697, 1.9999999979504046, 1.9999999978838465, 0.9999999989544248, 1.000000005181695, 1.999999997852741, 1.9999999979155956, 1.9999999979538996, 0.0, 1.9999999979207652, 1.9999999979474274]
[0.9999999989663404, 1.000000005120813, 1.9999999979455019, 1.999999997959892, 1.999999997900649, 1.9999999979543095, 1.999999997949821, 1.9999999979333964, 1.9999999979028114, 1.0000000052233804, 1.9999999979236223, 0.9999999989663404, 1.9999999979658014, 1.9999999978906853, 1.9999999979623202, 1.999999997895762, 0.9999999989663404, 1.0000000051936109, 1.9999999978646565, 1.9999999979275112, 1.9999999979658152, 1.9999999979207652, 0.0, 1.999999997959343]
[0.9999999989930026, 1.0000000051474753, 1.999999997972164, 1.9999999979865541, 1.9999999979273113, 1.9999999979809717, 1.9999999979764833, 1.9999999979600587, 1.9999999979294736, 1.0000000052500426, 1.9999999979502845, 0.9999999989930026, 1.9999999979924636, 1.9999999979173475, 1.9999999979889824, 1.9999999979224243, 0.9999999989930026, 1.000000005220273, 1.9999999978913188, 1.9999999979541734, 1.9999999979924774, 1.9999999979474274, 1.999999997959343, 0.0]
w vector is :
 [0.0, 0.005101846983088909, 1.0208384362216738, 1.0064485019234144, 1.0656913276373057, 1.0120309801018628, 1.0165193885715231, 1.0329439995847172, 1.0635290278870364, 0.01570476289107614, 1.0427181887161647, 0.01794373488797705, 1.0005389713950492, 1.0756551180071519, 1.004020195902769, 1.0705784002781775, 0.012600993633200018, 0.0, 1.101683762784336, 1.0388292620234425, 1.0005252757636893, 1.045575088799163, 1.0336596437984893, 1.00699735760669]p matrix is :
 [0.0, 0.0, 0.0, 0.0, 0.0, 0.0, 0.0, 0.0, 0.0, 0.0, 0.0, 0.0, 0.0, 0.0, 0.0, 0.0, 0.0, 0.0, 0.0, 0.0, 0.0, 0.0, 0.0, 0.0]
[0.0, 0.0, 0.0, 0.0, 0.0, 0.0, 0.0, 0.0, 0.0, 0.0, 0.0, 0.0, 0.0, 0.0, 0.0, 0.0, 0.0, 0.0, 0.0, 0.0, 0.0, 0.0, 0.0, 0.0]
[0.0, 0.0, 0.0, 0.0, 0.0, 0.0, 0.0, 0.0, 0.0, 0.0, 0.0, 0.0, 0.0, 0.0, 0.0, 0.0, 0.0, 0.0, 0.0, 0.0, 0.0, 0.0, 0.0, 0.0]
[0.0, 0.0, 0.0, 0.0, 0.0, 0.0, 0.0, 0.0, 0.0, 0.0, 0.0, 0.0, 0.0, 0.0, 0.0, 0.0, 0.0, 0.0, 0.0, 0.0, 0.0, 0.0, 0.0, 0.0]
[0.0, 0.0, 0.0, 0.0, 0.0, 0.0, 0.0, 0.0, 0.0, 0.0, 0.0, 0.0, 0.0, 0.0, 0.0, 0.0, 0.0, 0.0, 0.0, 0.0, 0.0, 0.0, 0.0, 0.0]
[0.0, 0.0, 0.0, 0.0, 0.0, 0.0, 0.0, 0.0, 0.0, 0.0, 0.0, 0.0, 0.0, 0.0, 0.0, 0.0, 0.0, 0.0, 0.0, 0.0, 0.0, 0.0, 0.0, 0.0]
[0.0, 0.0, 0.0, 0.0, 0.0, 0.0, 0.0, 0.0, 0.0, 0.0, 0.0, 0.0, 0.0, 0.0, 0.0, 0.0, 0.0, 0.0, 0.0, 0.0, 0.0, 0.0, 0.0, 0.0]
[0.0, 0.0, 0.0, 0.0, 0.0, 0.0, 0.0, 0.0, 0.0, 0.0, 0.0, 0.0, 0.0, 0.0, 0.0, 0.0, 0.0, 0.0, 0.0, 0.0, 0.0, 0.0, 0.0, 0.0]
[0.0, 0.0, 0.0, 0.0, 0.0, 0.0, 0.0, 0.0, 0.0, 0.0, 0.0, 0.0, 0.0, 0.0, 0.0, 0.0, 0.0, 0.0, 0.0, 0.0, 0.0, 0.0, 0.0, 0.0]
[0.0, 0.0, 0.0, 0.0, 0.0, 0.0, 0.0, 0.0, 0.0, 0.0, 0.0, 0.0, 0.0, 0.0, 0.0, 0.0, 0.0, 0.0, 0.0, 0.0, 0.0, 0.0, 0.0, 0.0]
[0.0, 0.0, 0.0, 0.0, 0.0, 0.0, 0.0, 0.0, 0.0, 0.0, 0.0, 0.0, 0.0, 0.0, 0.0, 0.0, 0.0, 0.0, 0.0, 0.0, 0.0, 0.0, 0.0, 0.0]
[0.0, 0.0, 0.0, 0.0, 0.0, 0.0, 0.0, 0.0, 0.0, 0.0, 0.0, 0.0, 0.0, 0.0, 0.0, 0.0, 0.0, 0.0, 0.0, 0.0, 0.0, 0.0, 0.0, 0.0]
[0.0, 0.0, 0.0, 0.0, 0.0, 0.0, 0.0, 0.0, 0.0, 0.0, 0.0, 0.0, 0.0, 0.0, 0.0, 0.0, 0.0, 0.0, 0.0, 0.0, 0.0, 0.0, 0.0, 0.0]
[0.0, 0.0, 0.0, 0.0, 0.0, 0.0, 0.0, 0.0, 0.0, 0.0, 0.0, 0.0, 0.0, 0.0, 0.0, 0.0, 0.0, 0.0, 0.0, 0.0, 0.0, 0.0, 0.0, 0.0]
[0.0, 0.0, 0.0, 0.0, 0.0, 0.0, 0.0, 0.0, 0.0, 0.0, 0.0, 0.0, 0.0, 0.0, 0.0, 0.0, 0.0, 0.0, 0.0, 0.0, 0.0, 0.0, 0.0, 0.0]
[0.0, 0.0, 0.0, 0.0, 0.0, 0.0, 0.0, 0.0, 0.0, 0.0, 0.0, 0.0, 0.0, 0.0, 0.0, 0.0, 0.0, 0.0, 0.0, 0.0, 0.0, 0.0, 0.0, 0.0]
[0.0, 0.0, 0.0, 0.0, 0.0, 0.0, 0.0, 0.0, 0.0, 0.0, 0.0, 0.0, 0.0, 0.0, 0.0, 0.0, 0.0, 0.0, 0.0, 0.0, 0.0, 0.0, 0.0, 0.0]
[0.0, 0.0, 0.0, 0.0, 0.0, 0.0, 0.0, 0.0, 0.0, 0.0, 0.0, 0.0, 0.0, 0.0, 0.0, 0.0, 0.0, 0.0, 0.0, 0.0, 0.0, 0.0, 0.0, 0.0]
[0.0, 0.0, 0.0, 0.0, 0.0, 0.0, 0.0, 0.0, 0.0, 0.0, 0.0, 0.0, 0.0, 0.0, 0.0, 0.0, 0.0, 0.0, 0.0, 0.0, 0.0, 0.0, 0.0, 0.0]
[0.0, 0.0, 0.0, 0.0, 0.0, 0.0, 0.0, 0.0, 0.0, 0.0, 0.0, 0.0, 0.0, 0.0, 0.0, 0.0, 0.0, 0.0, 0.0, 0.0, 0.0, 0.0, 0.0, 0.0]
[0.0, 0.0, 0.0, 0.0, 0.0, 0.0, 0.0, 0.0, 0.0, 0.0, 0.0, 0.0, 0.0, 0.0, 0.0, 0.0, 0.0, 0.0, 0.0, 0.0, 0.0, 0.0, 0.0, 0.0]
[0.0, 0.0, 0.0, 0.0, 0.0, 0.0, 0.0, 0.0, 0.0, 0.0, 0.0, 0.0, 0.0, 0.0, 0.0, 0.0, 0.0, 0.0, 0.0, 0.0, 0.0, 0.0, 0.0, 0.0]
[0.0, 0.0, 0.0, 0.0, 0.0, 0.0, 0.0, 0.0, 0.0, 0.0, 0.0, 0.0, 0.0, 0.0, 0.0, 0.0, 0.0, 0.0, 0.0, 0.0, 0.0, 0.0, 0.0, 0.0]
[0.0, 0.0, 0.0, 0.0, 0.0, 0.0, 0.0, 0.0, 0.0, 0.0, 0.0, 0.0, 0.0, 0.0, 0.0, 0.0, 0.0, 0.0, 0.0, 0.0, 0.0, 0.0, 0.0, 0.0]
