Academic license - for non-commercial use only
Academic license - for non-commercial use only
Optimize a model with 1964 rows, 860 columns and 5100 nonzeros
Variable types: 840 continuous, 20 integer (20 binary)
Coefficient statistics:
  Matrix range     [1e+00, 1e+09]
  Objective range  [1e+00, 1e+00]
  Bounds range     [0e+00, 0e+00]
  RHS range        [1e-02, 2e+00]
Warning: Model contains large matrix coefficients
         Consider reformulating model or setting NumericFocus parameter
         to avoid numerical issues.
Found heuristic solution: objective -0.0000000
Presolve removed 1370 rows and 630 columns
Presolve time: 0.00s
Presolved: 594 rows, 230 columns, 1770 nonzeros
Variable types: 210 continuous, 20 integer (20 binary)

Root relaxation: objective 1.270213e+01, 40 iterations, 0.00 seconds

    Nodes    |    Current Node    |     Objective Bounds      |     Work
 Expl Unexpl |  Obj  Depth IntInf | Incumbent    BestBd   Gap | It/Node Time

*    0     0               0      12.7021311   12.70213  0.00%     -    0s

Explored 0 nodes (52 simplex iterations) in 0.02 seconds
Thread count was 24 (of 24 available processors)

Solution count 2: 12.7021 -0 

Optimal solution found (tolerance 1.00e-04)
Best objective 1.270213110762e+01, best bound 1.270213110762e+01, gap 0.0000%
num_cluster is 4
card is 5
visit_m is 2
limits_ is [1, 1]
dim is 2
sum dis 65.15785256273162

dis_mat matrix is :
 [Inf, 0.11319831843384735, 0.07837243186505687, 0.19072144949260916, 0.04483011481152739, 0.02553570009608181, 0.3052131011419714, 0.11518188099046363, 0.16368029088818234, 0.08787465385293783, 0.2556605703450404, 0.164570446097067, 0.2253935963394784, 0.14673373932309056, 0.2080935749089041, 0.10552676307469393, 0.2561982819960227, 0.13595158136239607, 0.010244883313534623, 0.1676753151424051]
[0.11319831843384735, Inf, 0.08036205907922889, 0.18491924337318086, 0.10735300730936896, 0.10220248960564611, 0.24420322949329873, 0.16219072114110114, 0.0617237281231426, 0.1911518644498963, 0.1430813845626084, 0.17741258245515612, 0.2179288335027836, 0.12828693851132092, 0.22794425527817394, 0.218620833398561, 0.19969184901103307, 0.0935825276812284, 0.112948014262019, 0.1526615174559023]
[0.07837243186505687, 0.08036205907922889, Inf, 0.12371559557450251, 0.1061139246221391, 0.05384016642352134, 0.22695520555716564, 0.08187879801079449, 0.10375892821367272, 0.12593741375053424, 0.21350701397737729, 0.10621734961914003, 0.1590247176978535, 0.07206150278443904, 0.1560609650890935, 0.16787473588882285, 0.27249808959939403, 0.0577278599801674, 0.08547215858726812, 0.095599779516453]
[0.19072144949260916, 0.18491924337318086, 0.12371559557450251, Inf, 0.22719976418319243, 0.16574434824381915, 0.1463781535996646, 0.09259205697005606, 0.1645533571310729, 0.18650775572902853, 0.2740799454272508, 0.034443365815796906, 0.035346917393107406, 0.05666740750163481, 0.05566538228996363, 0.24316712767773696, 0.38455685641080833, 0.09248547720437494, 0.20010217958426038, 0.03249059758215788]
[0.04483011481152739, 0.10735300730936896, 0.1061139246221391, 0.22719976418319243, Inf, 0.0641806614253786, 0.3292413494914911, 0.15834043960406038, 0.1666838665667929, 0.12735091876605434, 0.24135266141365685, 0.20396587702113972, 0.26242907186318476, 0.17810740810073142, 0.24970616980257845, 0.12948998004218987, 0.21554283485052023, 0.15950388837486498, 0.03503323728718179, 0.20111862003217082]
[0.02553570009608181, 0.10220248960564611, 0.05384016642352134, 0.16574434824381915, 0.0641806614253786, Inf, 0.2801534008035478, 0.09449840154069712, 0.1462207203561818, 0.08936954077689932, 0.24511765817127143, 0.14057721817206836, 0.20060367323165448, 0.12120351838995136, 0.18557648258888648, 0.11964410676002336, 0.26471618949550413, 0.11156506866501603, 0.034395160538734454, 0.14220714006342394]
[0.3052131011419714, 0.24420322949329873, 0.22695520555716564, 0.1463781535996646, 0.3292413494914911, 0.2801534008035478, Inf, 0.23381526295299032, 0.18988149004952637, 0.3258351452443776, 0.25146300652833475, 0.18003736285054447, 0.13403264407247864, 0.16233326345796156, 0.1872717040431108, 0.38006728434419057, 0.41916168177424457, 0.1701806273077348, 0.3124037827853113, 0.1488396487221036]
[0.11518188099046363, 0.16219072114110114, 0.08187879801079449, 0.09259205697005606, 0.15834043960406038, 0.09449840154069712, 0.23381526295299032, Inf, 0.17498209344388618, 0.0939286163347878, 0.28937086247606675, 0.05912570712553413, 0.1222702690964779, 0.0804491866141062, 0.09411681465995526, 0.15063947835768246, 0.3511648013675162, 0.103057093504897, 0.12540921829439153, 0.08559435288220639]
[0.16368029088818234, 0.0617237281231426, 0.10375892821367272, 0.1645533571310729, 0.1666838665667929, 0.1462207203561818, 0.18988149004952637, 0.17498209344388618, Inf, 0.2290078278258612, 0.11509584655739107, 0.16892408833437553, 0.19226043313975708, 0.11343442350475985, 0.21617737345167795, 0.26585902815054663, 0.23399292997728943, 0.07715299557477036, 0.16593978274168353, 0.13309548437460456]
[0.08787465385293783, 0.1911518644498963, 0.12593741375053424, 0.18650775572902853, 0.12735091876605434, 0.08936954077689932, 0.3258351452443776, 0.0939286163347878, 0.2290078278258612, Inf, 0.33346993169833433, 0.15273023457005216, 0.21509211214818172, 0.16586862483604567, 0.1788274937475475, 0.05733489171066707, 0.3426717846900972, 0.17496490418023644, 0.09484127985782037, 0.1770193364348574]
[0.2556605703450404, 0.1430813845626084, 0.21350701397737729, 0.2740799454272508, 0.24135266141365685, 0.24511765817127143, 0.25146300652833475, 0.28937086247606675, 0.11509584655739107, 0.33346993169833433, Inf, 0.2826380035712486, 0.2973231180154207, 0.2270589955811922, 0.32799395443764917, 0.3611773020032647, 0.1910605374613251, 0.19181509790427465, 0.254352875451007, 0.24439077937957343]
[0.164570446097067, 0.17741258245515612, 0.10621734961914003, 0.034443365815796906, 0.20396587702113972, 0.14057721817206836, 0.18003736285054447, 0.05912570712553413, 0.16892408833437553, 0.15273023457005216, 0.2826380035712486, Inf, 0.06342866640664901, 0.05560664190852073, 0.050605755728228355, 0.20968160869817629, 0.3760161863968889, 0.09206098806257465, 0.17439050188319438, 0.04232051893080993]
[0.2253935963394784, 0.2179288335027836, 0.1590247176978535, 0.035346917393107406, 0.26242907186318476, 0.20060367323165448, 0.13403264407247864, 0.1222702690964779, 0.19226043313975708, 0.21509211214818172, 0.2973231180154207, 0.06342866640664901, Inf, 0.09053590597436131, 0.05325573051352208, 0.27231045479233423, 0.4171346914813119, 0.12453151584978794, 0.23489703445189788, 0.06567104337541337]
[0.14673373932309056, 0.12828693851132092, 0.07206150278443904, 0.05666740750163481, 0.17810740810073142, 0.12120351838995136, 0.16233326345796156, 0.0804491866141062, 0.11343442350475985, 0.16586862483604567, 0.2270589955811922, 0.05560664190852073, 0.09053590597436131, Inf, 0.10330565901969029, 0.2183994329671753, 0.327962110508355, 0.0372449049447241, 0.1550816728272917, 0.024891419468952326]
[0.2080935749089041, 0.22794425527817394, 0.1560609650890935, 0.05566538228996363, 0.24970616980257845, 0.18557648258888648, 0.1872717040431108, 0.09411681465995526, 0.21617737345167795, 0.1788274937475475, 0.32799395443764917, 0.050605755728228355, 0.05325573051352208, 0.10330565901969029, Inf, 0.23581015347068937, 0.42661365196617757, 0.1405252940364828, 0.21821666081980212, 0.08361418668812556]
[0.10552676307469393, 0.218620833398561, 0.16787473588882285, 0.24316712767773696, 0.12948998004218987, 0.11964410676002336, 0.38006728434419057, 0.15063947835768246, 0.26585902815054663, 0.05733489171066707, 0.3611773020032647, 0.20968160869817629, 0.27231045479233423, 0.2183994329671753, 0.23581015347068937, Inf, 0.33935038522627387, 0.22222410622670147, 0.10735164036187554, 0.23176077302633127]
[0.2561982819960227, 0.19969184901103307, 0.27249808959939403, 0.38455685641080833, 0.21554283485052023, 0.26471618949550413, 0.41916168177424457, 0.3511648013675162, 0.23399292997728943, 0.3426717846900972, 0.1910605374613251, 0.3760161863968889, 0.4171346914813119, 0.327962110508355, 0.42661365196617757, 0.33935038522627387, Inf, 0.2926128873689723, 0.24817047425556557, 0.35221418342122657]
[0.13595158136239607, 0.0935825276812284, 0.0577278599801674, 0.09248547720437494, 0.15950388837486498, 0.11156506866501603, 0.1701806273077348, 0.103057093504897, 0.07715299557477036, 0.17496490418023644, 0.19181509790427465, 0.09206098806257465, 0.12453151584978794, 0.0372449049447241, 0.1405252940364828, 0.22222410622670147, 0.2926128873689723, Inf, 0.14261167395094665, 0.05999511120186619]
[0.010244883313534623, 0.112948014262019, 0.08547215858726812, 0.20010217958426038, 0.03503323728718179, 0.034395160538734454, 0.3124037827853113, 0.12540921829439153, 0.16593978274168353, 0.09484127985782037, 0.254352875451007, 0.17439050188319438, 0.23489703445189788, 0.1550816728272917, 0.21821666081980212, 0.10735164036187554, 0.24817047425556557, 0.14261167395094665, Inf, 0.17647785155191542]
[0.1676753151424051, 0.1526615174559023, 0.095599779516453, 0.03249059758215788, 0.20111862003217082, 0.14220714006342394, 0.1488396487221036, 0.08559435288220639, 0.13309548437460456, 0.1770193364348574, 0.24439077937957343, 0.04232051893080993, 0.06567104337541337, 0.024891419468952326, 0.08361418668812556, 0.23176077302633127, 0.35221418342122657, 0.05999511120186619, 0.17647785155191542, Inf]
data points matrix is :
 [0.47702533706932715, 0.5697034919958014]
[0.42190522712954404, 0.4708316922929694]
[0.4987342781660548, 0.4943977156376641]
[0.6009955324995497, 0.42476881035764313]
[0.4328997805738085, 0.5776202121484606]
[0.48954604255420014, 0.5474480676332307]
[0.5751435069653779, 0.2806916205355636]
[0.5781100647007165, 0.5144880634618385]
[0.43702029998413067, 0.41098728414968366]
[0.5570428555756239, 0.6060236175719622]
[0.3354759889951108, 0.3568041982230984]
[0.598932826105852, 0.4591503561497422]
[0.629129816247723, 0.40337099160963913]
[0.546551706051795, 0.4404871065338546]
[0.6491294909933977, 0.4527287249712524]
[0.5340034291466234, 0.6585257569311977]
[0.22694554043330079, 0.5140469109635708]
[0.5094137744695775, 0.43766629421537945]
[0.4677513044010938, 0.5740566462747675]
[0.5688363429151005, 0.4293975743953943]




 AdNNnew 
obj val AdNNnew 12.702131107615493
x vector is :
 [0.9999999989217635, 1.0, 1.0281555652533649e-9, 1.0152717883440105e-9, 1.0348092283577782e-9, 1.0, 0.9999999973584908, 1.053723220675551e-9, 1.0475807008285432e-9, 1.040205383565308e-9, 0.9999999974390718, 1.0, 1.0128621365699791e-9, 1.0076726102384044e-9, 1.0403935818902874e-9, 1.0, 0.999999997452985, 1.0295722826690747e-9, 1.0002239968943706e-9, 1.0172187972056565e-9]y vector is :
 [0.010020883497176447, 0.014143021247018606, 1.028155570253365, 1.0152717933440105, 1.034809233357778, 0.015514819677141745, 0.12117050463114687, 1.0537232256755509, 1.0475807058285431, 1.040205388565308, 0.0675151427421955, 0.005402480396259895, 1.012862141569979, 1.0076726152384043, 1.0403935868902874, 0.017129502105153627, 0.12354540082707288, 1.0295722876690745, 1.0002240018943704, 1.0172188022056563]z matrix is :
 [0.0, 3.078236554543423e-9, 1.000000002050081, 1.0000000020629647, 1.0000000020434274, 3.078236554543423e-9, 6.219745829483259e-9, 1.0000000020245132, 1.0000000020306559, 1.000000002038031, 6.139164954177545e-9, 3.078236554543423e-9, 1.0000000020653743, 1.000000002070564, 1.000000002037843, 3.078236554543423e-9, 6.1252516392329426e-9, 1.0000000020486643, 1.0000000020780127, 1.0000000020610178]
[3.078236554543423e-9, 0.0, 0.9999999989718444, 0.9999999989847281, 0.9999999989651909, 0.0, 3.1415092749398354e-9, 0.9999999989462767, 0.9999999989524193, 0.9999999989597945, 3.060928399634122e-9, 0.0, 0.9999999989871378, 0.9999999989923274, 0.9999999989596065, 0.0, 3.0470150846895194e-9, 0.9999999989704278, 0.9999999989997761, 0.9999999989827812]
[1.000000002050081, 0.9999999989718444, 0.0, 1.9999999979565726, 1.9999999979370353, 0.9999999989718444, 1.0000000021133537, 1.999999997918121, 1.9999999979242638, 1.999999997931639, 1.0000000020327728, 0.9999999989718444, 1.9999999979589822, 1.9999999979641718, 1.999999997931451, 0.9999999989718444, 1.0000000020188595, 1.9999999979422722, 1.9999999979716205, 1.9999999979546257]
[1.0000000020629647, 0.9999999989847281, 1.9999999979565726, 0.0, 1.999999997949919, 0.9999999989847282, 1.0000000021262374, 1.9999999979310048, 1.9999999979371474, 1.9999999979445227, 1.0000000020456565, 0.9999999989847282, 1.999999997971866, 1.9999999979770555, 1.9999999979443346, 0.9999999989847282, 1.0000000020317432, 1.999999997955156, 1.9999999979845042, 1.9999999979675094]
[1.0000000020434274, 0.9999999989651909, 1.9999999979370353, 1.999999997949919, 0.0, 0.9999999989651908, 1.0000000021067001, 1.9999999979114675, 1.9999999979176102, 1.9999999979249854, 1.0000000020261193, 0.9999999989651908, 1.9999999979523286, 1.9999999979575183, 1.9999999979247973, 0.9999999989651908, 1.000000002012206, 1.9999999979356187, 1.999999997964967, 1.9999999979479721]
[3.078236554543423e-9, 0.0, 0.9999999989718444, 0.9999999989847282, 0.9999999989651908, 0.0, 3.1415092749398354e-9, 0.9999999989462767, 0.9999999989524193, 0.9999999989597945, 3.060928399634122e-9, 0.0, 0.9999999989871378, 0.9999999989923274, 0.9999999989596065, 0.0, 3.0470150846895194e-9, 0.9999999989704278, 0.9999999989997761, 0.9999999989827812]
[6.219745829483259e-9, 3.1415092749398354e-9, 1.0000000021133537, 1.0000000021262374, 1.0000000021067001, 3.1415092749398354e-9, 0.0, 1.000000002087786, 1.0000000020939286, 1.0000000021013038, 6.202437674573957e-9, 3.1415092749398354e-9, 1.000000002128647, 1.0000000021338367, 1.0000000021011157, 3.1415092749398354e-9, 6.188524359629355e-9, 1.000000002111937, 1.0000000021412854, 1.0000000021242905]
[1.0000000020245132, 0.9999999989462767, 1.999999997918121, 1.9999999979310048, 1.9999999979114675, 0.9999999989462767, 1.000000002087786, 0.0, 1.999999997898696, 1.9999999979060712, 1.000000002007205, 0.9999999989462768, 1.9999999979334144, 1.999999997938604, 1.9999999979058831, 0.9999999989462768, 1.0000000019932918, 1.9999999979167045, 1.9999999979460528, 1.999999997929058]
[1.0000000020306559, 0.9999999989524193, 1.9999999979242638, 1.9999999979371474, 1.9999999979176102, 0.9999999989524193, 1.0000000020939286, 1.999999997898696, 0.0, 1.9999999979122138, 1.0000000020133477, 0.9999999989524193, 1.999999997939557, 1.9999999979447467, 1.9999999979120258, 0.9999999989524193, 1.0000000019994344, 1.999999997922847, 1.9999999979521954, 1.9999999979352006]
[1.000000002038031, 0.9999999989597945, 1.999999997931639, 1.9999999979445227, 1.9999999979249854, 0.9999999989597945, 1.0000000021013038, 1.9999999979060712, 1.9999999979122138, 0.0, 1.000000002020723, 0.9999999989597946, 1.9999999979469323, 1.999999997952122, 1.999999997919401, 0.9999999989597946, 1.0000000020068096, 1.9999999979302223, 1.9999999979595706, 1.9999999979425758]
[6.139164954177545e-9, 3.060928399634122e-9, 1.0000000020327728, 1.0000000020456565, 1.0000000020261193, 3.060928399634122e-9, 6.202437674573957e-9, 1.000000002007205, 1.0000000020133477, 1.000000002020723, 0.0, 3.0609282886118194e-9, 1.0000000020480662, 1.0000000020532558, 1.0000000020205349, 3.0609282886118194e-9, 6.107943373301339e-9, 1.000000002031356, 1.0000000020607045, 1.0000000020437096]
[3.078236554543423e-9, 0.0, 0.9999999989718444, 0.9999999989847282, 0.9999999989651908, 0.0, 3.1415092749398354e-9, 0.9999999989462768, 0.9999999989524193, 0.9999999989597946, 3.0609282886118194e-9, 0.0, 0.9999999989871378, 0.9999999989923274, 0.9999999989596065, 0.0, 3.0470150846895194e-9, 0.9999999989704278, 0.9999999989997761, 0.9999999989827812]
[1.0000000020653743, 0.9999999989871378, 1.9999999979589822, 1.999999997971866, 1.9999999979523286, 0.9999999989871378, 1.000000002128647, 1.9999999979334144, 1.999999997939557, 1.9999999979469323, 1.0000000020480662, 0.9999999989871378, 0.0, 1.9999999979794651, 1.9999999979467442, 0.9999999989871379, 1.0000000020341528, 1.9999999979575656, 1.9999999979869139, 1.999999997969919]
[1.000000002070564, 0.9999999989923274, 1.9999999979641718, 1.9999999979770555, 1.9999999979575183, 0.9999999989923274, 1.0000000021338367, 1.999999997938604, 1.9999999979447467, 1.999999997952122, 1.0000000020532558, 0.9999999989923274, 1.9999999979794651, 0.0, 1.9999999979519338, 0.9999999989923274, 1.0000000020393425, 1.9999999979627552, 1.9999999979921035, 1.9999999979751086]
[1.000000002037843, 0.9999999989596065, 1.999999997931451, 1.9999999979443346, 1.9999999979247973, 0.9999999989596065, 1.0000000021011157, 1.9999999979058831, 1.9999999979120258, 1.999999997919401, 1.0000000020205349, 0.9999999989596065, 1.9999999979467442, 1.9999999979519338, 0.0, 0.9999999989596065, 1.0000000020066215, 1.9999999979300342, 1.9999999979593825, 1.9999999979423877]
[3.078236554543423e-9, 0.0, 0.9999999989718444, 0.9999999989847282, 0.9999999989651908, 0.0, 3.1415092749398354e-9, 0.9999999989462768, 0.9999999989524193, 0.9999999989597946, 3.0609282886118194e-9, 0.0, 0.9999999989871379, 0.9999999989923274, 0.9999999989596065, 0.0, 3.0470150846895194e-9, 0.9999999989704278, 0.9999999989997761, 0.9999999989827812]
[6.1252516392329426e-9, 3.0470150846895194e-9, 1.0000000020188595, 1.0000000020317432, 1.000000002012206, 3.0470150846895194e-9, 6.188524359629355e-9, 1.0000000019932918, 1.0000000019994344, 1.0000000020068096, 6.107943373301339e-9, 3.0470150846895194e-9, 1.0000000020341528, 1.0000000020393425, 1.0000000020066215, 3.0470150846895194e-9, 0.0, 1.0000000020174429, 1.0000000020467912, 1.0000000020297963]
[1.0000000020486643, 0.9999999989704278, 1.9999999979422722, 1.999999997955156, 1.9999999979356187, 0.9999999989704278, 1.000000002111937, 1.9999999979167045, 1.999999997922847, 1.9999999979302223, 1.000000002031356, 0.9999999989704278, 1.9999999979575656, 1.9999999979627552, 1.9999999979300342, 0.9999999989704278, 1.0000000020174429, 0.0, 1.999999997970204, 1.999999997953209]
[1.0000000020780127, 0.9999999989997761, 1.9999999979716205, 1.9999999979845042, 1.999999997964967, 0.9999999989997761, 1.0000000021412854, 1.9999999979460528, 1.9999999979521954, 1.9999999979595706, 1.0000000020607045, 0.9999999989997761, 1.9999999979869139, 1.9999999979921035, 1.9999999979593825, 0.9999999989997761, 1.0000000020467912, 1.999999997970204, 0.0, 1.9999999979825573]
[1.0000000020610178, 0.9999999989827812, 1.9999999979546257, 1.9999999979675094, 1.9999999979479721, 0.9999999989827812, 1.0000000021242905, 1.999999997929058, 1.9999999979352006, 1.9999999979425758, 1.0000000020437096, 0.9999999989827812, 1.999999997969919, 1.9999999979751086, 1.9999999979423877, 0.9999999989827812, 1.0000000020297963, 1.999999997953209, 1.9999999979825573, 0.0]
w vector is :
 [0.010020883497176447, 0.014143021247018606, 1.028155570253365, 1.0152717933440105, 1.034809233357778, 0.015514819677141745, 0.12117050463114687, 1.0537232256755509, 1.0475807058285431, 1.040205388565308, 0.0675151427421955, 0.005402480396259895, 1.012862141569979, 1.0076726152384043, 1.0403935868902874, 0.017129502105153627, 0.12354540082707288, 1.0295722876690745, 1.0002240018943704, 1.0172188022056563]p matrix is :
 [0.0, 0.0, 0.0, 0.0, 0.0, 0.0, 0.0, 0.0, 0.0, 0.0, 0.0, 0.0, 0.0, 0.0, 0.0, 0.0, 0.0, 0.0, 0.0, 0.0]
[0.0, 0.0, 0.0, 0.0, 0.0, 0.0, 0.0, 0.0, 0.0, 0.0, 0.0, 0.0, 0.0, 0.0, 0.0, 0.0, 0.0, 0.0, 0.0, 0.0]
[0.0, 0.0, 0.0, 0.0, 0.0, 0.0, 0.0, 0.0, 0.0, 0.0, 0.0, 0.0, 0.0, 0.0, 0.0, 0.0, 0.0, 0.0, 0.0, 0.0]
[0.0, 0.0, 0.0, 0.0, 0.0, 0.0, 0.0, 0.0, 0.0, 0.0, 0.0, 0.0, 0.0, 0.0, 0.0, 0.0, 0.0, 0.0, 0.0, 0.0]
[0.0, 0.0, 0.0, 0.0, 0.0, 0.0, 0.0, 0.0, 0.0, 0.0, 0.0, 0.0, 0.0, 0.0, 0.0, 0.0, 0.0, 0.0, 0.0, 0.0]
[0.0, 0.0, 0.0, 0.0, 0.0, 0.0, 0.0, 0.0, 0.0, 0.0, 0.0, 0.0, 0.0, 0.0, 0.0, 0.0, 0.0, 0.0, 0.0, 0.0]
[0.0, 0.0, 0.0, 0.0, 0.0, 0.0, 0.0, 0.0, 0.0, 0.0, 0.0, 0.0, 0.0, 0.0, 0.0, 0.0, 0.0, 0.0, 0.0, 0.0]
[0.0, 0.0, 0.0, 0.0, 0.0, 0.0, 0.0, 0.0, 0.0, 0.0, 0.0, 0.0, 0.0, 0.0, 0.0, 0.0, 0.0, 0.0, 0.0, 0.0]
[0.0, 0.0, 0.0, 0.0, 0.0, 0.0, 0.0, 0.0, 0.0, 0.0, 0.0, 0.0, 0.0, 0.0, 0.0, 0.0, 0.0, 0.0, 0.0, 0.0]
[0.0, 0.0, 0.0, 0.0, 0.0, 0.0, 0.0, 0.0, 0.0, 0.0, 0.0, 0.0, 0.0, 0.0, 0.0, 0.0, 0.0, 0.0, 0.0, 0.0]
[0.0, 0.0, 0.0, 0.0, 0.0, 0.0, 0.0, 0.0, 0.0, 0.0, 0.0, 0.0, 0.0, 0.0, 0.0, 0.0, 0.0, 0.0, 0.0, 0.0]
[0.0, 0.0, 0.0, 0.0, 0.0, 0.0, 0.0, 0.0, 0.0, 0.0, 0.0, 0.0, 0.0, 0.0, 0.0, 0.0, 0.0, 0.0, 0.0, 0.0]
[0.0, 0.0, 0.0, 0.0, 0.0, 0.0, 0.0, 0.0, 0.0, 0.0, 0.0, 0.0, 0.0, 0.0, 0.0, 0.0, 0.0, 0.0, 0.0, 0.0]
[0.0, 0.0, 0.0, 0.0, 0.0, 0.0, 0.0, 0.0, 0.0, 0.0, 0.0, 0.0, 0.0, 0.0, 0.0, 0.0, 0.0, 0.0, 0.0, 0.0]
[0.0, 0.0, 0.0, 0.0, 0.0, 0.0, 0.0, 0.0, 0.0, 0.0, 0.0, 0.0, 0.0, 0.0, 0.0, 0.0, 0.0, 0.0, 0.0, 0.0]
[0.0, 0.0, 0.0, 0.0, 0.0, 0.0, 0.0, 0.0, 0.0, 0.0, 0.0, 0.0, 0.0, 0.0, 0.0, 0.0, 0.0, 0.0, 0.0, 0.0]
[0.0, 0.0, 0.0, 0.0, 0.0, 0.0, 0.0, 0.0, 0.0, 0.0, 0.0, 0.0, 0.0, 0.0, 0.0, 0.0, 0.0, 0.0, 0.0, 0.0]
[0.0, 0.0, 0.0, 0.0, 0.0, 0.0, 0.0, 0.0, 0.0, 0.0, 0.0, 0.0, 0.0, 0.0, 0.0, 0.0, 0.0, 0.0, 0.0, 0.0]
[0.0, 0.0, 0.0, 0.0, 0.0, 0.0, 0.0, 0.0, 0.0, 0.0, 0.0, 0.0, 0.0, 0.0, 0.0, 0.0, 0.0, 0.0, 0.0, 0.0]
[0.0, 0.0, 0.0, 0.0, 0.0, 0.0, 0.0, 0.0, 0.0, 0.0, 0.0, 0.0, 0.0, 0.0, 0.0, 0.0, 0.0, 0.0, 0.0, 0.0]
