Academic license - for non-commercial use only
Academic license - for non-commercial use only
Optimize a model with 1965 rows, 860 columns and 5100 nonzeros
Variable types: 840 continuous, 20 integer (20 binary)
Coefficient statistics:
  Matrix range     [1e+00, 1e+09]
  Objective range  [1e+00, 1e+00]
  Bounds range     [0e+00, 0e+00]
  RHS range        [1e-02, 2e+00]
Warning: Model contains large matrix coefficients
         Consider reformulating model or setting NumericFocus parameter
         to avoid numerical issues.
Found heuristic solution: objective -0.0000000
Presolve removed 1370 rows and 630 columns
Presolve time: 0.02s
Presolved: 595 rows, 230 columns, 1770 nonzeros
Variable types: 210 continuous, 20 integer (20 binary)

Root relaxation: objective 1.070213e+01, 38 iterations, 0.00 seconds

    Nodes    |    Current Node    |     Objective Bounds      |     Work
 Expl Unexpl |  Obj  Depth IntInf | Incumbent    BestBd   Gap | It/Node Time

*    0     0               0      10.7021311   10.70213  0.00%     -    0s

Explored 0 nodes (48 simplex iterations) in 0.02 seconds
Thread count was 24 (of 24 available processors)

Solution count 2: 10.7021 -0 

Optimal solution found (tolerance 1.00e-04)
Best objective 1.070213110762e+01, best bound 1.070213110762e+01, gap 0.0000%
num_cluster is 5
card is 4
visit_m is 2
limits_ is [1, 1]
dim is 2
sum dis 65.15785256273162

dis_mat matrix is :
 [Inf, 0.11319831843384735, 0.07837243186505687, 0.19072144949260916, 0.04483011481152739, 0.02553570009608181, 0.3052131011419714, 0.11518188099046363, 0.16368029088818234, 0.08787465385293783, 0.2556605703450404, 0.164570446097067, 0.2253935963394784, 0.14673373932309056, 0.2080935749089041, 0.10552676307469393, 0.2561982819960227, 0.13595158136239607, 0.010244883313534623, 0.1676753151424051]
[0.11319831843384735, Inf, 0.08036205907922889, 0.18491924337318086, 0.10735300730936896, 0.10220248960564611, 0.24420322949329873, 0.16219072114110114, 0.0617237281231426, 0.1911518644498963, 0.1430813845626084, 0.17741258245515612, 0.2179288335027836, 0.12828693851132092, 0.22794425527817394, 0.218620833398561, 0.19969184901103307, 0.0935825276812284, 0.112948014262019, 0.1526615174559023]
[0.07837243186505687, 0.08036205907922889, Inf, 0.12371559557450251, 0.1061139246221391, 0.05384016642352134, 0.22695520555716564, 0.08187879801079449, 0.10375892821367272, 0.12593741375053424, 0.21350701397737729, 0.10621734961914003, 0.1590247176978535, 0.07206150278443904, 0.1560609650890935, 0.16787473588882285, 0.27249808959939403, 0.0577278599801674, 0.08547215858726812, 0.095599779516453]
[0.19072144949260916, 0.18491924337318086, 0.12371559557450251, Inf, 0.22719976418319243, 0.16574434824381915, 0.1463781535996646, 0.09259205697005606, 0.1645533571310729, 0.18650775572902853, 0.2740799454272508, 0.034443365815796906, 0.035346917393107406, 0.05666740750163481, 0.05566538228996363, 0.24316712767773696, 0.38455685641080833, 0.09248547720437494, 0.20010217958426038, 0.03249059758215788]
[0.04483011481152739, 0.10735300730936896, 0.1061139246221391, 0.22719976418319243, Inf, 0.0641806614253786, 0.3292413494914911, 0.15834043960406038, 0.1666838665667929, 0.12735091876605434, 0.24135266141365685, 0.20396587702113972, 0.26242907186318476, 0.17810740810073142, 0.24970616980257845, 0.12948998004218987, 0.21554283485052023, 0.15950388837486498, 0.03503323728718179, 0.20111862003217082]
[0.02553570009608181, 0.10220248960564611, 0.05384016642352134, 0.16574434824381915, 0.0641806614253786, Inf, 0.2801534008035478, 0.09449840154069712, 0.1462207203561818, 0.08936954077689932, 0.24511765817127143, 0.14057721817206836, 0.20060367323165448, 0.12120351838995136, 0.18557648258888648, 0.11964410676002336, 0.26471618949550413, 0.11156506866501603, 0.034395160538734454, 0.14220714006342394]
[0.3052131011419714, 0.24420322949329873, 0.22695520555716564, 0.1463781535996646, 0.3292413494914911, 0.2801534008035478, Inf, 0.23381526295299032, 0.18988149004952637, 0.3258351452443776, 0.25146300652833475, 0.18003736285054447, 0.13403264407247864, 0.16233326345796156, 0.1872717040431108, 0.38006728434419057, 0.41916168177424457, 0.1701806273077348, 0.3124037827853113, 0.1488396487221036]
[0.11518188099046363, 0.16219072114110114, 0.08187879801079449, 0.09259205697005606, 0.15834043960406038, 0.09449840154069712, 0.23381526295299032, Inf, 0.17498209344388618, 0.0939286163347878, 0.28937086247606675, 0.05912570712553413, 0.1222702690964779, 0.0804491866141062, 0.09411681465995526, 0.15063947835768246, 0.3511648013675162, 0.103057093504897, 0.12540921829439153, 0.08559435288220639]
[0.16368029088818234, 0.0617237281231426, 0.10375892821367272, 0.1645533571310729, 0.1666838665667929, 0.1462207203561818, 0.18988149004952637, 0.17498209344388618, Inf, 0.2290078278258612, 0.11509584655739107, 0.16892408833437553, 0.19226043313975708, 0.11343442350475985, 0.21617737345167795, 0.26585902815054663, 0.23399292997728943, 0.07715299557477036, 0.16593978274168353, 0.13309548437460456]
[0.08787465385293783, 0.1911518644498963, 0.12593741375053424, 0.18650775572902853, 0.12735091876605434, 0.08936954077689932, 0.3258351452443776, 0.0939286163347878, 0.2290078278258612, Inf, 0.33346993169833433, 0.15273023457005216, 0.21509211214818172, 0.16586862483604567, 0.1788274937475475, 0.05733489171066707, 0.3426717846900972, 0.17496490418023644, 0.09484127985782037, 0.1770193364348574]
[0.2556605703450404, 0.1430813845626084, 0.21350701397737729, 0.2740799454272508, 0.24135266141365685, 0.24511765817127143, 0.25146300652833475, 0.28937086247606675, 0.11509584655739107, 0.33346993169833433, Inf, 0.2826380035712486, 0.2973231180154207, 0.2270589955811922, 0.32799395443764917, 0.3611773020032647, 0.1910605374613251, 0.19181509790427465, 0.254352875451007, 0.24439077937957343]
[0.164570446097067, 0.17741258245515612, 0.10621734961914003, 0.034443365815796906, 0.20396587702113972, 0.14057721817206836, 0.18003736285054447, 0.05912570712553413, 0.16892408833437553, 0.15273023457005216, 0.2826380035712486, Inf, 0.06342866640664901, 0.05560664190852073, 0.050605755728228355, 0.20968160869817629, 0.3760161863968889, 0.09206098806257465, 0.17439050188319438, 0.04232051893080993]
[0.2253935963394784, 0.2179288335027836, 0.1590247176978535, 0.035346917393107406, 0.26242907186318476, 0.20060367323165448, 0.13403264407247864, 0.1222702690964779, 0.19226043313975708, 0.21509211214818172, 0.2973231180154207, 0.06342866640664901, Inf, 0.09053590597436131, 0.05325573051352208, 0.27231045479233423, 0.4171346914813119, 0.12453151584978794, 0.23489703445189788, 0.06567104337541337]
[0.14673373932309056, 0.12828693851132092, 0.07206150278443904, 0.05666740750163481, 0.17810740810073142, 0.12120351838995136, 0.16233326345796156, 0.0804491866141062, 0.11343442350475985, 0.16586862483604567, 0.2270589955811922, 0.05560664190852073, 0.09053590597436131, Inf, 0.10330565901969029, 0.2183994329671753, 0.327962110508355, 0.0372449049447241, 0.1550816728272917, 0.024891419468952326]
[0.2080935749089041, 0.22794425527817394, 0.1560609650890935, 0.05566538228996363, 0.24970616980257845, 0.18557648258888648, 0.1872717040431108, 0.09411681465995526, 0.21617737345167795, 0.1788274937475475, 0.32799395443764917, 0.050605755728228355, 0.05325573051352208, 0.10330565901969029, Inf, 0.23581015347068937, 0.42661365196617757, 0.1405252940364828, 0.21821666081980212, 0.08361418668812556]
[0.10552676307469393, 0.218620833398561, 0.16787473588882285, 0.24316712767773696, 0.12948998004218987, 0.11964410676002336, 0.38006728434419057, 0.15063947835768246, 0.26585902815054663, 0.05733489171066707, 0.3611773020032647, 0.20968160869817629, 0.27231045479233423, 0.2183994329671753, 0.23581015347068937, Inf, 0.33935038522627387, 0.22222410622670147, 0.10735164036187554, 0.23176077302633127]
[0.2561982819960227, 0.19969184901103307, 0.27249808959939403, 0.38455685641080833, 0.21554283485052023, 0.26471618949550413, 0.41916168177424457, 0.3511648013675162, 0.23399292997728943, 0.3426717846900972, 0.1910605374613251, 0.3760161863968889, 0.4171346914813119, 0.327962110508355, 0.42661365196617757, 0.33935038522627387, Inf, 0.2926128873689723, 0.24817047425556557, 0.35221418342122657]
[0.13595158136239607, 0.0935825276812284, 0.0577278599801674, 0.09248547720437494, 0.15950388837486498, 0.11156506866501603, 0.1701806273077348, 0.103057093504897, 0.07715299557477036, 0.17496490418023644, 0.19181509790427465, 0.09206098806257465, 0.12453151584978794, 0.0372449049447241, 0.1405252940364828, 0.22222410622670147, 0.2926128873689723, Inf, 0.14261167395094665, 0.05999511120186619]
[0.010244883313534623, 0.112948014262019, 0.08547215858726812, 0.20010217958426038, 0.03503323728718179, 0.034395160538734454, 0.3124037827853113, 0.12540921829439153, 0.16593978274168353, 0.09484127985782037, 0.254352875451007, 0.17439050188319438, 0.23489703445189788, 0.1550816728272917, 0.21821666081980212, 0.10735164036187554, 0.24817047425556557, 0.14261167395094665, Inf, 0.17647785155191542]
[0.1676753151424051, 0.1526615174559023, 0.095599779516453, 0.03249059758215788, 0.20111862003217082, 0.14220714006342394, 0.1488396487221036, 0.08559435288220639, 0.13309548437460456, 0.1770193364348574, 0.24439077937957343, 0.04232051893080993, 0.06567104337541337, 0.024891419468952326, 0.08361418668812556, 0.23176077302633127, 0.35221418342122657, 0.05999511120186619, 0.17647785155191542, Inf]
data points matrix is :
 [0.47702533706932715, 0.5697034919958014]
[0.42190522712954404, 0.4708316922929694]
[0.4987342781660548, 0.4943977156376641]
[0.6009955324995497, 0.42476881035764313]
[0.4328997805738085, 0.5776202121484606]
[0.48954604255420014, 0.5474480676332307]
[0.5751435069653779, 0.2806916205355636]
[0.5781100647007165, 0.5144880634618385]
[0.43702029998413067, 0.41098728414968366]
[0.5570428555756239, 0.6060236175719622]
[0.3354759889951108, 0.3568041982230984]
[0.598932826105852, 0.4591503561497422]
[0.629129816247723, 0.40337099160963913]
[0.546551706051795, 0.4404871065338546]
[0.6491294909933977, 0.4527287249712524]
[0.5340034291466234, 0.6585257569311977]
[0.22694554043330079, 0.5140469109635708]
[0.5094137744695775, 0.43766629421537945]
[0.4677513044010938, 0.5740566462747675]
[0.5688363429151005, 0.4293975743953943]




 AdNNnew 
obj val AdNNnew 10.702131107615493
x vector is :
 [1.0, 1.0, 1.0374449544748463e-9, 1.0197514901690146e-9, 1.0, 0.9999999982799325, 1.1184372167497002e-9, 1.0444338314540693e-9, 1.0, 0.999999998369886, 1.0582257443922712e-9, 1.014691863612339e-9, 0.9999999983495548, 1.0, 1.0359138800652837e-9, 1.0573348877262498e-9, 1.0, 0.9999999984298404, 1.0002239968943704e-9, 1.0127390953806526e-9]y vector is :
 [0.010020882476136528, 0.004853632016248222, 1.0374449594748463, 1.0197514951690145, 0.034809234392587554, 0.015514821840012627, 1.1184372217497, 1.0444338364540693, 0.0568700961068942, 0.0, 1.058225749392271, 1.014691868612339, 0.015595423297590227, 0.012152318075560622, 1.0359138850652836, 1.0573348927262498, 0.13283478701082815, 0.020282901480839444, 1.0002240018943702, 1.0127391003806525]z matrix is :
 [0.0, 2.057196413218776e-9, 1.0000000010197514, 1.000000001037445, 2.057196413218776e-9, 4.220067628679658e-9, 1.0000000009387593, 1.0000000010127625, 2.057196413218776e-9, 4.130114028555454e-9, 1.0000000009989707, 1.0000000010425045, 4.1504450987162045e-9, 2.057196413218776e-9, 1.0000000010212826, 1.0000000009998615, 2.057196413218776e-9, 4.070159542735041e-9, 1.0000000010569725, 1.0000000010444574]
[2.057196413218776e-9, 0.0, 0.999999998962555, 0.9999999989802486, 0.0, 2.162871215460882e-9, 0.9999999988815629, 0.9999999989555661, 0.0, 2.072917615336678e-9, 0.9999999989417743, 0.9999999989853081, 2.0932486854974286e-9, 0.0, 0.9999999989640862, 0.9999999989426651, 0.0, 2.0129631295162653e-9, 0.9999999989997761, 0.999999998987261]
[1.0000000010197514, 0.999999998962555, 0.0, 1.9999999979428036, 0.9999999989625551, 1.0000000011254262, 1.9999999978441179, 1.999999997918121, 0.9999999989625551, 1.0000000010354726, 1.9999999979043293, 1.999999997947863, 1.0000000010558037, 0.9999999989625551, 1.9999999979266412, 1.99999999790522, 0.9999999989625551, 1.000000000975518, 1.999999997962331, 1.999999997949816]
[1.000000001037445, 0.9999999989802486, 1.9999999979428036, 0.0, 0.9999999989802485, 1.0000000011431198, 1.9999999978618115, 1.9999999979358147, 0.9999999989802485, 1.0000000010531662, 1.9999999979220229, 1.9999999979655567, 1.0000000010734973, 0.9999999989802485, 1.9999999979443348, 1.9999999979229137, 0.9999999989802485, 1.0000000009932117, 1.9999999979800247, 1.9999999979675096]
[2.057196413218776e-9, 0.0, 0.9999999989625551, 0.9999999989802485, 0.0, 2.162871215460882e-9, 0.9999999988815629, 0.9999999989555661, 0.0, 2.072917615336678e-9, 0.9999999989417743, 0.9999999989853081, 2.0932486854974286e-9, 0.0, 0.9999999989640862, 0.9999999989426651, 0.0, 2.0129631295162653e-9, 0.9999999989997761, 0.999999998987261]
[4.220067628679658e-9, 2.162871215460882e-9, 1.0000000011254262, 1.0000000011431198, 2.162871215460882e-9, 0.0, 1.0000000010444339, 1.0000000011184373, 2.1628711044385796e-9, 4.2357887197752575e-9, 1.0000000011046453, 1.0000000011481793, 4.256119789936008e-9, 2.1628711044385796e-9, 1.0000000011269572, 1.000000001105536, 2.1628711044385796e-9, 4.175834233954845e-9, 1.0000000011626473, 1.000000001150132]
[1.0000000009387593, 0.9999999988815629, 1.9999999978441179, 1.9999999978618115, 0.9999999988815629, 1.0000000010444339, 0.0, 1.999999997837129, 0.9999999988815628, 1.0000000009544805, 1.9999999978233372, 1.999999997866871, 1.0000000009748116, 0.9999999988815628, 1.999999997845649, 1.999999997824228, 0.9999999988815628, 1.000000000894526, 1.999999997881339, 1.9999999978688239]
[1.0000000010127625, 0.9999999989555661, 1.999999997918121, 1.9999999979358147, 0.9999999989555661, 1.0000000011184373, 1.999999997837129, 0.0, 0.9999999989555661, 1.0000000010284837, 1.9999999978973404, 1.9999999979408742, 1.0000000010488148, 0.9999999989555661, 1.9999999979196523, 1.9999999978982312, 0.9999999989555661, 1.0000000009685293, 1.9999999979553422, 1.9999999979428271]
[2.057196413218776e-9, 0.0, 0.9999999989625551, 0.9999999989802485, 0.0, 2.1628711044385796e-9, 0.9999999988815628, 0.9999999989555661, 0.0, 2.072917615336678e-9, 0.9999999989417743, 0.9999999989853081, 2.0932486854974286e-9, 0.0, 0.9999999989640862, 0.9999999989426651, 0.0, 2.0129631295162653e-9, 0.9999999989997761, 0.999999998987261]
[4.130114028555454e-9, 2.072917615336678e-9, 1.0000000010354726, 1.0000000010531662, 2.072917615336678e-9, 4.2357887197752575e-9, 1.0000000009544805, 1.0000000010284837, 2.072917615336678e-9, 0.0, 1.0000000010146919, 1.0000000010582257, 4.1661663008341066e-9, 2.072917615336678e-9, 1.0000000010370038, 1.0000000010155827, 2.072917615336678e-9, 4.085880744852943e-9, 1.0000000010726937, 1.0000000010601786]
[1.0000000009989707, 0.9999999989417743, 1.9999999979043293, 1.9999999979220229, 0.9999999989417743, 1.0000000011046453, 1.9999999978233372, 1.9999999978973404, 0.9999999989417743, 1.0000000010146919, 0.0, 1.9999999979270824, 1.000000001035023, 0.9999999989417743, 1.9999999979058605, 1.9999999978844394, 0.9999999989417743, 1.0000000009547374, 1.9999999979415504, 1.9999999979290353]
[1.0000000010425045, 0.9999999989853081, 1.999999997947863, 1.9999999979655567, 0.9999999989853081, 1.0000000011481793, 1.999999997866871, 1.9999999979408742, 0.9999999989853081, 1.0000000010582257, 1.9999999979270824, 0.0, 1.0000000010785568, 0.9999999989853081, 1.9999999979493943, 1.9999999979279732, 0.9999999989853081, 1.0000000009982712, 1.9999999979850842, 1.999999997972569]
[4.1504450987162045e-9, 2.0932486854974286e-9, 1.0000000010558037, 1.0000000010734973, 2.0932486854974286e-9, 4.256119789936008e-9, 1.0000000009748116, 1.0000000010488148, 2.0932486854974286e-9, 4.1661663008341066e-9, 1.000000001035023, 1.0000000010785568, 0.0, 2.093248796519731e-9, 1.000000001057335, 1.000000001035914, 2.093248796519731e-9, 4.106211926035996e-9, 1.0000000010930248, 1.00000000108051]
[2.057196413218776e-9, 0.0, 0.9999999989625551, 0.9999999989802485, 0.0, 2.1628711044385796e-9, 0.9999999988815628, 0.9999999989555661, 0.0, 2.072917615336678e-9, 0.9999999989417743, 0.9999999989853081, 2.093248796519731e-9, 0.0, 0.9999999989640862, 0.9999999989426651, 0.0, 2.0129631295162653e-9, 0.9999999989997761, 0.999999998987261]
[1.0000000010212826, 0.9999999989640862, 1.9999999979266412, 1.9999999979443348, 0.9999999989640862, 1.0000000011269572, 1.999999997845649, 1.9999999979196523, 0.9999999989640862, 1.0000000010370038, 1.9999999979058605, 1.9999999979493943, 1.000000001057335, 0.9999999989640862, 0.0, 1.9999999979067513, 0.9999999989640861, 1.0000000009770493, 1.9999999979638623, 1.9999999979513472]
[1.0000000009998615, 0.9999999989426651, 1.99999999790522, 1.9999999979229137, 0.9999999989426651, 1.000000001105536, 1.999999997824228, 1.9999999978982312, 0.9999999989426651, 1.0000000010155827, 1.9999999978844394, 1.9999999979279732, 1.000000001035914, 0.9999999989426651, 1.9999999979067513, 0.0, 0.9999999989426651, 1.0000000009556282, 1.9999999979424412, 1.999999997929926]
[2.057196413218776e-9, 0.0, 0.9999999989625551, 0.9999999989802485, 0.0, 2.1628711044385796e-9, 0.9999999988815628, 0.9999999989555661, 0.0, 2.072917615336678e-9, 0.9999999989417743, 0.9999999989853081, 2.093248796519731e-9, 0.0, 0.9999999989640861, 0.9999999989426651, 0.0, 2.0129631295162653e-9, 0.9999999989997761, 0.999999998987261]
[4.070159542735041e-9, 2.0129631295162653e-9, 1.000000000975518, 1.0000000009932117, 2.0129631295162653e-9, 4.175834233954845e-9, 1.000000000894526, 1.0000000009685293, 2.0129631295162653e-9, 4.085880744852943e-9, 1.0000000009547374, 1.0000000009982712, 4.106211926035996e-9, 2.0129631295162653e-9, 1.0000000009770493, 1.0000000009556282, 2.0129631295162653e-9, 0.0, 1.0000000010127392, 1.0000000010002241]
[1.0000000010569725, 0.9999999989997761, 1.999999997962331, 1.9999999979800247, 0.9999999989997761, 1.0000000011626473, 1.999999997881339, 1.9999999979553422, 0.9999999989997761, 1.0000000010726937, 1.9999999979415504, 1.9999999979850842, 1.0000000010930248, 0.9999999989997761, 1.9999999979638623, 1.9999999979424412, 0.9999999989997761, 1.0000000010127392, 0.0, 1.999999997987037]
[1.0000000010444574, 0.999999998987261, 1.999999997949816, 1.9999999979675096, 0.999999998987261, 1.000000001150132, 1.9999999978688239, 1.9999999979428271, 0.999999998987261, 1.0000000010601786, 1.9999999979290353, 1.999999997972569, 1.00000000108051, 0.999999998987261, 1.9999999979513472, 1.999999997929926, 0.999999998987261, 1.0000000010002241, 1.999999997987037, 0.0]
w vector is :
 [0.010020882476136528, 0.004853632016248222, 1.0374449594748463, 1.0197514951690145, 0.034809234392587554, 0.015514821840012627, 1.1184372217497, 1.0444338364540693, 0.0568700961068942, 0.0, 1.058225749392271, 1.014691868612339, 0.015595423297590227, 0.012152318075560622, 1.0359138850652836, 1.0573348927262498, 0.13283478701082815, 0.020282901480839444, 1.0002240018943702, 1.0127391003806525]p matrix is :
 [0.0, 0.0, 0.0, 0.0, 0.0, 0.0, 0.0, 0.0, 0.0, 0.0, 0.0, 0.0, 0.0, 0.0, 0.0, 0.0, 0.0, 0.0, 0.0, 0.0]
[0.0, 0.0, 0.0, 0.0, 0.0, 0.0, 0.0, 0.0, 0.0, 0.0, 0.0, 0.0, 0.0, 0.0, 0.0, 0.0, 0.0, 0.0, 0.0, 0.0]
[0.0, 0.0, 0.0, 0.0, 0.0, 0.0, 0.0, 0.0, 0.0, 0.0, 0.0, 0.0, 0.0, 0.0, 0.0, 0.0, 0.0, 0.0, 0.0, 0.0]
[0.0, 0.0, 0.0, 0.0, 0.0, 0.0, 0.0, 0.0, 0.0, 0.0, 0.0, 0.0, 0.0, 0.0, 0.0, 0.0, 0.0, 0.0, 0.0, 0.0]
[0.0, 0.0, 0.0, 0.0, 0.0, 0.0, 0.0, 0.0, 0.0, 0.0, 0.0, 0.0, 0.0, 0.0, 0.0, 0.0, 0.0, 0.0, 0.0, 0.0]
[0.0, 0.0, 0.0, 0.0, 0.0, 0.0, 0.0, 0.0, 0.0, 0.0, 0.0, 0.0, 0.0, 0.0, 0.0, 0.0, 0.0, 0.0, 0.0, 0.0]
[0.0, 0.0, 0.0, 0.0, 0.0, 0.0, 0.0, 0.0, 0.0, 0.0, 0.0, 0.0, 0.0, 0.0, 0.0, 0.0, 0.0, 0.0, 0.0, 0.0]
[0.0, 0.0, 0.0, 0.0, 0.0, 0.0, 0.0, 0.0, 0.0, 0.0, 0.0, 0.0, 0.0, 0.0, 0.0, 0.0, 0.0, 0.0, 0.0, 0.0]
[0.0, 0.0, 0.0, 0.0, 0.0, 0.0, 0.0, 0.0, 0.0, 0.0, 0.0, 0.0, 0.0, 0.0, 0.0, 0.0, 0.0, 0.0, 0.0, 0.0]
[0.0, 0.0, 0.0, 0.0, 0.0, 0.0, 0.0, 0.0, 0.0, 0.0, 0.0, 0.0, 0.0, 0.0, 0.0, 0.0, 0.0, 0.0, 0.0, 0.0]
[0.0, 0.0, 0.0, 0.0, 0.0, 0.0, 0.0, 0.0, 0.0, 0.0, 0.0, 0.0, 0.0, 0.0, 0.0, 0.0, 0.0, 0.0, 0.0, 0.0]
[0.0, 0.0, 0.0, 0.0, 0.0, 0.0, 0.0, 0.0, 0.0, 0.0, 0.0, 0.0, 0.0, 0.0, 0.0, 0.0, 0.0, 0.0, 0.0, 0.0]
[0.0, 0.0, 0.0, 0.0, 0.0, 0.0, 0.0, 0.0, 0.0, 0.0, 0.0, 0.0, 0.0, 0.0, 0.0, 0.0, 0.0, 0.0, 0.0, 0.0]
[0.0, 0.0, 0.0, 0.0, 0.0, 0.0, 0.0, 0.0, 0.0, 0.0, 0.0, 0.0, 0.0, 0.0, 0.0, 0.0, 0.0, 0.0, 0.0, 0.0]
[0.0, 0.0, 0.0, 0.0, 0.0, 0.0, 0.0, 0.0, 0.0, 0.0, 0.0, 0.0, 0.0, 0.0, 0.0, 0.0, 0.0, 0.0, 0.0, 0.0]
[0.0, 0.0, 0.0, 0.0, 0.0, 0.0, 0.0, 0.0, 0.0, 0.0, 0.0, 0.0, 0.0, 0.0, 0.0, 0.0, 0.0, 0.0, 0.0, 0.0]
[0.0, 0.0, 0.0, 0.0, 0.0, 0.0, 0.0, 0.0, 0.0, 0.0, 0.0, 0.0, 0.0, 0.0, 0.0, 0.0, 0.0, 0.0, 0.0, 0.0]
[0.0, 0.0, 0.0, 0.0, 0.0, 0.0, 0.0, 0.0, 0.0, 0.0, 0.0, 0.0, 0.0, 0.0, 0.0, 0.0, 0.0, 0.0, 0.0, 0.0]
[0.0, 0.0, 0.0, 0.0, 0.0, 0.0, 0.0, 0.0, 0.0, 0.0, 0.0, 0.0, 0.0, 0.0, 0.0, 0.0, 0.0, 0.0, 0.0, 0.0]
[0.0, 0.0, 0.0, 0.0, 0.0, 0.0, 0.0, 0.0, 0.0, 0.0, 0.0, 0.0, 0.0, 0.0, 0.0, 0.0, 0.0, 0.0, 0.0, 0.0]
