Academic license - for non-commercial use only
Academic license - for non-commercial use only
Optimize a model with 1965 rows, 860 columns and 5100 nonzeros
Variable types: 840 continuous, 20 integer (20 binary)
Coefficient statistics:
  Matrix range     [1e+00, 1e+09]
  Objective range  [1e+00, 1e+00]
  Bounds range     [0e+00, 0e+00]
  RHS range        [1e-02, 2e+00]
Warning: Model contains large matrix coefficients
         Consider reformulating model or setting NumericFocus parameter
         to avoid numerical issues.
Found heuristic solution: objective -0.0000000
Presolve removed 1370 rows and 630 columns
Presolve time: 0.00s
Presolved: 595 rows, 230 columns, 1770 nonzeros
Variable types: 210 continuous, 20 integer (20 binary)

Root relaxation: objective 1.055647e+01, 32 iterations, 0.00 seconds

    Nodes    |    Current Node    |     Objective Bounds      |     Work
 Expl Unexpl |  Obj  Depth IntInf | Incumbent    BestBd   Gap | It/Node Time

*    0     0               0      10.5564663   10.55647  0.00%     -    0s

Explored 0 nodes (42 simplex iterations) in 0.02 seconds
Thread count was 24 (of 24 available processors)

Solution count 2: 10.5565 -0 

Optimal solution found (tolerance 1.00e-04)
Best objective 1.055646631350e+01, best bound 1.055646631350e+01, gap 0.0000%
num_cluster is 5
card is 4
visit_m is 2
limits_ is [1, 1]
dim is 2
sum dis 63.341457209774745

dis_mat matrix is :
 [Inf, 0.21349265061187112, 0.3700921037064625, 0.07644519872550819, 0.09820487858025298, 0.16122038369829225, 0.17354154756069382, 0.18702922519282753, 0.1806629787078112, 0.20272925180577261, 0.3559163608521433, 0.28332158025457904, 0.2390605661774429, 0.1580720065343295, 0.06543038731059789, 0.21205349727974257, 0.20356960933017573, 0.03022555827845116, 0.24551957465050733, 0.1076449768119559]
[0.21349265061187112, Inf, 0.1566019553783466, 0.17455347364536977, 0.18055883106388163, 0.06445238496641711, 0.19437875431811114, 0.2647113822519895, 0.05608202301078218, 0.20602479567172843, 0.22291921222834182, 0.07880614296789457, 0.18800452079363508, 0.08405304343264046, 0.20988548018895675, 0.08653115264558651, 0.09384646621464394, 0.21126919059262994, 0.033127064010713574, 0.1327927694810519]
[0.3700921037064625, 0.1566019553783466, Inf, 0.32611569891510395, 0.3274211378042464, 0.21451469895270872, 0.3178293188945774, 0.39158236762163534, 0.1989089292454633, 0.31778085129973166, 0.22514743904522994, 0.09970482889313136, 0.2772908355943921, 0.22748828209956734, 0.3619825124241957, 0.19431013667674965, 0.2064461131438036, 0.3670566479435442, 0.12515843020476528, 0.2826616991414953]
[0.07644519872550819, 0.17455347364536977, 0.32611569891510395, Inf, 0.024388948017900175, 0.1118833074194859, 0.09882500552674288, 0.1291438492931542, 0.161544529164376, 0.127855794510269, 0.28227393337881573, 0.2520582470488716, 0.16264759457298794, 0.09977262701955483, 0.03587804721707637, 0.14772052913914435, 0.13745802108005364, 0.09918019200570956, 0.20762196421366752, 0.04366816905403216]
[0.09820487858025298, 0.18055883106388163, 0.3274211378042464, 0.024388948017900175, Inf, 0.11625545774962583, 0.07545773829795067, 0.10658069898793739, 0.17471075899851857, 0.10463118029428782, 0.26665416159562694, 0.2591628178755622, 0.14274380306281875, 0.10007012498876, 0.04358639592909993, 0.14155263802912424, 0.13033757189797718, 0.12265070762527715, 0.2131376384179494, 0.048373999188073245]
[0.16122038369829225, 0.06445238496641711, 0.21451469895270872, 0.1118833074194859, 0.11625545774962583, Inf, 0.13545941809903544, 0.2028023757385158, 0.07627959838193842, 0.15171711295959436, 0.21978858667089843, 0.14324115669817478, 0.14697339579720609, 0.022887493641242172, 0.1476656059433205, 0.06346790335916759, 0.06164122615078745, 0.16577528179720102, 0.09688219748184328, 0.06901284787451974]
[0.17354154756069382, 0.19437875431811114, 0.3178293188945774, 0.09882500552674288, 0.07545773829795067, 0.13545941809903544, Inf, 0.07378047375457403, 0.2095767227986461, 0.029188059502469024, 0.20751989287716033, 0.2704512559403556, 0.07544425333247841, 0.11277984690601021, 0.11356180733177039, 0.12394571135804537, 0.1119964160446099, 0.19793244184652464, 0.22256074127240438, 0.09427041285164564]
[0.18702922519282753, 0.2647113822519895, 0.39158236762163534, 0.1291438492931542, 0.10658069898793739, 0.2028023757385158, 0.07378047375457403, Inf, 0.27274260592984784, 0.0798131465571737, 0.2636717432503599, 0.3421238108451568, 0.1333794164275717, 0.18110256994545038, 0.12190233672034566, 0.19769853903360254, 0.1857119615254097, 0.21626655096147793, 0.29423473307707976, 0.14716292596904088]
[0.1806629787078112, 0.05608202301078218, 0.1989089292454633, 0.161544529164376, 0.17471075899851857, 0.07627959838193842, 0.2095767227986461, 0.27274260592984784, Inf, 0.2275763044194624, 0.27543612565364156, 0.10437630788966333, 0.2218478417271404, 0.09889778148456117, 0.19353224363814076, 0.12735241372064282, 0.13056694858371093, 0.1718639094077175, 0.07673774948577167, 0.12740622715522726]
[0.20272925180577261, 0.20602479567172843, 0.31778085129973166, 0.127855794510269, 0.10463118029428782, 0.15171711295959436, 0.029188059502469024, 0.0798131465571737, 0.2275763044194624, Inf, 0.18698243035473255, 0.27918453232411106, 0.05447941012535982, 0.12885848079776438, 0.142323248926528, 0.1278251287619716, 0.11676924046214156, 0.22701517432203772, 0.23175443117752803, 0.11985800966201329]
[0.3559163608521433, 0.22291921222834182, 0.22514743904522994, 0.28227393337881573, 0.26665416159562694, 0.21978858667089843, 0.20751989287716033, 0.2636717432503599, 0.27543612565364156, 0.18698243035473255, Inf, 0.2524934765922922, 0.13286491791142382, 0.20914445217198746, 0.3101807507456172, 0.1563280534608807, 0.15993923171420166, 0.3710532502689585, 0.22343789683497736, 0.24899993617224417]
[0.28332158025457904, 0.07880614296789457, 0.09970482889313136, 0.2520582470488716, 0.2591628178755622, 0.14324115669817478, 0.2704512559403556, 0.3421238108451568, 0.10437630788966333, 0.27918453232411106, 0.2524934765922922, Inf, 0.2530916260277837, 0.1625186546520399, 0.2868808711144841, 0.1526911617531333, 0.16283842381670346, 0.2761083075427601, 0.047913387321383186, 0.211146884254989]
[0.2390605661774429, 0.18800452079363508, 0.2772908355943921, 0.16264759457298794, 0.14274380306281875, 0.14697339579720609, 0.07544425333247841, 0.1333794164275717, 0.2218478417271404, 0.05447941012535982, 0.13286491791142382, 0.2530916260277837, Inf, 0.12633145216461406, 0.18480372582486085, 0.10198038227169925, 0.09423301689182419, 0.25967714482701487, 0.2079690051102556, 0.1406910937262168]
[0.1580720065343295, 0.08405304343264046, 0.22748828209956734, 0.09977262701955483, 0.10007012498876, 0.022887493641242172, 0.11277984690601021, 0.18110256994545038, 0.09889778148456117, 0.12885848079776438, 0.20914445217198746, 0.1625186546520399, 0.12633145216461406, Inf, 0.13551850055263043, 0.0552290879052159, 0.04929026514036508, 0.16676461792776, 0.11516100262180166, 0.05614998037251764]
[0.06543038731059789, 0.20988548018895675, 0.3619825124241957, 0.03587804721707637, 0.04358639592909993, 0.1476656059433205, 0.11356180733177039, 0.12190233672034566, 0.19353224363814076, 0.142323248926528, 0.3101807507456172, 0.2868808711144841, 0.18480372582486085, 0.13551850055263043, Inf, 0.1820685064337948, 0.1713765734188888, 0.09436599831834523, 0.2429976278129487, 0.07950351021854549]
[0.21205349727974257, 0.08653115264558651, 0.19431013667674965, 0.14772052913914435, 0.14155263802912424, 0.06346790335916759, 0.12394571135804537, 0.19769853903360254, 0.12735241372064282, 0.1278251287619716, 0.1563280534608807, 0.1526911617531333, 0.10198038227169925, 0.0552290879052159, 0.1820685064337948, Inf, 0.012167210211706901, 0.221895984134634, 0.10642637742854467, 0.10612338653461582]
[0.20356960933017573, 0.09384646621464394, 0.2064461131438036, 0.13745802108005364, 0.13033757189797718, 0.06164122615078745, 0.1119964160446099, 0.1857119615254097, 0.13056694858371093, 0.11676924046214156, 0.15993923171420166, 0.16283842381670346, 0.09423301689182419, 0.04929026514036508, 0.1713765734188888, 0.012167210211706901, Inf, 0.2146461846900772, 0.11596921004123126, 0.0967242106473687]
[0.03022555827845116, 0.21126919059262994, 0.3670566479435442, 0.09918019200570956, 0.12265070762527715, 0.16577528179720102, 0.19793244184652464, 0.21626655096147793, 0.1718639094077175, 0.22701517432203772, 0.3710532502689585, 0.2761083075427601, 0.25967714482701487, 0.16676461792776, 0.09436599831834523, 0.221895984134634, 0.2146461846900772, Inf, 0.24189897898016455, 0.12239358479335904]
[0.24551957465050733, 0.033127064010713574, 0.12515843020476528, 0.20762196421366752, 0.2131376384179494, 0.09688219748184328, 0.22256074127240438, 0.29423473307707976, 0.07673774948577167, 0.23175443117752803, 0.22343789683497736, 0.047913387321383186, 0.2079690051102556, 0.11516100262180166, 0.2429976278129487, 0.10642637742854467, 0.11596921004123126, 0.24189897898016455, Inf, 0.16562682836507286]
[0.1076449768119559, 0.1327927694810519, 0.2826616991414953, 0.04366816905403216, 0.048373999188073245, 0.06901284787451974, 0.09427041285164564, 0.14716292596904088, 0.12740622715522726, 0.11985800966201329, 0.24899993617224417, 0.211146884254989, 0.1406910937262168, 0.05614998037251764, 0.07950351021854549, 0.10612338653461582, 0.0967242106473687, 0.12239358479335904, 0.16562682836507286, Inf]
data points matrix is :
 [0.41261581014116266, 0.39669128924347025]
[0.46106414121098366, 0.6046140419229966]
[0.4977363373440582, 0.756861611555812]
[0.4808368929776099, 0.4311840749356268]
[0.5051693358374542, 0.42952485527197437]
[0.48019239573468864, 0.5430655260453933]
[0.5779818033698572, 0.4493292699536753]
[0.5987617194137993, 0.37853553155361547]
[0.4120534249861062, 0.577353392625769]
[0.6058416265667761, 0.45803404272245507]
[0.682701095033049, 0.6284894661282371]
[0.43533202693535333, 0.6791007284138195]
[0.6233134384030706, 0.5096358054710693]
[0.4985335890543271, 0.5293747264781821]
[0.47803376220850047, 0.39541569881925787]
[0.5389826257328697, 0.5669796142272497]
[0.5406807398550626, 0.5549314852121755]
[0.38447297543737835, 0.4077169514947602]
[0.45945319568950027, 0.6377019131826701]
[0.4871061970350288, 0.47439986852046295]




 AdNNnew 
obj val AdNNnew 10.556466313501847
x vector is :
 [1.0, 1.0062356627616264e-9, 1.0, 1.0000213470262603e-9, 1.0, 0.9999999984199625, 1.0115776873383571e-9, 1.0622027743424365e-9, 1.0, 0.9999999983654246, 1.1268803979564359e-9, 1.0014377879297798e-9, 1.0, 0.999999998445719, 1.0358566881549384e-9, 1.0121672041995399e-9, 1.0, 0.9999999984232048, 1.0268913892159601e-9, 1.043646809984104e-9]y vector is :
 [0.0, 1.0062356677616262, 0.09826703496191391, 1.0000213520262602, 0.004727183160322744, 0.022887497763046438, 1.011577692338357, 1.0622027793424365, 0.049846354242920166, 0.01761036828085283, 1.1268804029564359, 1.0014377929297797, 0.005984513828107607, 0.0, 1.0358566931549382, 1.0121672091995397, 0.0, 0.030225562355246427, 1.02689139421596, 1.0436468149841038]z matrix is :
 [0.0, 1.0000000010000214, 2.006257049380622e-9, 1.0000000010062355, 2.006257049380622e-9, 4.080037530052039e-9, 1.0000000009946794, 1.0000000009440542, 2.006257049380622e-9, 4.13457545977991e-9, 1.0000000008793766, 1.0000000010048193, 2.006257049380622e-9, 4.05428102201455e-9, 1.0000000009704002, 1.0000000009940897, 2.006257049380622e-9, 4.076795234730923e-9, 1.0000000009793655, 1.0000000009626104]
[1.0000000010000214, 0.0, 0.9999999989937643, 1.9999999979937428, 0.9999999989937643, 1.0000000010675447, 1.9999999979821865, 1.9999999979315615, 0.9999999989937643, 1.0000000011220826, 1.9999999978668839, 1.9999999979923264, 0.9999999989937643, 1.0000000010417882, 1.9999999979579075, 1.999999997981597, 0.9999999989937643, 1.0000000010643024, 1.9999999979668728, 1.9999999979501175]
[2.006257049380622e-9, 0.9999999989937643, 0.0, 0.9999999989999786, 0.0, 2.0737804806714166e-9, 0.9999999989884223, 0.9999999989377972, 0.0, 2.128318410399288e-9, 0.9999999988731196, 0.9999999989985622, 0.0, 2.0480239726339278e-9, 0.9999999989641433, 0.9999999989878328, 0.0, 2.0705381853503013e-9, 0.9999999989731085, 0.9999999989563533]
[1.0000000010062355, 1.9999999979937428, 0.9999999989999786, 0.0, 0.9999999989999786, 1.000000001073759, 1.999999997988401, 1.9999999979377758, 0.9999999989999786, 1.000000001128297, 1.9999999978730982, 1.9999999979985408, 0.9999999989999786, 1.0000000010480026, 1.9999999979641219, 1.9999999979878114, 0.9999999989999786, 1.0000000010705168, 1.9999999979730871, 1.9999999979563319]
[2.006257049380622e-9, 0.9999999989937643, 0.0, 0.9999999989999786, 0.0, 2.0737804806714166e-9, 0.9999999989884223, 0.9999999989377972, 0.0, 2.128318410399288e-9, 0.9999999988731196, 0.9999999989985622, 0.0, 2.0480239726339278e-9, 0.9999999989641433, 0.9999999989878328, 0.0, 2.0705381853503013e-9, 0.9999999989731085, 0.9999999989563533]
[4.080037530052039e-9, 1.0000000010675447, 2.0737804806714166e-9, 1.000000001073759, 2.0737804806714166e-9, 0.0, 1.0000000010622028, 1.0000000010115777, 2.0737804806714166e-9, 4.202098891070705e-9, 1.0000000009469001, 1.0000000010723427, 2.0737804806714166e-9, 4.121804453305344e-9, 1.0000000010379237, 1.0000000010616132, 2.0737804806714166e-9, 4.144318666021718e-9, 1.000000001046889, 1.0000000010301338]
[1.0000000009946794, 1.9999999979821865, 0.9999999989884223, 1.999999997988401, 0.9999999989884223, 1.0000000010622028, 0.0, 1.9999999979262195, 0.9999999989884223, 1.0000000011167407, 1.999999997861542, 1.9999999979869845, 0.9999999989884223, 1.0000000010364463, 1.9999999979525656, 1.999999997976255, 0.9999999989884223, 1.0000000010589605, 1.9999999979615308, 1.9999999979447756]
[1.0000000009440542, 1.9999999979315615, 0.9999999989377972, 1.9999999979377758, 0.9999999989377972, 1.0000000010115777, 1.9999999979262195, 0.0, 0.9999999989377972, 1.0000000010661156, 1.9999999978109169, 1.9999999979363594, 0.9999999989377972, 1.0000000009858212, 1.9999999979019405, 1.99999999792563, 0.9999999989377972, 1.0000000010083354, 1.9999999979109058, 1.9999999978941505]
[2.006257049380622e-9, 0.9999999989937643, 0.0, 0.9999999989999786, 0.0, 2.0737804806714166e-9, 0.9999999989884223, 0.9999999989377972, 0.0, 2.128318410399288e-9, 0.9999999988731196, 0.9999999989985622, 0.0, 2.0480239726339278e-9, 0.9999999989641433, 0.9999999989878328, 0.0, 2.0705381853503013e-9, 0.9999999989731085, 0.9999999989563533]
[4.13457545977991e-9, 1.0000000011220826, 2.128318410399288e-9, 1.000000001128297, 2.128318410399288e-9, 4.202098891070705e-9, 1.0000000011167407, 1.0000000010661156, 2.128318410399288e-9, 0.0, 1.000000001001438, 1.0000000011268804, 2.1283182993769856e-9, 4.176342272010913e-9, 1.0000000010924617, 1.0000000011161512, 2.1283182993769856e-9, 4.198856484727287e-9, 1.000000001101427, 1.0000000010846715]
[1.0000000008793766, 1.9999999978668839, 0.9999999988731196, 1.9999999978730982, 0.9999999988731196, 1.0000000009469001, 1.999999997861542, 1.9999999978109169, 0.9999999988731196, 1.000000001001438, 0.0, 1.9999999978716818, 0.9999999988731196, 1.0000000009211436, 1.999999997837263, 1.9999999978609524, 0.9999999988731196, 1.0000000009436578, 1.9999999978462282, 1.999999997829473]
[1.0000000010048193, 1.9999999979923264, 0.9999999989985622, 1.9999999979985408, 0.9999999989985622, 1.0000000010723427, 1.9999999979869845, 1.9999999979363594, 0.9999999989985622, 1.0000000011268804, 1.9999999978716818, 0.0, 0.9999999989985622, 1.0000000010465862, 1.9999999979627054, 1.999999997986395, 0.9999999989985622, 1.0000000010691004, 1.9999999979716707, 1.9999999979549155]
[2.006257049380622e-9, 0.9999999989937643, 0.0, 0.9999999989999786, 0.0, 2.0737804806714166e-9, 0.9999999989884223, 0.9999999989377972, 0.0, 2.1283182993769856e-9, 0.9999999988731196, 0.9999999989985622, 0.0, 2.0480239726339278e-9, 0.9999999989641433, 0.9999999989878328, 0.0, 2.0705381853503013e-9, 0.9999999989731085, 0.9999999989563533]
[4.05428102201455e-9, 1.0000000010417882, 2.0480239726339278e-9, 1.0000000010480026, 2.0480239726339278e-9, 4.121804453305344e-9, 1.0000000010364463, 1.0000000009858212, 2.0480239726339278e-9, 4.176342272010913e-9, 1.0000000009211436, 1.0000000010465862, 2.0480239726339278e-9, 0.0, 1.0000000010121672, 1.0000000010358567, 2.0480239726339278e-9, 4.118562157984229e-9, 1.0000000010211325, 1.0000000010043772]
[1.0000000009704002, 1.9999999979579075, 0.9999999989641433, 1.9999999979641219, 0.9999999989641433, 1.0000000010379237, 1.9999999979525656, 1.9999999979019405, 0.9999999989641433, 1.0000000010924617, 1.999999997837263, 1.9999999979627054, 0.9999999989641433, 1.0000000010121672, 0.0, 1.999999997951976, 0.9999999989641433, 1.0000000010346815, 1.9999999979372518, 1.9999999979204965]
[1.0000000009940897, 1.999999997981597, 0.9999999989878328, 1.9999999979878114, 0.9999999989878328, 1.0000000010616132, 1.999999997976255, 1.99999999792563, 0.9999999989878328, 1.0000000011161512, 1.9999999978609524, 1.999999997986395, 0.9999999989878328, 1.0000000010358567, 1.999999997951976, 0.0, 0.9999999989878328, 1.000000001058371, 1.9999999979609413, 1.999999997944186]
[2.006257049380622e-9, 0.9999999989937643, 0.0, 0.9999999989999786, 0.0, 2.0737804806714166e-9, 0.9999999989884223, 0.9999999989377972, 0.0, 2.1283182993769856e-9, 0.9999999988731196, 0.9999999989985622, 0.0, 2.0480239726339278e-9, 0.9999999989641433, 0.9999999989878328, 0.0, 2.0705381853503013e-9, 0.9999999989731085, 0.9999999989563533]
[4.076795234730923e-9, 1.0000000010643024, 2.0705381853503013e-9, 1.0000000010705168, 2.0705381853503013e-9, 4.144318666021718e-9, 1.0000000010589605, 1.0000000010083354, 2.0705381853503013e-9, 4.198856484727287e-9, 1.0000000009436578, 1.0000000010691004, 2.0705381853503013e-9, 4.118562157984229e-9, 1.0000000010346815, 1.000000001058371, 2.0705381853503013e-9, 0.0, 1.0000000010436467, 1.0000000010268915]
[1.0000000009793655, 1.9999999979668728, 0.9999999989731085, 1.9999999979730871, 0.9999999989731085, 1.000000001046889, 1.9999999979615308, 1.9999999979109058, 0.9999999989731085, 1.000000001101427, 1.9999999978462282, 1.9999999979716707, 0.9999999989731085, 1.0000000010211325, 1.9999999979372518, 1.9999999979609413, 0.9999999989731085, 1.0000000010436467, 0.0, 1.9999999979294618]
[1.0000000009626104, 1.9999999979501175, 0.9999999989563533, 1.9999999979563319, 0.9999999989563533, 1.0000000010301338, 1.9999999979447756, 1.9999999978941505, 0.9999999989563533, 1.0000000010846715, 1.999999997829473, 1.9999999979549155, 0.9999999989563533, 1.0000000010043772, 1.9999999979204965, 1.999999997944186, 0.9999999989563533, 1.0000000010268915, 1.9999999979294618, 0.0]
w vector is :
 [0.0, 1.0062356677616262, 0.09826703496191391, 1.0000213520262602, 0.004727183160322744, 0.022887497763046438, 1.011577692338357, 1.0622027793424365, 0.049846354242920166, 0.01761036828085283, 1.1268804029564359, 1.0014377929297797, 0.005984513828107607, 0.0, 1.0358566931549382, 1.0121672091995397, 0.0, 0.030225562355246427, 1.02689139421596, 1.0436468149841038]p matrix is :
 [0.0, 0.0, 0.0, 0.0, 0.0, 0.0, 0.0, 0.0, 0.0, 0.0, 0.0, 0.0, 0.0, 0.0, 0.0, 0.0, 0.0, 0.0, 0.0, 0.0]
[0.0, 0.0, 0.0, 0.0, 0.0, 0.0, 0.0, 0.0, 0.0, 0.0, 0.0, 0.0, 0.0, 0.0, 0.0, 0.0, 0.0, 0.0, 0.0, 0.0]
[0.0, 0.0, 0.0, 0.0, 0.0, 0.0, 0.0, 0.0, 0.0, 0.0, 0.0, 0.0, 0.0, 0.0, 0.0, 0.0, 0.0, 0.0, 0.0, 0.0]
[0.0, 0.0, 0.0, 0.0, 0.0, 0.0, 0.0, 0.0, 0.0, 0.0, 0.0, 0.0, 0.0, 0.0, 0.0, 0.0, 0.0, 0.0, 0.0, 0.0]
[0.0, 0.0, 0.0, 0.0, 0.0, 0.0, 0.0, 0.0, 0.0, 0.0, 0.0, 0.0, 0.0, 0.0, 0.0, 0.0, 0.0, 0.0, 0.0, 0.0]
[0.0, 0.0, 0.0, 0.0, 0.0, 0.0, 0.0, 0.0, 0.0, 0.0, 0.0, 0.0, 0.0, 0.0, 0.0, 0.0, 0.0, 0.0, 0.0, 0.0]
[0.0, 0.0, 0.0, 0.0, 0.0, 0.0, 0.0, 0.0, 0.0, 0.0, 0.0, 0.0, 0.0, 0.0, 0.0, 0.0, 0.0, 0.0, 0.0, 0.0]
[0.0, 0.0, 0.0, 0.0, 0.0, 0.0, 0.0, 0.0, 0.0, 0.0, 0.0, 0.0, 0.0, 0.0, 0.0, 0.0, 0.0, 0.0, 0.0, 0.0]
[0.0, 0.0, 0.0, 0.0, 0.0, 0.0, 0.0, 0.0, 0.0, 0.0, 0.0, 0.0, 0.0, 0.0, 0.0, 0.0, 0.0, 0.0, 0.0, 0.0]
[0.0, 0.0, 0.0, 0.0, 0.0, 0.0, 0.0, 0.0, 0.0, 0.0, 0.0, 0.0, 0.0, 0.0, 0.0, 0.0, 0.0, 0.0, 0.0, 0.0]
[0.0, 0.0, 0.0, 0.0, 0.0, 0.0, 0.0, 0.0, 0.0, 0.0, 0.0, 0.0, 0.0, 0.0, 0.0, 0.0, 0.0, 0.0, 0.0, 0.0]
[0.0, 0.0, 0.0, 0.0, 0.0, 0.0, 0.0, 0.0, 0.0, 0.0, 0.0, 0.0, 0.0, 0.0, 0.0, 0.0, 0.0, 0.0, 0.0, 0.0]
[0.0, 0.0, 0.0, 0.0, 0.0, 0.0, 0.0, 0.0, 0.0, 0.0, 0.0, 0.0, 0.0, 0.0, 0.0, 0.0, 0.0, 0.0, 0.0, 0.0]
[0.0, 0.0, 0.0, 0.0, 0.0, 0.0, 0.0, 0.0, 0.0, 0.0, 0.0, 0.0, 0.0, 0.0, 0.0, 0.0, 0.0, 0.0, 0.0, 0.0]
[0.0, 0.0, 0.0, 0.0, 0.0, 0.0, 0.0, 0.0, 0.0, 0.0, 0.0, 0.0, 0.0, 0.0, 0.0, 0.0, 0.0, 0.0, 0.0, 0.0]
[0.0, 0.0, 0.0, 0.0, 0.0, 0.0, 0.0, 0.0, 0.0, 0.0, 0.0, 0.0, 0.0, 0.0, 0.0, 0.0, 0.0, 0.0, 0.0, 0.0]
[0.0, 0.0, 0.0, 0.0, 0.0, 0.0, 0.0, 0.0, 0.0, 0.0, 0.0, 0.0, 0.0, 0.0, 0.0, 0.0, 0.0, 0.0, 0.0, 0.0]
[0.0, 0.0, 0.0, 0.0, 0.0, 0.0, 0.0, 0.0, 0.0, 0.0, 0.0, 0.0, 0.0, 0.0, 0.0, 0.0, 0.0, 0.0, 0.0, 0.0]
[0.0, 0.0, 0.0, 0.0, 0.0, 0.0, 0.0, 0.0, 0.0, 0.0, 0.0, 0.0, 0.0, 0.0, 0.0, 0.0, 0.0, 0.0, 0.0, 0.0]
[0.0, 0.0, 0.0, 0.0, 0.0, 0.0, 0.0, 0.0, 0.0, 0.0, 0.0, 0.0, 0.0, 0.0, 0.0, 0.0, 0.0, 0.0, 0.0, 0.0]
