Academic license - for non-commercial use only
Academic license - for non-commercial use only
Optimize a model with 1965 rows, 860 columns and 5100 nonzeros
Variable types: 840 continuous, 20 integer (20 binary)
Coefficient statistics:
  Matrix range     [1e+00, 1e+09]
  Objective range  [1e+00, 1e+00]
  Bounds range     [0e+00, 0e+00]
  RHS range        [4e-03, 2e+00]
Warning: Model contains large matrix coefficients
         Consider reformulating model or setting NumericFocus parameter
         to avoid numerical issues.
Found heuristic solution: objective -0.0000000
Presolve removed 1370 rows and 630 columns
Presolve time: 0.00s
Presolved: 595 rows, 230 columns, 1770 nonzeros
Variable types: 210 continuous, 20 integer (20 binary)

Root relaxation: objective 1.042344e+01, 36 iterations, 0.00 seconds

    Nodes    |    Current Node    |     Objective Bounds      |     Work
 Expl Unexpl |  Obj  Depth IntInf | Incumbent    BestBd   Gap | It/Node Time

*    0     0               0      10.4234351   10.42344  0.00%     -    0s

Explored 0 nodes (46 simplex iterations) in 0.02 seconds
Thread count was 24 (of 24 available processors)

Solution count 2: 10.4234 -0 

Optimal solution found (tolerance 1.00e-04)
Best objective 1.042343511455e+01, best bound 1.042343511455e+01, gap 0.0000%
num_cluster is 5
card is 4
visit_m is 2
limits_ is [1, 1]
dim is 2
sum dis 63.72778876760892

dis_mat matrix is :
 [Inf, 0.12552974067988845, 0.19186254336486724, 0.03992673156123543, 0.07717017923807822, 0.08618344660088302, 0.02970398060005756, 0.1561748116703696, 0.22473998358935465, 0.0953825726653414, 0.056845921179359826, 0.17686950299722917, 0.13461561860591456, 0.14247182867393685, 0.19560412674475802, 0.0721748542479136, 0.1878539803640669, 0.0590885849475994, 0.03314913515987646, 0.1947475500235799]
[0.12552974067988845, Inf, 0.10894818277094474, 0.16366609570837268, 0.19451522015142458, 0.16095491638697715, 0.14536773517421397, 0.032730561288238466, 0.11505861130708928, 0.18895239653274284, 0.17643778532195248, 0.2828510049018597, 0.034033298838493466, 0.26144874388775036, 0.29278446294304045, 0.15984831602017566, 0.28200483015786815, 0.0956971575871818, 0.14962743145780275, 0.2964866709605957]
[0.19186254336486724, 0.10894818277094474, Inf, 0.2309929145136984, 0.2341061663956987, 0.255541448484153, 0.19653882279663956, 0.09004327832279149, 0.05548505665190829, 0.2060686482272172, 0.24870585512013038, 0.3674053571208722, 0.13997175693103617, 0.33374310407478436, 0.38298125166249153, 0.24954494341972966, 0.373647266678105, 0.19015862270807155, 0.19992659261751888, 0.3006332578042593]
[0.03992673156123543, 0.16366609570837268, 0.2309929145136984, Inf, 0.06226427714276022, 0.07681636262949439, 0.04208803446021937, 0.19500963456033, 0.26466642712403665, 0.09868343348901547, 0.019619372174233995, 0.14075474789636105, 0.16912192890574615, 0.10281908529838343, 0.16227884184404326, 0.05955928487817995, 0.15594280396227414, 0.08329636229227867, 0.04129214354912417, 0.18173750273147476]
[0.07717017923807822, 0.19451522015142458, 0.2341061663956987, 0.06226427714276022, Inf, 0.13895177700379158, 0.05010388857314907, 0.22190320705132596, 0.27752538656755354, 0.0471837456965816, 0.07438028757877894, 0.17468565093953392, 0.2090451996102152, 0.12234133026383064, 0.20194103421345955, 0.12163337682246543, 0.19871668113228355, 0.13533612876105655, 0.04587554435097307, 0.12029593599675266]
[0.08618344660088302, 0.16095491638697715, 0.255541448484153, 0.07681636262949439, 0.13895177700379158, Inf, 0.10943810756542585, 0.1933472074192634, 0.27503671762935494, 0.173579117453788, 0.06709169337324308, 0.12490088658467544, 0.15037545129491614, 0.12029173019921079, 0.13193763384938606, 0.017341186186935042, 0.12104992773057772, 0.06621354403442395, 0.11083247491709473, 0.25726447284825477]
[0.02970398060005756, 0.14536773517421397, 0.19653882279663956, 0.04208803446021937, 0.05010388857314907, 0.10943810756542585, Inf, 0.17388140715427278, 0.23517333706839888, 0.06634379744879929, 0.061647149826517776, 0.18189755211251266, 0.1589498138585206, 0.13957014576964233, 0.2042270144205456, 0.09353878663534275, 0.19802336664287545, 0.08869037669411799, 0.0042748736681570785, 0.1653338716874882]
[0.1561748116703696, 0.032730561288238466, 0.09004327832279149, 0.19500963456033, 0.22190320705132596, 0.1933472074192634, 0.17388140715427278, Inf, 0.08473876612415264, 0.21156441267348414, 0.2084271175924625, 0.31556828419639854, 0.05295017285586796, 0.2937796658023297, 0.32525410328936244, 0.19254510654585158, 0.3143720299870261, 0.12837224138235898, 0.1780838040881114, 0.3180932620309489]
[0.22473998358935465, 0.11505861130708928, 0.05548505665190829, 0.26466642712403665, 0.27752538656755354, 0.27503671762935494, 0.23517333706839888, 0.08473876612415264, Inf, 0.25455435971526863, 0.2806366079701526, 0.39427845982593746, 0.13692526460654808, 0.36681531589390975, 0.40626995029064555, 0.2723143597840456, 0.395870275716095, 0.20897826462001265, 0.23897904243060583, 0.353058106239856]
[0.0953825726653414, 0.18895239653274284, 0.2060686482272172, 0.09868343348901547, 0.0471837456965816, 0.173579117453788, 0.06634379744879929, 0.21156441267348414, 0.25455435971526863, Inf, 0.11503084888690082, 0.2217848911483073, 0.21026584868997794, 0.16937760112550934, 0.2486994596314523, 0.15685828035539195, 0.24505093465999106, 0.15306406903014366, 0.06387984183890653, 0.10765491648762518]
[0.056845921179359826, 0.17643778532195248, 0.24870585512013038, 0.019619372174233995, 0.07438028757877894, 0.06709169337324308, 0.061647149826517776, 0.2084271175924625, 0.2806366079701526, 0.11503084888690082, Inf, 0.1213807168205612, 0.17873112971042746, 0.08618924561014506, 0.1426595993355254, 0.05001658552299177, 0.13638430578196595, 0.08956687826712863, 0.06065709504940217, 0.19049283974043865]
[0.17686950299722917, 0.2828510049018597, 0.3674053571208722, 0.14075474789636105, 0.17468565093953392, 0.12490088658467544, 0.18189755211251266, 0.31556828419639854, 0.39427845982593746, 0.2217848911483073, 0.1213807168205612, Inf, 0.2750339430593512, 0.057354554147355824, 0.031280736882187014, 0.12307450920682236, 0.03597876337108317, 0.1872547549021436, 0.18018168076502816, 0.2576500765708293]
[0.13461561860591456, 0.034033298838493466, 0.13997175693103617, 0.16912192890574615, 0.2090451996102152, 0.15037545129491614, 0.1589498138585206, 0.05295017285586796, 0.13692526460654808, 0.21026584868997794, 0.17873112971042746, 0.2750339430593512, Inf, 0.26044149245353565, 0.2814834923613433, 0.15292205701821798, 0.2699807217755667, 0.09064806219253618, 0.1631946813908909, 0.31772639470012953]
[0.14247182867393685, 0.26144874388775036, 0.33374310407478436, 0.10281908529838343, 0.12234133026383064, 0.12029173019921079, 0.13957014576964233, 0.2937796658023297, 0.36681531589390975, 0.16937760112550934, 0.08618924561014506, 0.057354554147355824, 0.26044149245353565, Inf, 0.08820075728042197, 0.11072772629827847, 0.08982333529849935, 0.1697934444526261, 0.1369656529207324, 0.20045410347260334]
[0.19560412674475802, 0.29278446294304045, 0.38298125166249153, 0.16227884184404326, 0.20194103421345955, 0.13193763384938606, 0.2042270144205456, 0.32525410328936244, 0.40626995029064555, 0.2486994596314523, 0.1426595993355254, 0.031280736882187014, 0.2814834923613433, 0.08820075728042197, Inf, 0.13415268562271576, 0.012847171192378477, 0.1973943008493951, 0.20296335592496312, 0.28865096618704095]
[0.0721748542479136, 0.15984831602017566, 0.24954494341972966, 0.05955928487817995, 0.12163337682246543, 0.017341186186935042, 0.09353878663534275, 0.19254510654585158, 0.2723143597840456, 0.15685828035539195, 0.05001658552299177, 0.12307450920682236, 0.15292205701821798, 0.11072772629827847, 0.13415268562271576, Inf, 0.12427509489309471, 0.06418804033594769, 0.09466826233893996, 0.23996519525435556]
[0.1878539803640669, 0.28200483015786815, 0.373647266678105, 0.15594280396227414, 0.19871668113228355, 0.12104992773057772, 0.19802336664287545, 0.3143720299870261, 0.395870275716095, 0.24505093465999106, 0.13638430578196595, 0.03597876337108317, 0.2699807217755667, 0.08982333529849935, 0.012847171192378477, 0.12427509489309471, Inf, 0.18689404641024118, 0.19699202594637422, 0.2897371116178244]
[0.0590885849475994, 0.0956971575871818, 0.19015862270807155, 0.08329636229227867, 0.13533612876105655, 0.06621354403442395, 0.08869037669411799, 0.12837224138235898, 0.20897826462001265, 0.15306406903014366, 0.08956687826712863, 0.1872547549021436, 0.09064806219253618, 0.1697934444526261, 0.1973943008493951, 0.06418804033594769, 0.18689404641024118, Inf, 0.09223302872880246, 0.25381942232311683]
[0.03314913515987646, 0.14962743145780275, 0.19992659261751888, 0.04129214354912417, 0.04587554435097307, 0.11083247491709473, 0.0042748736681570785, 0.1780838040881114, 0.23897904243060583, 0.06387984183890653, 0.06065709504940217, 0.18018168076502816, 0.1631946813908909, 0.1369656529207324, 0.20296335592496312, 0.09466826233893996, 0.19699202594637422, 0.09223302872880246, Inf, 0.16164475489130797]
[0.1947475500235799, 0.2964866709605957, 0.3006332578042593, 0.18173750273147476, 0.12029593599675266, 0.25726447284825477, 0.1653338716874882, 0.3180932620309489, 0.353058106239856, 0.10765491648762518, 0.19049283974043865, 0.2576500765708293, 0.31772639470012953, 0.20045410347260334, 0.28865096618704095, 0.23996519525435556, 0.2897371116178244, 0.25381942232311683, 0.16164475489130797, Inf]
data points matrix is :
 [0.4767451777089914, 0.47769728379820287]
[0.3707237483302507, 0.4104873715259142]
[0.39477407919064245, 0.30422689856161356]
[0.5012633201201833, 0.509209259075349]
[0.5538953937302614, 0.47594208252527537]
[0.44012241042051514, 0.5557124065895013]
[0.5045512480815523, 0.46724984803985586]
[0.3521456956599487, 0.38354028260665207]
[0.3394695255305449, 0.29975500230578866]
[0.5587660453993025, 0.42901040228390164]
[0.5015911880662427, 0.5288258914856546]
[0.524192268297705, 0.64808388739471]
[0.3486291588393369, 0.4363735559697097]
[0.5526318115349396, 0.5982768872652158]
[0.503422115540027, 0.6714737410564013]
[0.45478227787954406, 0.5464493064360078]
[0.49238472495985997, 0.664899106707092]
[0.4196079118888605, 0.49275695596294045]
[0.5086149502760023, 0.46857682556548486]
[0.6663396433804007, 0.4331939487887957]




 AdNNnew 
obj val AdNNnew 10.423435114550347
x vector is :
 [1.0, 1.0, 9.965700021839922e-10, 1.0106376045047094e-9, 1.0, 0.9999999984665537, 1.0004148535537544e-9, 1.0258237116269826e-9, 1.0, 0.999999998465377, 1.0089817556499053e-9, 1.0184335596713753e-9, 0.999999998462604, 1.0, 1.0128471651795312e-9, 1.0173411821958328e-9, 1.0, 0.9999999983985488, 1.003860008110128e-9, 1.0903835473035145e-9]y vector is :
 [0.029289121045888544, 0.0069068456426398805, 0.996570007183992, 1.0106376095047094, 0.02991238260285466, 0.0, 1.0004148585537542, 1.0258237166269826, 0.05891504847134647, 0.017271365121142468, 1.0089817606499052, 1.0184335646713751, 0.027126457233250068, 0.03892098845754698, 1.0128471701795312, 1.0173411871958327, 0.0, 0.02979946599595429, 1.0038600131101278, 1.0903835523035144]z matrix is :
 [0.0, 2.0072077333566085e-9, 0.9999999990034301, 0.9999999989893624, 0.0, 2.026238732355523e-9, 0.9999999989995851, 0.9999999989741764, 0.0, 2.027415346717021e-9, 0.9999999989910182, 0.9999999989815664, 2.0301884617879296e-9, 0.0, 0.9999999989871529, 0.9999999989826589, 0.0, 2.0942434453274927e-9, 0.9999999989961399, 0.9999999989096164]
[2.0072077333566085e-9, 0.0, 1.0000000010106378, 1.00000000099657, 2.007207622334306e-9, 4.033446354689829e-9, 1.0000000010067929, 1.0000000009813839, 2.007207622334306e-9, 4.034622969051327e-9, 1.000000000998226, 1.000000000988774, 4.037396084122236e-9, 2.007207622334306e-9, 1.0000000009943606, 1.0000000009898664, 2.007207622334306e-9, 4.101451067661799e-9, 1.0000000010033476, 1.000000000916824]
[0.9999999990034301, 1.0000000010106378, 0.0, 1.9999999979927925, 0.99999999900343, 1.0000000010296688, 1.9999999980030152, 1.9999999979776064, 0.99999999900343, 1.0000000010308454, 1.9999999979944483, 1.9999999979849965, 1.0000000010336185, 0.99999999900343, 1.999999997990583, 1.999999997986089, 0.99999999900343, 1.0000000010976735, 1.99999999799957, 1.9999999979130465]
[0.9999999989893624, 1.00000000099657, 1.9999999979927925, 0.0, 0.9999999989893624, 1.0000000010156012, 1.9999999979889476, 1.9999999979635388, 0.9999999989893624, 1.0000000010167778, 1.9999999979803806, 1.9999999979709289, 1.0000000010195509, 0.9999999989893624, 1.9999999979765153, 1.9999999979720213, 0.9999999989893624, 1.0000000010836059, 1.9999999979855023, 1.9999999978989789]
[0.0, 2.007207622334306e-9, 0.99999999900343, 0.9999999989893624, 0.0, 2.026238732355523e-9, 0.9999999989995851, 0.9999999989741764, 0.0, 2.027415346717021e-9, 0.9999999989910182, 0.9999999989815664, 2.0301884617879296e-9, 0.0, 0.9999999989871529, 0.9999999989826589, 0.0, 2.0942434453274927e-9, 0.9999999989961399, 0.9999999989096164]
[2.026238732355523e-9, 4.033446354689829e-9, 1.0000000010296688, 1.0000000010156012, 2.026238732355523e-9, 0.0, 1.0000000010258239, 1.0000000010004149, 2.0262386213332206e-9, 4.0536539680502415e-9, 1.000000001017257, 1.000000001007805, 4.05642708312115e-9, 2.0262386213332206e-9, 1.0000000010133916, 1.0000000010088974, 2.0262386213332206e-9, 4.120482066660713e-9, 1.0000000010223786, 1.000000000935855]
[0.9999999989995851, 1.0000000010067929, 1.9999999980030152, 1.9999999979889476, 0.9999999989995851, 1.0000000010258239, 0.0, 1.9999999979737615, 0.9999999989995851, 1.0000000010270005, 1.9999999979906034, 1.9999999979811516, 1.0000000010297736, 0.9999999989995851, 1.999999997986738, 1.999999997982244, 0.9999999989995851, 1.0000000010938286, 1.999999997995725, 1.9999999979092016]
[0.9999999989741764, 1.0000000009813839, 1.9999999979776064, 1.9999999979635388, 0.9999999989741764, 1.0000000010004149, 1.9999999979737615, 0.0, 0.9999999989741762, 1.0000000010015917, 1.9999999979651946, 1.9999999979557428, 1.0000000010043648, 0.9999999989741762, 1.9999999979613292, 1.9999999979568353, 0.9999999989741762, 1.0000000010684198, 1.9999999979703162, 1.9999999978837928]
[0.0, 2.007207622334306e-9, 0.99999999900343, 0.9999999989893624, 0.0, 2.0262386213332206e-9, 0.9999999989995851, 0.9999999989741762, 0.0, 2.027415346717021e-9, 0.9999999989910182, 0.9999999989815664, 2.0301884617879296e-9, 0.0, 0.9999999989871529, 0.9999999989826589, 0.0, 2.0942434453274927e-9, 0.9999999989961399, 0.9999999989096164]
[2.027415346717021e-9, 4.034622969051327e-9, 1.0000000010308454, 1.0000000010167778, 2.027415346717021e-9, 4.0536539680502415e-9, 1.0000000010270005, 1.0000000010015917, 2.027415346717021e-9, 0.0, 1.0000000010184336, 1.0000000010089818, 4.05760380850495e-9, 2.027415346717021e-9, 1.0000000010145682, 1.0000000010100742, 2.027415346717021e-9, 4.1216587920445136e-9, 1.0000000010235552, 1.0000000009370318]
[0.9999999989910182, 1.000000000998226, 1.9999999979944483, 1.9999999979803806, 0.9999999989910182, 1.000000001017257, 1.9999999979906034, 1.9999999979651946, 0.9999999989910182, 1.0000000010184336, 0.0, 1.9999999979725847, 1.0000000010212067, 0.9999999989910182, 1.999999997978171, 1.9999999979736771, 0.9999999989910182, 1.0000000010852617, 1.999999997987158, 1.9999999979006347]
[0.9999999989815664, 1.000000000988774, 1.9999999979849965, 1.9999999979709289, 0.9999999989815664, 1.000000001007805, 1.9999999979811516, 1.9999999979557428, 0.9999999989815664, 1.0000000010089818, 1.9999999979725847, 0.0, 1.000000001011755, 0.9999999989815664, 1.9999999979687193, 1.9999999979642253, 0.9999999989815664, 1.0000000010758099, 1.9999999979777063, 1.9999999978911829]
[2.0301884617879296e-9, 4.037396084122236e-9, 1.0000000010336185, 1.0000000010195509, 2.0301884617879296e-9, 4.05642708312115e-9, 1.0000000010297736, 1.0000000010043648, 2.0301884617879296e-9, 4.05760380850495e-9, 1.0000000010212067, 1.000000001011755, 0.0, 2.030188350765627e-9, 1.0000000010173413, 1.0000000010128471, 2.030188350765627e-9, 4.12443179609312e-9, 1.0000000010263284, 1.0000000009398047]
[0.0, 2.007207622334306e-9, 0.99999999900343, 0.9999999989893624, 0.0, 2.0262386213332206e-9, 0.9999999989995851, 0.9999999989741762, 0.0, 2.027415346717021e-9, 0.9999999989910182, 0.9999999989815664, 2.030188350765627e-9, 0.0, 0.9999999989871529, 0.9999999989826589, 0.0, 2.0942434453274927e-9, 0.9999999989961399, 0.9999999989096164]
[0.9999999989871529, 1.0000000009943606, 1.999999997990583, 1.9999999979765153, 0.9999999989871529, 1.0000000010133916, 1.999999997986738, 1.9999999979613292, 0.9999999989871529, 1.0000000010145682, 1.999999997978171, 1.9999999979687193, 1.0000000010173413, 0.9999999989871529, 0.0, 1.9999999979698118, 0.9999999989871529, 1.0000000010813963, 1.9999999979832928, 1.9999999978967693]
[0.9999999989826589, 1.0000000009898664, 1.999999997986089, 1.9999999979720213, 0.9999999989826589, 1.0000000010088974, 1.999999997982244, 1.9999999979568353, 0.9999999989826589, 1.0000000010100742, 1.9999999979736771, 1.9999999979642253, 1.0000000010128471, 0.9999999989826589, 1.9999999979698118, 0.0, 0.9999999989826588, 1.0000000010769023, 1.9999999979787988, 1.9999999978922753]
[0.0, 2.007207622334306e-9, 0.99999999900343, 0.9999999989893624, 0.0, 2.0262386213332206e-9, 0.9999999989995851, 0.9999999989741762, 0.0, 2.027415346717021e-9, 0.9999999989910182, 0.9999999989815664, 2.030188350765627e-9, 0.0, 0.9999999989871529, 0.9999999989826588, 0.0, 2.0942434453274927e-9, 0.9999999989961399, 0.9999999989096164]
[2.0942434453274927e-9, 4.101451067661799e-9, 1.0000000010976735, 1.0000000010836059, 2.0942434453274927e-9, 4.120482066660713e-9, 1.0000000010938286, 1.0000000010684198, 2.0942434453274927e-9, 4.1216587920445136e-9, 1.0000000010852617, 1.0000000010758099, 4.12443179609312e-9, 2.0942434453274927e-9, 1.0000000010813963, 1.0000000010769023, 2.0942434453274927e-9, 0.0, 1.0000000010903833, 1.00000000100386]
[0.9999999989961399, 1.0000000010033476, 1.99999999799957, 1.9999999979855023, 0.9999999989961399, 1.0000000010223786, 1.999999997995725, 1.9999999979703162, 0.9999999989961399, 1.0000000010235552, 1.999999997987158, 1.9999999979777063, 1.0000000010263284, 0.9999999989961399, 1.9999999979832928, 1.9999999979787988, 0.9999999989961399, 1.0000000010903833, 0.0, 1.9999999979057563]
[0.9999999989096164, 1.000000000916824, 1.9999999979130465, 1.9999999978989789, 0.9999999989096164, 1.000000000935855, 1.9999999979092016, 1.9999999978837928, 0.9999999989096164, 1.0000000009370318, 1.9999999979006347, 1.9999999978911829, 1.0000000009398047, 0.9999999989096164, 1.9999999978967693, 1.9999999978922753, 0.9999999989096164, 1.00000000100386, 1.9999999979057563, 0.0]
w vector is :
 [0.029289121045888544, 0.0069068456426398805, 0.996570007183992, 1.0106376095047094, 0.02991238260285466, 0.0, 1.0004148585537542, 1.0258237166269826, 0.05891504847134647, 0.017271365121142468, 1.0089817606499052, 1.0184335646713751, 0.027126457233250068, 0.03892098845754698, 1.0128471701795312, 1.0173411871958327, 0.0, 0.02979946599595429, 1.0038600131101278, 1.0903835523035144]p matrix is :
 [0.0, 0.0, 0.0, 0.0, 0.0, 0.0, 0.0, 0.0, 0.0, 0.0, 0.0, 0.0, 0.0, 0.0, 0.0, 0.0, 0.0, 0.0, 0.0, 0.0]
[0.0, 0.0, 0.0, 0.0, 0.0, 0.0, 0.0, 0.0, 0.0, 0.0, 0.0, 0.0, 0.0, 0.0, 0.0, 0.0, 0.0, 0.0, 0.0, 0.0]
[0.0, 0.0, 0.0, 0.0, 0.0, 0.0, 0.0, 0.0, 0.0, 0.0, 0.0, 0.0, 0.0, 0.0, 0.0, 0.0, 0.0, 0.0, 0.0, 0.0]
[0.0, 0.0, 0.0, 0.0, 0.0, 0.0, 0.0, 0.0, 0.0, 0.0, 0.0, 0.0, 0.0, 0.0, 0.0, 0.0, 0.0, 0.0, 0.0, 0.0]
[0.0, 0.0, 0.0, 0.0, 0.0, 0.0, 0.0, 0.0, 0.0, 0.0, 0.0, 0.0, 0.0, 0.0, 0.0, 0.0, 0.0, 0.0, 0.0, 0.0]
[0.0, 0.0, 0.0, 0.0, 0.0, 0.0, 0.0, 0.0, 0.0, 0.0, 0.0, 0.0, 0.0, 0.0, 0.0, 0.0, 0.0, 0.0, 0.0, 0.0]
[0.0, 0.0, 0.0, 0.0, 0.0, 0.0, 0.0, 0.0, 0.0, 0.0, 0.0, 0.0, 0.0, 0.0, 0.0, 0.0, 0.0, 0.0, 0.0, 0.0]
[0.0, 0.0, 0.0, 0.0, 0.0, 0.0, 0.0, 0.0, 0.0, 0.0, 0.0, 0.0, 0.0, 0.0, 0.0, 0.0, 0.0, 0.0, 0.0, 0.0]
[0.0, 0.0, 0.0, 0.0, 0.0, 0.0, 0.0, 0.0, 0.0, 0.0, 0.0, 0.0, 0.0, 0.0, 0.0, 0.0, 0.0, 0.0, 0.0, 0.0]
[0.0, 0.0, 0.0, 0.0, 0.0, 0.0, 0.0, 0.0, 0.0, 0.0, 0.0, 0.0, 0.0, 0.0, 0.0, 0.0, 0.0, 0.0, 0.0, 0.0]
[0.0, 0.0, 0.0, 0.0, 0.0, 0.0, 0.0, 0.0, 0.0, 0.0, 0.0, 0.0, 0.0, 0.0, 0.0, 0.0, 0.0, 0.0, 0.0, 0.0]
[0.0, 0.0, 0.0, 0.0, 0.0, 0.0, 0.0, 0.0, 0.0, 0.0, 0.0, 0.0, 0.0, 0.0, 0.0, 0.0, 0.0, 0.0, 0.0, 0.0]
[0.0, 0.0, 0.0, 0.0, 0.0, 0.0, 0.0, 0.0, 0.0, 0.0, 0.0, 0.0, 0.0, 0.0, 0.0, 0.0, 0.0, 0.0, 0.0, 0.0]
[0.0, 0.0, 0.0, 0.0, 0.0, 0.0, 0.0, 0.0, 0.0, 0.0, 0.0, 0.0, 0.0, 0.0, 0.0, 0.0, 0.0, 0.0, 0.0, 0.0]
[0.0, 0.0, 0.0, 0.0, 0.0, 0.0, 0.0, 0.0, 0.0, 0.0, 0.0, 0.0, 0.0, 0.0, 0.0, 0.0, 0.0, 0.0, 0.0, 0.0]
[0.0, 0.0, 0.0, 0.0, 0.0, 0.0, 0.0, 0.0, 0.0, 0.0, 0.0, 0.0, 0.0, 0.0, 0.0, 0.0, 0.0, 0.0, 0.0, 0.0]
[0.0, 0.0, 0.0, 0.0, 0.0, 0.0, 0.0, 0.0, 0.0, 0.0, 0.0, 0.0, 0.0, 0.0, 0.0, 0.0, 0.0, 0.0, 0.0, 0.0]
[0.0, 0.0, 0.0, 0.0, 0.0, 0.0, 0.0, 0.0, 0.0, 0.0, 0.0, 0.0, 0.0, 0.0, 0.0, 0.0, 0.0, 0.0, 0.0, 0.0]
[0.0, 0.0, 0.0, 0.0, 0.0, 0.0, 0.0, 0.0, 0.0, 0.0, 0.0, 0.0, 0.0, 0.0, 0.0, 0.0, 0.0, 0.0, 0.0, 0.0]
[0.0, 0.0, 0.0, 0.0, 0.0, 0.0, 0.0, 0.0, 0.0, 0.0, 0.0, 0.0, 0.0, 0.0, 0.0, 0.0, 0.0, 0.0, 0.0, 0.0]
