Academic license - for non-commercial use only
Academic license - for non-commercial use only
Optimize a model with 1965 rows, 860 columns and 5100 nonzeros
Variable types: 840 continuous, 20 integer (20 binary)
Coefficient statistics:
  Matrix range     [1e+00, 1e+09]
  Objective range  [1e+00, 1e+00]
  Bounds range     [0e+00, 0e+00]
  RHS range        [2e-02, 2e+00]
Warning: Model contains large matrix coefficients
         Consider reformulating model or setting NumericFocus parameter
         to avoid numerical issues.
Found heuristic solution: objective -0.0000000
Presolve removed 1370 rows and 630 columns
Presolve time: 0.02s
Presolved: 595 rows, 230 columns, 1770 nonzeros
Variable types: 210 continuous, 20 integer (20 binary)

Root relaxation: objective 1.067715e+01, 40 iterations, 0.00 seconds

    Nodes    |    Current Node    |     Objective Bounds      |     Work
 Expl Unexpl |  Obj  Depth IntInf | Incumbent    BestBd   Gap | It/Node Time

*    0     0               0      10.6771469   10.67715  0.00%     -    0s

Explored 0 nodes (50 simplex iterations) in 0.02 seconds
Thread count was 24 (of 24 available processors)

Solution count 2: 10.6771 -0 

Optimal solution found (tolerance 1.00e-04)
Best objective 1.067714691283e+01, best bound 1.067714691283e+01, gap 0.0000%
num_cluster is 5
card is 4
visit_m is 2
limits_ is [1, 1]
dim is 2
sum dis 59.492017881127346

dis_mat matrix is :
 [Inf, 0.06291957701983837, 0.08145383930504828, 0.11277408909230098, 0.22008920940957427, 0.1703700110638962, 0.01651938958804266, 0.16487151215881682, 0.1429792491701027, 0.032611481873230874, 0.09453482237757689, 0.04379256439905366, 0.09773907423902899, 0.13069550878638525, 0.07790981247267131, 0.24912049794228647, 0.048045413138269585, 0.10156804349385862, 0.1855113113094631, 0.06488215862100143]
[0.06291957701983837, Inf, 0.025940278071128562, 0.1624862027712403, 0.25060748378724257, 0.13702607159368, 0.050958180269604976, 0.2276762244482928, 0.08454063000260113, 0.061887481462096515, 0.08812319862681683, 0.028655278720439742, 0.035670942587893884, 0.12891568515370963, 0.11484626827503362, 0.20629514820106754, 0.02070226666618192, 0.16330821332816964, 0.2192570427258432, 0.12521066576945897]
[0.08145383930504828, 0.025940278071128562, Inf, 0.16784842966650465, 0.2444520279743283, 0.15193458190869893, 0.07264224260879835, 0.2434505874673016, 0.08436746619307758, 0.07018518731568872, 0.11241857076930128, 0.03878217213048916, 0.02137740963810056, 0.11410402172135703, 0.11680707592547956, 0.2146319071947113, 0.04624349722967938, 0.17738454993400204, 0.24518544707153922, 0.13859878953662746]
[0.11277408909230098, 0.1624862027712403, 0.16784842966650465, Inf, 0.12195139192954611, 0.2831125470214273, 0.1291311530250008, 0.11207192775419722, 0.24700163317007756, 0.10059882721176827, 0.20485700704824072, 0.13409746281829582, 0.18899648229718155, 0.12062655412856785, 0.05283146456212412, 0.36157533809296366, 0.15571365612374796, 0.061139442667692744, 0.2508699616250626, 0.05933220931234554]
[0.22008920940957427, 0.25060748378724257, 0.2444520279743283, 0.12195139192954611, Inf, 0.38494539042006265, 0.23456876884396274, 0.20892602863398294, 0.3287674276054028, 0.19580739466404026, 0.3145022987405514, 0.22336367459311127, 0.2648469275798565, 0.14134644778580377, 0.1423745271224926, 0.4568752977475522, 0.25201151778652287, 0.17986733662796164, 0.3727432991263731, 0.1799688682185433]
[0.1703700110638962, 0.13702607159368, 0.15193458190869893, 0.2831125470214273, 0.38494539042006265, Inf, 0.1541481638811841, 0.3103741175963304, 0.09036580636174653, 0.18950476566774418, 0.08362517905374313, 0.16223061077218826, 0.1381145898736048, 0.2651318718661231, 0.24410302475487836, 0.0826093824626496, 0.13294218716361805, 0.2605965624513866, 0.1944029588558506, 0.23067475560315445]
[0.01651938958804266, 0.050958180269604976, 0.07264224260879835, 0.1291311530250008, 0.23456876884396274, 0.1541481638811841, Inf, 0.17879538941749762, 0.12777368054048305, 0.041555477485136647, 0.08006319822216469, 0.03875979216725162, 0.08657442720384317, 0.1378757902359593, 0.09219695077414099, 0.23263241254845546, 0.03348197160081671, 0.11685162667825605, 0.18233949526363188, 0.08095040368176665]
[0.16487151215881682, 0.2276762244482928, 0.2434505874673016, 0.11207192775419722, 0.20892602863398294, 0.3103741175963304, 0.17879538941749762, Inf, 0.30606143848805883, 0.17502082335038907, 0.22698906974318578, 0.20471052579372123, 0.2617259771940355, 0.2299415853440685, 0.15252861556381375, 0.39298154000668434, 0.21223490869747294, 0.06724642527872046, 0.20047868583247364, 0.10568439305724485]
[0.1429792491701027, 0.08454063000260113, 0.08436746619307758, 0.24700163317007756, 0.3287674276054028, 0.09036580636174653, 0.12777368054048305, 0.30606143848805883, Inf, 0.1464134473502142, 0.1062472187094486, 0.11294225068704669, 0.06406800134615347, 0.19516976058313829, 0.19843813204350086, 0.13410743029932143, 0.09495585517006226, 0.24449802002603044, 0.24964627138506407, 0.20756051552054788]
[0.032611481873230874, 0.061887481462096515, 0.07018518731568872, 0.10059882721176827, 0.19580739466404026, 0.18950476566774418, 0.041555477485136647, 0.17502082335038907, 0.1464134473502142, Inf, 0.12062720085220648, 0.03364849152201311, 0.09039608740215377, 0.09809516203804537, 0.05483394535201145, 0.26439159303793935, 0.05719406569541866, 0.10816106716620189, 0.2178750077277456, 0.0693846488349045]
[0.09453482237757689, 0.08812319862681683, 0.11241857076930128, 0.20485700704824072, 0.3145022987405514, 0.08362517905374313, 0.08006319822216469, 0.22698906974318578, 0.1062472187094486, 0.12062720085220648, Inf, 0.1027245235999638, 0.11047548530172802, 0.2112535889723655, 0.1721494229501568, 0.16616693553063905, 0.07303617700227669, 0.17751817610030887, 0.14440195364490296, 0.14952314149402884]
[0.04379256439905366, 0.028655278720439742, 0.03878217213048916, 0.13409746281829582, 0.22336367459311127, 0.16223061077218826, 0.03875979216725162, 0.20471052579372123, 0.11294225068704669, 0.03364849152201311, 0.1027245235999638, Inf, 0.05761599471182793, 0.10857278918293155, 0.08622703129802828, 0.23400340637454456, 0.030544728521177213, 0.1388657268561617, 0.2200182155161512, 0.10017060830547155]
[0.09773907423902899, 0.035670942587893884, 0.02137740963810056, 0.18899648229718155, 0.2648469275798565, 0.1381145898736048, 0.08657442720384317, 0.2617259771940355, 0.06406800134615347, 0.09039608740215377, 0.11047548530172802, 0.05761599471182793, Inf, 0.13180375644121506, 0.13815386661764348, 0.1962969558272506, 0.05546540039107967, 0.19634316530322551, 0.2494331404411084, 0.15773096215182927]
[0.13069550878638525, 0.12891568515370963, 0.11410402172135703, 0.12062655412856785, 0.14134644778580377, 0.2651318718661231, 0.1378757902359593, 0.2299415853440685, 0.19516976058313829, 0.09809516203804537, 0.2112535889723655, 0.10857278918293155, 0.13180375644121506, Inf, 0.07967531598959621, 0.32808611631907725, 0.13881759207723018, 0.16755940050170226, 0.3152699044606892, 0.13809566928712538]
[0.07790981247267131, 0.11484626827503362, 0.11680707592547956, 0.05283146456212412, 0.1423745271224926, 0.24410302475487836, 0.09219695077414099, 0.15252861556381375, 0.19843813204350086, 0.05483394535201145, 0.1721494229501568, 0.08622703129802828, 0.13815386661764348, 0.07967531598959621, Inf, 0.3191672671240527, 0.1120229082373749, 0.08821076405863479, 0.24799308123300515, 0.05936856071242026]
[0.24912049794228647, 0.20629514820106754, 0.2146319071947113, 0.36157533809296366, 0.4568752977475522, 0.0826093824626496, 0.23263241254845546, 0.39298154000668434, 0.13410743029932143, 0.26439159303793935, 0.16616693553063905, 0.23400340637454456, 0.1962969558272506, 0.32808611631907725, 0.3191672671240527, Inf, 0.2072338833879237, 0.34248770329542066, 0.2635545842917517, 0.31135137047064687]
[0.048045413138269585, 0.02070226666618192, 0.04624349722967938, 0.15571365612374796, 0.25201151778652287, 0.13294218716361805, 0.03348197160081671, 0.21223490869747294, 0.09495585517006226, 0.05719406569541866, 0.07303617700227669, 0.030544728521177213, 0.05546540039107967, 0.13881759207723018, 0.1120229082373749, 0.2072338833879237, Inf, 0.14960924743707985, 0.19916360236838968, 0.11265400993582841]
[0.10156804349385862, 0.16330821332816964, 0.17738454993400204, 0.061139442667692744, 0.17986733662796164, 0.2605965624513866, 0.11685162667825605, 0.06724642527872046, 0.24449802002603044, 0.10816106716620189, 0.17751817610030887, 0.1388657268561617, 0.19634316530322551, 0.16755940050170226, 0.08821076405863479, 0.34248770329542066, 0.14960924743707985, Inf, 0.19471011558008555, 0.038829256835001554]
[0.1855113113094631, 0.2192570427258432, 0.24518544707153922, 0.2508699616250626, 0.3727432991263731, 0.1944029588558506, 0.18233949526363188, 0.20047868583247364, 0.24964627138506407, 0.2178750077277456, 0.14440195364490296, 0.2200182155161512, 0.2494331404411084, 0.3152699044606892, 0.24799308123300515, 0.2635545842917517, 0.19916360236838968, 0.19471011558008555, Inf, 0.1949896246508634]
[0.06488215862100143, 0.12521066576945897, 0.13859878953662746, 0.05933220931234554, 0.1799688682185433, 0.23067475560315445, 0.08095040368176665, 0.10568439305724485, 0.20756051552054788, 0.0693846488349045, 0.14952314149402884, 0.10017060830547155, 0.15773096215182927, 0.13809566928712538, 0.05936856071242026, 0.31135137047064687, 0.11265400993582841, 0.038829256835001554, 0.1949896246508634, Inf]
data points matrix is :
 [0.500761777426334, 0.5057025248091463]
[0.4451598988296124, 0.5351525548408934]
[0.4215070201007008, 0.5245017635912784]
[0.5306114932077602, 0.39695056097232034]
[0.47837021567239846, 0.2867553209887935]
[0.46069772997734165, 0.6712948337244973]
[0.4940548377324548, 0.5207991201969879]
[0.6406141293040839, 0.41838737609028487]
[0.39855563395706495, 0.6056873733132347]
[0.4777831514343077, 0.4825618355910906]
[0.5046588211203866, 0.6001569884009039]
[0.45710152007727967, 0.5091040869296448]
[0.4102975474758662, 0.5427045481669481]
[0.410794422256241, 0.41090172829018007]
[0.4884395239378884, 0.428773330425653]
[0.4133342709406128, 0.7389780134587298]
[0.46559899476314953, 0.5384430263173496]
[0.5761982443434246, 0.43769218060889215]
[0.6478607059857378, 0.61873505039551]
[0.5415713465965336, 0.45526173207684006]




 AdNNnew 
obj val AdNNnew 10.677146912830423
x vector is :
 [1.0, 9.974671102261305e-10, 1.0208384312216738e-9, 1.0, 1.088105033689202e-9, 0.999999998326343, 1.0, 1.0672464213460925e-9, 1.0, 0.9999999984316668, 1.042718183716165e-9, 1.007309572071283e-9, 0.9999999983994878, 1.0, 1.0264339019546654e-9, 1.0557725989956962e-9, 1.0, 0.9999999983470761, 1.1016837577843358e-9, 1.032934646698386e-9]y vector is :
 [0.0062725704481156885, 0.9974671152261304, 1.0208384362216738, 0.026397556581025026, 1.088105038689202, 0.02683677956653252, 0.010246821158232278, 1.0672464263460923, 0.06352902895056545, 0.02633891549344834, 1.042718188716165, 1.007309577071283, 0.0005389744777948291, 0.053241408008497, 1.0264339069546653, 1.055772603995696, 0.023235150442584507, 0.0, 1.1016837627843357, 1.032934651698386]z matrix is :
 [0.0, 1.0000000010208383, 1.000000000997467, 2.0183055227107616e-9, 1.0000000009302006, 4.1736569755812525e-9, 2.0183055227107616e-9, 1.000000000951059, 2.0183055227107616e-9, 4.068333225859533e-9, 1.0000000009755874, 1.000000001010996, 4.100512152049873e-9, 2.0183055227107616e-9, 1.0000000009918717, 1.000000000962533, 2.0183055227107616e-9, 4.152923782640983e-9, 1.0000000009166217, 1.000000000985371]
[1.0000000010208383, 0.0, 1.9999999979816943, 0.9999999990025329, 1.9999999979144278, 1.0000000011578842, 0.9999999990025329, 1.9999999979352863, 0.9999999990025329, 1.0000000010525605, 1.9999999979598146, 1.9999999979952232, 1.0000000010847394, 0.9999999990025329, 1.999999997976099, 1.9999999979467602, 0.9999999990025329, 1.000000001137151, 1.999999997900849, 1.9999999979695982]
[1.000000000997467, 1.9999999979816943, 0.0, 0.9999999989791616, 1.9999999978910565, 1.000000001134513, 0.9999999989791616, 1.999999997911915, 0.9999999989791616, 1.0000000010291892, 1.9999999979364433, 1.999999997971852, 1.000000001061368, 0.9999999989791616, 1.9999999979527276, 1.999999997923389, 0.9999999989791616, 1.0000000011137797, 1.9999999978774776, 1.9999999979462268]
[2.0183055227107616e-9, 0.9999999990025329, 0.9999999989791616, 0.0, 0.9999999989118951, 2.155351452870491e-9, 0.0, 0.9999999989327535, 0.0, 2.0500277031487713e-9, 0.9999999989572819, 0.9999999989926904, 2.0822066293391117e-9, 0.0, 0.9999999989735662, 0.9999999989442274, 0.0, 2.134618259930221e-9, 0.9999999988983161, 0.9999999989670654]
[1.0000000009302006, 1.9999999979144278, 1.9999999978910565, 0.9999999989118951, 0.0, 1.0000000010672465, 0.999999998911895, 1.9999999978446485, 0.999999998911895, 1.0000000009619228, 1.999999997869177, 1.9999999979045855, 1.0000000009941017, 0.999999998911895, 1.9999999978854612, 1.9999999978561225, 0.999999998911895, 1.0000000010465133, 1.9999999978102112, 1.9999999978789604]
[4.1736569755812525e-9, 1.0000000011578842, 1.000000001134513, 2.155351452870491e-9, 1.0000000010672465, 0.0, 2.155351452870491e-9, 1.000000001088105, 2.155351452870491e-9, 4.205379156019262e-9, 1.0000000011126333, 1.0000000011480419, 4.237558082209603e-9, 2.155351452870491e-9, 1.0000000011289176, 1.0000000010995789, 2.155351452870491e-9, 4.289969712800712e-9, 1.0000000010536676, 1.0000000011224168]
[2.0183055227107616e-9, 0.9999999990025329, 0.9999999989791616, 0.0, 0.999999998911895, 2.155351452870491e-9, 0.0, 0.9999999989327535, 0.0, 2.0500277031487713e-9, 0.9999999989572819, 0.9999999989926904, 2.0822066293391117e-9, 0.0, 0.9999999989735662, 0.9999999989442274, 0.0, 2.134618259930221e-9, 0.9999999988983161, 0.9999999989670654]
[1.000000000951059, 1.9999999979352863, 1.999999997911915, 0.9999999989327535, 1.9999999978446485, 1.000000001088105, 0.9999999989327535, 0.0, 0.9999999989327536, 1.0000000009827812, 1.9999999978900354, 1.999999997925444, 1.0000000010149601, 0.9999999989327536, 1.9999999979063197, 1.999999997876981, 0.9999999989327536, 1.0000000010673717, 1.9999999978310696, 1.9999999978998189]
[2.0183055227107616e-9, 0.9999999990025329, 0.9999999989791616, 0.0, 0.999999998911895, 2.155351452870491e-9, 0.0, 0.9999999989327536, 0.0, 2.0500277031487713e-9, 0.9999999989572819, 0.9999999989926904, 2.0822066293391117e-9, 0.0, 0.9999999989735662, 0.9999999989442274, 0.0, 2.134618259930221e-9, 0.9999999988983161, 0.9999999989670654]
[4.068333225859533e-9, 1.0000000010525605, 1.0000000010291892, 2.0500277031487713e-9, 1.0000000009619228, 4.205379156019262e-9, 2.0500277031487713e-9, 1.0000000009827812, 2.0500277031487713e-9, 0.0, 1.0000000010073096, 1.0000000010427181, 4.132234332487883e-9, 2.0500277031487713e-9, 1.0000000010235939, 1.0000000009942551, 2.0500277031487713e-9, 4.184645963078992e-9, 1.0000000009483438, 1.000000001017093]
[1.0000000009755874, 1.9999999979598146, 1.9999999979364433, 0.9999999989572819, 1.999999997869177, 1.0000000011126333, 0.9999999989572819, 1.9999999978900354, 0.9999999989572819, 1.0000000010073096, 0.0, 1.9999999979499723, 1.0000000010394885, 0.9999999989572819, 1.999999997930848, 1.9999999979015093, 0.9999999989572819, 1.0000000010919001, 1.999999997855598, 1.9999999979243472]
[1.000000001010996, 1.9999999979952232, 1.999999997971852, 0.9999999989926904, 1.9999999979045855, 1.0000000011480419, 0.9999999989926904, 1.999999997925444, 0.9999999989926904, 1.0000000010427181, 1.9999999979499723, 0.0, 1.000000001074897, 0.9999999989926904, 1.9999999979662566, 1.9999999979369179, 0.9999999989926904, 1.0000000011273087, 1.9999999978910066, 1.9999999979597558]
[4.100512152049873e-9, 1.0000000010847394, 1.000000001061368, 2.0822066293391117e-9, 1.0000000009941017, 4.237558082209603e-9, 2.0822066293391117e-9, 1.0000000010149601, 2.0822066293391117e-9, 4.132234332487883e-9, 1.0000000010394885, 1.000000001074897, 0.0, 2.0822066293391117e-9, 1.0000000010557728, 1.000000001026434, 2.0822066293391117e-9, 4.216824889269333e-9, 1.0000000009805228, 1.000000001049272]
[2.0183055227107616e-9, 0.9999999990025329, 0.9999999989791616, 0.0, 0.999999998911895, 2.155351452870491e-9, 0.0, 0.9999999989327536, 0.0, 2.0500277031487713e-9, 0.9999999989572819, 0.9999999989926904, 2.0822066293391117e-9, 0.0, 0.9999999989735662, 0.9999999989442274, 0.0, 2.134618259930221e-9, 0.9999999988983161, 0.9999999989670654]
[1.0000000009918717, 1.999999997976099, 1.9999999979527276, 0.9999999989735662, 1.9999999978854612, 1.0000000011289176, 0.9999999989735662, 1.9999999979063197, 0.9999999989735662, 1.0000000010235939, 1.999999997930848, 1.9999999979662566, 1.0000000010557728, 0.9999999989735662, 0.0, 1.9999999979177936, 0.9999999989735661, 1.0000000011081844, 1.9999999978718823, 1.9999999979406315]
[1.000000000962533, 1.9999999979467602, 1.999999997923389, 0.9999999989442274, 1.9999999978561225, 1.0000000010995789, 0.9999999989442274, 1.999999997876981, 0.9999999989442274, 1.0000000009942551, 1.9999999979015093, 1.9999999979369179, 1.000000001026434, 0.9999999989442274, 1.9999999979177936, 0.0, 0.9999999989442274, 1.0000000010788457, 1.9999999978425436, 1.9999999979112928]
[2.0183055227107616e-9, 0.9999999990025329, 0.9999999989791616, 0.0, 0.999999998911895, 2.155351452870491e-9, 0.0, 0.9999999989327536, 0.0, 2.0500277031487713e-9, 0.9999999989572819, 0.9999999989926904, 2.0822066293391117e-9, 0.0, 0.9999999989735661, 0.9999999989442274, 0.0, 2.134618259930221e-9, 0.9999999988983161, 0.9999999989670654]
[4.152923782640983e-9, 1.000000001137151, 1.0000000011137797, 2.134618259930221e-9, 1.0000000010465133, 4.289969712800712e-9, 2.134618259930221e-9, 1.0000000010673717, 2.134618259930221e-9, 4.184645963078992e-9, 1.0000000010919001, 1.0000000011273087, 4.216824889269333e-9, 2.134618259930221e-9, 1.0000000011081844, 1.0000000010788457, 2.134618259930221e-9, 0.0, 1.0000000010329346, 1.0000000011016836]
[1.0000000009166217, 1.999999997900849, 1.9999999978774776, 0.9999999988983161, 1.9999999978102112, 1.0000000010536676, 0.9999999988983161, 1.9999999978310696, 0.9999999988983161, 1.0000000009483438, 1.999999997855598, 1.9999999978910066, 1.0000000009805228, 0.9999999988983161, 1.9999999978718823, 1.9999999978425436, 0.9999999988983161, 1.0000000010329346, 0.0, 1.9999999978653815]
[1.000000000985371, 1.9999999979695982, 1.9999999979462268, 0.9999999989670654, 1.9999999978789604, 1.0000000011224168, 0.9999999989670654, 1.9999999978998189, 0.9999999989670654, 1.000000001017093, 1.9999999979243472, 1.9999999979597558, 1.000000001049272, 0.9999999989670654, 1.9999999979406315, 1.9999999979112928, 0.9999999989670654, 1.0000000011016836, 1.9999999978653815, 0.0]
w vector is :
 [0.0062725704481156885, 0.9974671152261304, 1.0208384362216738, 0.026397556581025026, 1.088105038689202, 0.02683677956653252, 0.010246821158232278, 1.0672464263460923, 0.06352902895056545, 0.02633891549344834, 1.042718188716165, 1.007309577071283, 0.0005389744777948291, 0.053241408008497, 1.0264339069546653, 1.055772603995696, 0.023235150442584507, 0.0, 1.1016837627843357, 1.032934651698386]p matrix is :
 [0.0, 0.0, 0.0, 0.0, 0.0, 0.0, 0.0, 0.0, 0.0, 0.0, 0.0, 0.0, 0.0, 0.0, 0.0, 0.0, 0.0, 0.0, 0.0, 0.0]
[0.0, 0.0, 0.0, 0.0, 0.0, 0.0, 0.0, 0.0, 0.0, 0.0, 0.0, 0.0, 0.0, 0.0, 0.0, 0.0, 0.0, 0.0, 0.0, 0.0]
[0.0, 0.0, 0.0, 0.0, 0.0, 0.0, 0.0, 0.0, 0.0, 0.0, 0.0, 0.0, 0.0, 0.0, 0.0, 0.0, 0.0, 0.0, 0.0, 0.0]
[0.0, 0.0, 0.0, 0.0, 0.0, 0.0, 0.0, 0.0, 0.0, 0.0, 0.0, 0.0, 0.0, 0.0, 0.0, 0.0, 0.0, 0.0, 0.0, 0.0]
[0.0, 0.0, 0.0, 0.0, 0.0, 0.0, 0.0, 0.0, 0.0, 0.0, 0.0, 0.0, 0.0, 0.0, 0.0, 0.0, 0.0, 0.0, 0.0, 0.0]
[0.0, 0.0, 0.0, 0.0, 0.0, 0.0, 0.0, 0.0, 0.0, 0.0, 0.0, 0.0, 0.0, 0.0, 0.0, 0.0, 0.0, 0.0, 0.0, 0.0]
[0.0, 0.0, 0.0, 0.0, 0.0, 0.0, 0.0, 0.0, 0.0, 0.0, 0.0, 0.0, 0.0, 0.0, 0.0, 0.0, 0.0, 0.0, 0.0, 0.0]
[0.0, 0.0, 0.0, 0.0, 0.0, 0.0, 0.0, 0.0, 0.0, 0.0, 0.0, 0.0, 0.0, 0.0, 0.0, 0.0, 0.0, 0.0, 0.0, 0.0]
[0.0, 0.0, 0.0, 0.0, 0.0, 0.0, 0.0, 0.0, 0.0, 0.0, 0.0, 0.0, 0.0, 0.0, 0.0, 0.0, 0.0, 0.0, 0.0, 0.0]
[0.0, 0.0, 0.0, 0.0, 0.0, 0.0, 0.0, 0.0, 0.0, 0.0, 0.0, 0.0, 0.0, 0.0, 0.0, 0.0, 0.0, 0.0, 0.0, 0.0]
[0.0, 0.0, 0.0, 0.0, 0.0, 0.0, 0.0, 0.0, 0.0, 0.0, 0.0, 0.0, 0.0, 0.0, 0.0, 0.0, 0.0, 0.0, 0.0, 0.0]
[0.0, 0.0, 0.0, 0.0, 0.0, 0.0, 0.0, 0.0, 0.0, 0.0, 0.0, 0.0, 0.0, 0.0, 0.0, 0.0, 0.0, 0.0, 0.0, 0.0]
[0.0, 0.0, 0.0, 0.0, 0.0, 0.0, 0.0, 0.0, 0.0, 0.0, 0.0, 0.0, 0.0, 0.0, 0.0, 0.0, 0.0, 0.0, 0.0, 0.0]
[0.0, 0.0, 0.0, 0.0, 0.0, 0.0, 0.0, 0.0, 0.0, 0.0, 0.0, 0.0, 0.0, 0.0, 0.0, 0.0, 0.0, 0.0, 0.0, 0.0]
[0.0, 0.0, 0.0, 0.0, 0.0, 0.0, 0.0, 0.0, 0.0, 0.0, 0.0, 0.0, 0.0, 0.0, 0.0, 0.0, 0.0, 0.0, 0.0, 0.0]
[0.0, 0.0, 0.0, 0.0, 0.0, 0.0, 0.0, 0.0, 0.0, 0.0, 0.0, 0.0, 0.0, 0.0, 0.0, 0.0, 0.0, 0.0, 0.0, 0.0]
[0.0, 0.0, 0.0, 0.0, 0.0, 0.0, 0.0, 0.0, 0.0, 0.0, 0.0, 0.0, 0.0, 0.0, 0.0, 0.0, 0.0, 0.0, 0.0, 0.0]
[0.0, 0.0, 0.0, 0.0, 0.0, 0.0, 0.0, 0.0, 0.0, 0.0, 0.0, 0.0, 0.0, 0.0, 0.0, 0.0, 0.0, 0.0, 0.0, 0.0]
[0.0, 0.0, 0.0, 0.0, 0.0, 0.0, 0.0, 0.0, 0.0, 0.0, 0.0, 0.0, 0.0, 0.0, 0.0, 0.0, 0.0, 0.0, 0.0, 0.0]
[0.0, 0.0, 0.0, 0.0, 0.0, 0.0, 0.0, 0.0, 0.0, 0.0, 0.0, 0.0, 0.0, 0.0, 0.0, 0.0, 0.0, 0.0, 0.0, 0.0]
