Academic license - for non-commercial use only
Academic license - for non-commercial use only
Optimize a model with 1965 rows, 860 columns and 5100 nonzeros
Variable types: 840 continuous, 20 integer (20 binary)
Coefficient statistics:
  Matrix range     [1e+00, 1e+09]
  Objective range  [1e+00, 1e+00]
  Bounds range     [0e+00, 0e+00]
  RHS range        [8e-03, 2e+00]
Warning: Model contains large matrix coefficients
         Consider reformulating model or setting NumericFocus parameter
         to avoid numerical issues.
Found heuristic solution: objective -0.0000000
Presolve removed 1370 rows and 630 columns
Presolve time: 0.00s
Presolved: 595 rows, 230 columns, 1770 nonzeros
Variable types: 210 continuous, 20 integer (20 binary)

Root relaxation: objective 1.055164e+01, 41 iterations, 0.00 seconds

    Nodes    |    Current Node    |     Objective Bounds      |     Work
 Expl Unexpl |  Obj  Depth IntInf | Incumbent    BestBd   Gap | It/Node Time

*    0     0               0      10.5516371   10.55164  0.00%     -    0s

Explored 0 nodes (51 simplex iterations) in 0.02 seconds
Thread count was 24 (of 24 available processors)

Solution count 2: 10.5516 -0 

Optimal solution found (tolerance 1.00e-04)
Best objective 1.055163711597e+01, best bound 1.055163711597e+01, gap 0.0000%
num_cluster is 5
card is 4
visit_m is 2
limits_ is [1, 1]
dim is 2
sum dis 66.55450816728278

dis_mat matrix is :
 [Inf, 0.1444345273359553, 0.1375044560731667, 0.04065768917660302, 0.21184246517374702, 0.08354495257844229, 0.09318877355439717, 0.22636464595905753, 0.1267119364464505, 0.19647027644997547, 0.1694545497636768, 0.08049649653524571, 0.18608536253567962, 0.22732188802362754, 0.12710267543388615, 0.38125577443202496, 0.1799672618534298, 0.2183339826309955, 0.07824501774525859, 0.18326768334011617]
[0.1444345273359553, Inf, 0.026541659603149994, 0.13290484600223348, 0.2715066533019047, 0.06240100172760419, 0.16225119865382565, 0.2970830440147149, 0.07043524739838829, 0.057150622505225235, 0.03285168739218696, 0.0640471500616457, 0.17048919099175552, 0.3021057576571823, 0.13239985680216876, 0.3269649269059862, 0.23636726938749056, 0.07496234660826907, 0.2074276325803253, 0.06643452052023577]
[0.1375044560731667, 0.026541659603149994, Inf, 0.11905986356525797, 0.24656845175145223, 0.06310093744531076, 0.14131579146617548, 0.27267880615154894, 0.09011041623402387, 0.07913119796393246, 0.032708133743070626, 0.061381724882098164, 0.14397043215030877, 0.2779790637797694, 0.10702249562047547, 0.30452615196772814, 0.21165875028262748, 0.09188796656847939, 0.19314722577300197, 0.05163502742057734]
[0.04065768917660302, 0.13290484600223348, 0.11905986356525797, Inf, 0.17861511432191085, 0.0813392297659353, 0.055778003027611815, 0.19628638520157185, 0.13627063714065632, 0.18909368694619624, 0.1517428291404683, 0.07508357011686044, 0.14562932333534404, 0.19842086921090213, 0.0869770149573852, 0.3410619841126967, 0.14503487698206532, 0.20773358387979948, 0.07455592880455904, 0.1580778073104715]
[0.21184246517374702, 0.2715066533019047, 0.24656845175145223, 0.17861511432191085, Inf, 0.2465530556793784, 0.12374304074720065, 0.02980497364230459, 0.3049578762518458, 0.3252258626583705, 0.2705557746883137, 0.23868793542010974, 0.12838755031426063, 0.038045100646604955, 0.13966614927231316, 0.25812379301489774, 0.03552201008640093, 0.33326871194827823, 0.15741221877581305, 0.25075345515381214]
[0.08354495257844229, 0.06240100172760419, 0.06310093744531076, 0.0813392297659353, 0.2465530556793784, Inf, 0.12543169391317588, 0.268401562186408, 0.05842556695851366, 0.1129440512430634, 0.09130169750404975, 0.007959541937484042, 0.17262789155638453, 0.2718847939535613, 0.11909113582364847, 0.35348386474655696, 0.21117911079595983, 0.1349825204572075, 0.15314096757705645, 0.11441011206736056]
[0.09318877355439717, 0.16225119865382565, 0.14131579146617548, 0.055778003027611815, 0.12374304074720065, 0.12543169391317588, Inf, 0.143472002816087, 0.18359579542909207, 0.21916943411521822, 0.17146166958102652, 0.11784089753062285, 0.1062379296607397, 0.146591697275752, 0.05832804163729681, 0.3000326076774775, 0.08953127609223728, 0.2331489944391491, 0.07645563948464325, 0.16531664273075677]
[0.22636464595905753, 0.2970830440147149, 0.27267880615154894, 0.19628638520157185, 0.02980497364230459, 0.268401562186408, 0.143472002816087, Inf, 0.3267690932066486, 0.35165818772538865, 0.29772869941775143, 0.2606588961027246, 0.15814099820513547, 0.009035255829800455, 0.16638524621612127, 0.28042005971984635, 0.061356026018953604, 0.3606271804223443, 0.1642286312366072, 0.2791666080811342]
[0.1267119364464505, 0.07043524739838829, 0.09011041623402387, 0.13627063714065632, 0.3049578762518458, 0.05842556695851366, 0.18359579542909207, 0.3267690932066486, Inf, 0.09065007280645904, 0.10231914352834819, 0.06627016497855522, 0.22466152666037698, 0.3301563229581529, 0.17492389075437753, 0.3945681992856148, 0.2695607055879863, 0.11674945821129842, 0.20316761826682728, 0.13682229232698448]
[0.19647027644997547, 0.057150622505225235, 0.07913119796393246, 0.18909368694619624, 0.3252258626583705, 0.1129440512430634, 0.21916943411521822, 0.35165818772538865, 0.09065007280645904, Inf, 0.05710163618901536, 0.11673298398266868, 0.2157574193865223, 0.3570512117994612, 0.18556097336845698, 0.3489067169687743, 0.29051873920212007, 0.02618126141717352, 0.2633653775095563, 0.0899391702318032]
[0.1694545497636768, 0.03285168739218696, 0.032708133743070626, 0.1517428291404683, 0.2705557746883137, 0.09130169750404975, 0.17146166958102652, 0.29772869941775143, 0.10231914352834819, 0.05710163618901536, Inf, 0.09116311317061523, 0.15866179355408824, 0.3035418717998549, 0.1313874683317886, 0.300579933934252, 0.2363857061836187, 0.06300310406673067, 0.22571742990755944, 0.03725569995156838]
[0.08049649653524571, 0.0640471500616457, 0.061381724882098164, 0.07508357011686044, 0.23868793542010974, 0.007959541937484042, 0.11784089753062285, 0.2606588961027246, 0.06627016497855522, 0.11673298398266868, 0.09116311317061523, Inf, 0.16521053275544614, 0.26420359702880064, 0.11127406604867782, 0.3472639663060885, 0.20329760347340436, 0.13792094333897545, 0.1478005150998531, 0.11194660341913942]
[0.18608536253567962, 0.17048919099175552, 0.14397043215030877, 0.14562932333534404, 0.12838755031426063, 0.17262789155638453, 0.1062379296607397, 0.15814099820513547, 0.22466152666037698, 0.2157574193865223, 0.15866179355408824, 0.16521053275544614, Inf, 0.1659817725195705, 0.0593983220184579, 0.19571623264625915, 0.1020821795533342, 0.2178656634185174, 0.18178401108206976, 0.13084706526675316]
[0.22732188802362754, 0.3021057576571823, 0.2779790637797694, 0.19842086921090213, 0.038045100646604955, 0.2718847939535613, 0.146591697275752, 0.009035255829800455, 0.3301563229581529, 0.3570512117994612, 0.3035418717998549, 0.26420359702880064, 0.1659817725195705, Inf, 0.17215595490865876, 0.28926558321771745, 0.0675670325244481, 0.3665023334497146, 0.1630248239491342, 0.2857141252228816]
[0.12710267543388615, 0.13239985680216876, 0.10702249562047547, 0.0869770149573852, 0.13966614927231316, 0.11909113582364847, 0.05832804163729681, 0.16638524621612127, 0.17492389075437753, 0.18556097336845698, 0.1313874683317886, 0.11127406604867782, 0.0593983220184579, 0.17215595490865876, Inf, 0.25416122252310314, 0.1050842130893845, 0.19434918158924322, 0.13377210635313594, 0.11607028983292646]
[0.38125577443202496, 0.3269649269059862, 0.30452615196772814, 0.3410619841126967, 0.25812379301489774, 0.35348386474655696, 0.3000326076774775, 0.28042005971984635, 0.3945681992856148, 0.3489067169687743, 0.300579933934252, 0.3472639663060885, 0.19571623264625915, 0.28926558321771745, 0.25416122252310314, Inf, 0.25688151421774663, 0.3369319444533408, 0.3726535019035336, 0.2633315252389121]
[0.1799672618534298, 0.23636726938749056, 0.21165875028262748, 0.14503487698206532, 0.03552201008640093, 0.21117911079595983, 0.08953127609223728, 0.061356026018953604, 0.2695607055879863, 0.29051873920212007, 0.2363857061836187, 0.20329760347340436, 0.1020821795533342, 0.0675670325244481, 0.1050842130893845, 0.25688151421774663, Inf, 0.2992731186624515, 0.13300108387721754, 0.21815554944953588]
[0.2183339826309955, 0.07496234660826907, 0.09188796656847939, 0.20773358387979948, 0.33326871194827823, 0.1349825204572075, 0.2331489944391491, 0.3606271804223443, 0.11674945821129842, 0.02618126141717352, 0.06300310406673067, 0.13792094333897545, 0.2178656634185174, 0.3665023334497146, 0.19434918158924322, 0.3369319444533408, 0.2992731186624515, Inf, 0.2822865859054445, 0.08753563461818016]
[0.07824501774525859, 0.2074276325803253, 0.19314722577300197, 0.07455592880455904, 0.15741221877581305, 0.15314096757705645, 0.07645563948464325, 0.1642286312366072, 0.20316761826682728, 0.2633653775095563, 0.22571742990755944, 0.1478005150998531, 0.18178401108206976, 0.1630248239491342, 0.13377210635313594, 0.3726535019035336, 0.13300108387721754, 0.2822865859054445, Inf, 0.22879484050949417]
[0.18326768334011617, 0.06643452052023577, 0.05163502742057734, 0.1580778073104715, 0.25075345515381214, 0.11441011206736056, 0.16531664273075677, 0.2791666080811342, 0.13682229232698448, 0.0899391702318032, 0.03725569995156838, 0.11194660341913942, 0.13084706526675316, 0.2857141252228816, 0.11607028983292646, 0.2633315252389121, 0.21815554944953588, 0.08753563461818016, 0.22879484050949417, Inf]
data points matrix is :
 [0.45459445309136787, 0.3838108228671067]
[0.4652226733555641, 0.5278537804206662]
[0.48937326981261475, 0.5168443124381442]
[0.49275776621166395, 0.39783256387396815]
[0.6620277166943038, 0.34081464627051716]
[0.4503607452857844, 0.46724843320891307]
[0.5476835626945615, 0.38811955700340595]
[0.6692309069966512, 0.3118931922391819]
[0.4011120504922035, 0.4986826969278628]
[0.4414896457831014, 0.579843558790837]
[0.4898920841722475, 0.5495483312220006]
[0.4577323474440232, 0.46424613584269225]
[0.6229389532848197, 0.4631070485317132]
[0.6671096193147058, 0.30311048272102237]
[0.5669902019238784, 0.4431596707652]
[0.7900778088246487, 0.5649375286939947]
[0.6331783619746449, 0.36153970194807]
[0.4552064640139459, 0.6021439477340002]
[0.5054768743637857, 0.32436957450023585]
[0.5270572243811875, 0.5521443921094072]




 AdNNnew 
obj val AdNNnew 10.551637115972136
x vector is :
 [1.0, 1.0120671463865286e-9, 1.0, 1.0184842940994677e-9, 9.887658326455473e-10, 0.9999999984716473, 1.0, 1.009035249820765e-9, 1.0, 0.9999999984614512, 1.00009517373545e-9, 1.0079020639708606e-9, 0.9999999982164745, 1.0, 1.0583280355789686e-9, 1.194645946070452e-9, 1.0, 0.9999999983762163, 1.0560716226305355e-9, 1.0371605141788626e-9]y vector is :
 [0.022173391089202594, 1.0120671513865285, 0.014474507204554232, 1.0184842990994676, 0.9887658376455472, 5.747395652233589e-5, 0.0, 1.009035254820765, 0.05836809499979245, 0.026181265518403052, 1.0000951787354497, 1.0079020689708604, 0.0010702826341353333, 0.0, 1.0583280405789686, 1.194645951070452, 0.04675617145208788, 0.0, 1.0560716276305355, 1.0371605191788626]z matrix is :
 [0.0, 1.0000000010184844, 2.030551504716982e-9, 1.000000001012067, 1.0000000010417858, 4.0283525404305465e-9, 2.030551504716982e-9, 1.0000000010215162, 2.030551504716982e-9, 4.038548828688704e-9, 1.0000000010304564, 1.0000000010226495, 4.283525534276578e-9, 2.030551504716982e-9, 1.0000000009722234, 1.0000000008359056, 2.030551504716982e-9, 4.123783758913646e-9, 1.0000000009744798, 1.000000000993391]
[1.0000000010184844, 0.0, 0.9999999989879329, 1.9999999979694485, 1.9999999979991672, 1.000000000985734, 0.9999999989879329, 1.9999999979788976, 0.9999999989879329, 1.0000000009959302, 1.9999999979878378, 1.999999997980031, 1.000000001240907, 0.9999999989879329, 1.9999999979296048, 1.999999997793287, 0.9999999989879329, 1.0000000010811652, 1.9999999979318612, 1.9999999979507723]
[2.030551504716982e-9, 0.9999999989879329, 0.0, 0.9999999989815156, 0.9999999990112343, 1.9978010357135645e-9, 0.0, 0.9999999989909647, 0.0, 2.007997323971722e-9, 0.9999999989999049, 0.999999998992098, 2.2529740295595957e-9, 0.0, 0.9999999989416719, 0.9999999988053541, 0.0, 2.093232254196664e-9, 0.9999999989439283, 0.9999999989628394]
[1.000000001012067, 1.9999999979694485, 0.9999999989815156, 0.0, 1.9999999979927499, 1.0000000009793166, 0.9999999989815157, 1.9999999979724803, 0.9999999989815157, 1.000000000989513, 1.9999999979814205, 1.9999999979736136, 1.0000000012344896, 0.9999999989815157, 1.9999999979231875, 1.9999999977868697, 0.9999999989815157, 1.0000000010747478, 1.999999997925444, 1.999999997944355]
[1.0000000010417858, 1.9999999979991672, 0.9999999990112343, 1.9999999979927499, 0.0, 1.0000000010090353, 0.9999999990112342, 1.999999998002199, 0.9999999990112342, 1.0000000010192316, 1.9999999980111391, 1.9999999980033323, 1.0000000012642083, 0.9999999990112342, 1.9999999979529062, 1.9999999978165883, 0.9999999990112342, 1.0000000011044665, 1.9999999979551626, 1.9999999979740737]
[4.0283525404305465e-9, 1.000000000985734, 1.9978010357135645e-9, 1.0000000009793166, 1.0000000010090353, 0.0, 1.997801146735867e-9, 1.000000000988766, 1.997801146735867e-9, 4.005798470707589e-9, 1.000000000997706, 1.0000000009898993, 4.250775176295463e-9, 1.997801146735867e-9, 1.000000000939473, 1.0000000008031553, 1.997801146735867e-9, 4.091033400932531e-9, 1.0000000009417294, 1.0000000009606405]
[2.030551504716982e-9, 0.9999999989879329, 0.0, 0.9999999989815157, 0.9999999990112342, 1.997801146735867e-9, 0.0, 0.9999999989909647, 0.0, 2.007997323971722e-9, 0.9999999989999049, 0.999999998992098, 2.2529740295595957e-9, 0.0, 0.9999999989416719, 0.9999999988053541, 0.0, 2.093232254196664e-9, 0.9999999989439283, 0.9999999989628394]
[1.0000000010215162, 1.9999999979788976, 0.9999999989909647, 1.9999999979724803, 1.999999998002199, 1.000000000988766, 0.9999999989909647, 0.0, 0.9999999989909647, 1.000000000998962, 1.9999999979908696, 1.9999999979830627, 1.0000000012439387, 0.9999999989909647, 1.9999999979326366, 1.9999999977963188, 0.9999999989909647, 1.000000001084197, 1.999999997934893, 1.9999999979538041]
[2.030551504716982e-9, 0.9999999989879329, 0.0, 0.9999999989815157, 0.9999999990112342, 1.997801146735867e-9, 0.0, 0.9999999989909647, 0.0, 2.007997323971722e-9, 0.9999999989999049, 0.999999998992098, 2.2529740295595957e-9, 0.0, 0.9999999989416719, 0.9999999988053541, 0.0, 2.093232254196664e-9, 0.9999999989439283, 0.9999999989628394]
[4.038548828688704e-9, 1.0000000009959302, 2.007997323971722e-9, 1.000000000989513, 1.0000000010192316, 4.005798470707589e-9, 2.007997323971722e-9, 1.000000000998962, 2.007997323971722e-9, 0.0, 1.0000000010079022, 1.0000000010000953, 4.260971353531318e-9, 2.007997323971722e-9, 1.0000000009496692, 1.0000000008133514, 2.007997323971722e-9, 4.101229578168386e-9, 1.0000000009519256, 1.0000000009708367]
[1.0000000010304564, 1.9999999979878378, 0.9999999989999049, 1.9999999979814205, 1.9999999980111391, 1.000000000997706, 0.9999999989999049, 1.9999999979908696, 0.9999999989999049, 1.0000000010079022, 0.0, 1.999999997992003, 1.000000001252879, 0.9999999989999048, 1.9999999979415768, 1.999999997805259, 0.9999999989999048, 1.0000000010931371, 1.9999999979438332, 1.9999999979627443]
[1.0000000010226495, 1.999999997980031, 0.999999998992098, 1.9999999979736136, 1.9999999980033323, 1.0000000009898993, 0.999999998992098, 1.9999999979830627, 0.999999998992098, 1.0000000010000953, 1.999999997992003, 0.0, 1.000000001245072, 0.9999999989920979, 1.99999999793377, 1.999999997797452, 0.9999999989920979, 1.0000000010853303, 1.9999999979360263, 1.9999999979549374]
[4.283525534276578e-9, 1.000000001240907, 2.2529740295595957e-9, 1.0000000012344896, 1.0000000012642083, 4.250775176295463e-9, 2.2529740295595957e-9, 1.0000000012439387, 2.2529740295595957e-9, 4.260971353531318e-9, 1.000000001252879, 1.000000001245072, 0.0, 2.2529740295595957e-9, 1.000000001194646, 1.000000001058328, 2.2529740295595957e-9, 4.34620628375626e-9, 1.0000000011969024, 1.0000000012158134]
[2.030551504716982e-9, 0.9999999989879329, 0.0, 0.9999999989815157, 0.9999999990112342, 1.997801146735867e-9, 0.0, 0.9999999989909647, 0.0, 2.007997323971722e-9, 0.9999999989999048, 0.9999999989920979, 2.2529740295595957e-9, 0.0, 0.9999999989416719, 0.9999999988053541, 0.0, 2.093232254196664e-9, 0.9999999989439283, 0.9999999989628394]
[1.0000000009722234, 1.9999999979296048, 0.9999999989416719, 1.9999999979231875, 1.9999999979529062, 1.000000000939473, 0.9999999989416719, 1.9999999979326366, 0.9999999989416719, 1.0000000009496692, 1.9999999979415768, 1.99999999793377, 1.000000001194646, 0.9999999989416719, 0.0, 1.999999997747026, 0.9999999989416719, 1.0000000010349042, 1.9999999978856002, 1.9999999979045113]
[1.0000000008359056, 1.999999997793287, 0.9999999988053541, 1.9999999977868697, 1.9999999978165883, 1.0000000008031553, 0.9999999988053541, 1.9999999977963188, 0.9999999988053541, 1.0000000008133514, 1.999999997805259, 1.999999997797452, 1.000000001058328, 0.9999999988053541, 1.999999997747026, 0.0, 0.9999999988053541, 1.0000000008985863, 1.9999999977492824, 1.9999999977681935]
[2.030551504716982e-9, 0.9999999989879329, 0.0, 0.9999999989815157, 0.9999999990112342, 1.997801146735867e-9, 0.0, 0.9999999989909647, 0.0, 2.007997323971722e-9, 0.9999999989999048, 0.9999999989920979, 2.2529740295595957e-9, 0.0, 0.9999999989416719, 0.9999999988053541, 0.0, 2.093232254196664e-9, 0.9999999989439283, 0.9999999989628394]
[4.123783758913646e-9, 1.0000000010811652, 2.093232254196664e-9, 1.0000000010747478, 1.0000000011044665, 4.091033400932531e-9, 2.093232254196664e-9, 1.000000001084197, 2.093232254196664e-9, 4.101229578168386e-9, 1.0000000010931371, 1.0000000010853303, 4.34620628375626e-9, 2.093232254196664e-9, 1.0000000010349042, 1.0000000008985863, 2.093232254196664e-9, 0.0, 1.0000000010371606, 1.0000000010560717]
[1.0000000009744798, 1.9999999979318612, 0.9999999989439283, 1.999999997925444, 1.9999999979551626, 1.0000000009417294, 0.9999999989439283, 1.999999997934893, 0.9999999989439283, 1.0000000009519256, 1.9999999979438332, 1.9999999979360263, 1.0000000011969024, 0.9999999989439283, 1.9999999978856002, 1.9999999977492824, 0.9999999989439283, 1.0000000010371606, 0.0, 1.9999999979067677]
[1.000000000993391, 1.9999999979507723, 0.9999999989628394, 1.999999997944355, 1.9999999979740737, 1.0000000009606405, 0.9999999989628394, 1.9999999979538041, 0.9999999989628394, 1.0000000009708367, 1.9999999979627443, 1.9999999979549374, 1.0000000012158134, 0.9999999989628394, 1.9999999979045113, 1.9999999977681935, 0.9999999989628394, 1.0000000010560717, 1.9999999979067677, 0.0]
w vector is :
 [0.022173391089202594, 1.0120671513865285, 0.014474507204554232, 1.0184842990994676, 0.9887658376455472, 5.747395652233589e-5, 0.0, 1.009035254820765, 0.05836809499979245, 0.026181265518403052, 1.0000951787354497, 1.0079020689708604, 0.0010702826341353333, 0.0, 1.0583280405789686, 1.194645951070452, 0.04675617145208788, 0.0, 1.0560716276305355, 1.0371605191788626]p matrix is :
 [0.0, 0.0, 0.0, 0.0, 0.0, 0.0, 0.0, 0.0, 0.0, 0.0, 0.0, 0.0, 0.0, 0.0, 0.0, 0.0, 0.0, 0.0, 0.0, 0.0]
[0.0, 0.0, 0.0, 0.0, 0.0, 0.0, 0.0, 0.0, 0.0, 0.0, 0.0, 0.0, 0.0, 0.0, 0.0, 0.0, 0.0, 0.0, 0.0, 0.0]
[0.0, 0.0, 0.0, 0.0, 0.0, 0.0, 0.0, 0.0, 0.0, 0.0, 0.0, 0.0, 0.0, 0.0, 0.0, 0.0, 0.0, 0.0, 0.0, 0.0]
[0.0, 0.0, 0.0, 0.0, 0.0, 0.0, 0.0, 0.0, 0.0, 0.0, 0.0, 0.0, 0.0, 0.0, 0.0, 0.0, 0.0, 0.0, 0.0, 0.0]
[0.0, 0.0, 0.0, 0.0, 0.0, 0.0, 0.0, 0.0, 0.0, 0.0, 0.0, 0.0, 0.0, 0.0, 0.0, 0.0, 0.0, 0.0, 0.0, 0.0]
[0.0, 0.0, 0.0, 0.0, 0.0, 0.0, 0.0, 0.0, 0.0, 0.0, 0.0, 0.0, 0.0, 0.0, 0.0, 0.0, 0.0, 0.0, 0.0, 0.0]
[0.0, 0.0, 0.0, 0.0, 0.0, 0.0, 0.0, 0.0, 0.0, 0.0, 0.0, 0.0, 0.0, 0.0, 0.0, 0.0, 0.0, 0.0, 0.0, 0.0]
[0.0, 0.0, 0.0, 0.0, 0.0, 0.0, 0.0, 0.0, 0.0, 0.0, 0.0, 0.0, 0.0, 0.0, 0.0, 0.0, 0.0, 0.0, 0.0, 0.0]
[0.0, 0.0, 0.0, 0.0, 0.0, 0.0, 0.0, 0.0, 0.0, 0.0, 0.0, 0.0, 0.0, 0.0, 0.0, 0.0, 0.0, 0.0, 0.0, 0.0]
[0.0, 0.0, 0.0, 0.0, 0.0, 0.0, 0.0, 0.0, 0.0, 0.0, 0.0, 0.0, 0.0, 0.0, 0.0, 0.0, 0.0, 0.0, 0.0, 0.0]
[0.0, 0.0, 0.0, 0.0, 0.0, 0.0, 0.0, 0.0, 0.0, 0.0, 0.0, 0.0, 0.0, 0.0, 0.0, 0.0, 0.0, 0.0, 0.0, 0.0]
[0.0, 0.0, 0.0, 0.0, 0.0, 0.0, 0.0, 0.0, 0.0, 0.0, 0.0, 0.0, 0.0, 0.0, 0.0, 0.0, 0.0, 0.0, 0.0, 0.0]
[0.0, 0.0, 0.0, 0.0, 0.0, 0.0, 0.0, 0.0, 0.0, 0.0, 0.0, 0.0, 0.0, 0.0, 0.0, 0.0, 0.0, 0.0, 0.0, 0.0]
[0.0, 0.0, 0.0, 0.0, 0.0, 0.0, 0.0, 0.0, 0.0, 0.0, 0.0, 0.0, 0.0, 0.0, 0.0, 0.0, 0.0, 0.0, 0.0, 0.0]
[0.0, 0.0, 0.0, 0.0, 0.0, 0.0, 0.0, 0.0, 0.0, 0.0, 0.0, 0.0, 0.0, 0.0, 0.0, 0.0, 0.0, 0.0, 0.0, 0.0]
[0.0, 0.0, 0.0, 0.0, 0.0, 0.0, 0.0, 0.0, 0.0, 0.0, 0.0, 0.0, 0.0, 0.0, 0.0, 0.0, 0.0, 0.0, 0.0, 0.0]
[0.0, 0.0, 0.0, 0.0, 0.0, 0.0, 0.0, 0.0, 0.0, 0.0, 0.0, 0.0, 0.0, 0.0, 0.0, 0.0, 0.0, 0.0, 0.0, 0.0]
[0.0, 0.0, 0.0, 0.0, 0.0, 0.0, 0.0, 0.0, 0.0, 0.0, 0.0, 0.0, 0.0, 0.0, 0.0, 0.0, 0.0, 0.0, 0.0, 0.0]
[0.0, 0.0, 0.0, 0.0, 0.0, 0.0, 0.0, 0.0, 0.0, 0.0, 0.0, 0.0, 0.0, 0.0, 0.0, 0.0, 0.0, 0.0, 0.0, 0.0]
[0.0, 0.0, 0.0, 0.0, 0.0, 0.0, 0.0, 0.0, 0.0, 0.0, 0.0, 0.0, 0.0, 0.0, 0.0, 0.0, 0.0, 0.0, 0.0, 0.0]
