Academic license - for non-commercial use only
Academic license - for non-commercial use only
Optimize a model with 3080 rows, 1325 columns and 8000 nonzeros
Variable types: 1300 continuous, 25 integer (25 binary)
Coefficient statistics:
  Matrix range     [1e+00, 1e+09]
  Objective range  [1e+00, 1e+00]
  Bounds range     [0e+00, 0e+00]
  RHS range        [3e-03, 2e+00]
Warning: Model contains large matrix coefficients
         Consider reformulating model or setting NumericFocus parameter
         to avoid numerical issues.
Found heuristic solution: objective -0.0000000
Presolve removed 2150 rows and 975 columns
Presolve time: 0.02s
Presolved: 930 rows, 350 columns, 2775 nonzeros
Variable types: 325 continuous, 25 integer (25 binary)

Root relaxation: objective 1.553619e+01, 41 iterations, 0.00 seconds

    Nodes    |    Current Node    |     Objective Bounds      |     Work
 Expl Unexpl |  Obj  Depth IntInf | Incumbent    BestBd   Gap | It/Node Time

*    0     0               0      15.5361851   15.53619  0.00%     -    0s

Explored 0 nodes (56 simplex iterations) in 0.02 seconds
Thread count was 24 (of 24 available processors)

Solution count 2: 15.5362 -0 

Optimal solution found (tolerance 1.00e-04)
Best objective 1.553618510342e+01, best bound 1.553618510342e+01, gap 0.0000%
num_cluster is 5
card is 5
visit_m is 2
limits_ is [1, 1]
dim is 2
sum dis 108.77296770171772

dis_mat matrix is :
 [Inf, 0.0895105479666273, 0.3958830067055621, 0.18282850210914472, 0.2154491542912092, 0.21464728016678483, 0.21338818580730143, 0.2616762674810709, 0.34482896103258254, 0.22893799074111726, 0.4267777918435252, 0.21373439883587542, 0.3684661579776609, 0.36920374256526944, 0.3719740012417363, 0.2573663697592354, 0.13300770203466772, 0.24556317236878122, 0.4229241696296597, 0.15468595412362307, 0.27834605291978876, 0.08511174121314892, 0.3031261051685459, 0.3548581134342023, 0.30037592064045743]
[0.0895105479666273, Inf, 0.38545787010727656, 0.18298004450593686, 0.2429249345696852, 0.20571205071461296, 0.1513047392815744, 0.31027950895599576, 0.3164937859341662, 0.20926546889654563, 0.39167159928492934, 0.16975598601463338, 0.3453148583360974, 0.36634514852320976, 0.35005470496499586, 0.2519842542134674, 0.11218524301645157, 0.2546785880198463, 0.3923015878011142, 0.19738610801873663, 0.3255307282707371, 0.14756447327080666, 0.3060048611350294, 0.3145828443139172, 0.30364372369980325]
[0.3958830067055621, 0.38545787010727656, Inf, 0.21309557904496065, 0.20699098803061158, 0.18277571818175492, 0.2705206419414147, 0.2495952440258467, 0.09528642407800003, 0.17623925336708057, 0.1155496265287677, 0.22832010189431215, 0.06385299293908789, 0.03954601637731538, 0.05740228476207579, 0.13852800666150758, 0.27497788736916645, 0.15754399497264868, 0.09406861325764578, 0.2690320431164062, 0.24338332678748997, 0.33352037453758193, 0.10086226071202997, 0.1378668614067771, 0.10373485839059841]
[0.18282850210914472, 0.18298004450593686, 0.21309557904496065, Inf, 0.07901742737871778, 0.03437629640506789, 0.13628788683197243, 0.1661264638616814, 0.1697762952292593, 0.05801676811258091, 0.2541721404682014, 0.09569326293160575, 0.1889386287917428, 0.18789812996316094, 0.19173696720997518, 0.07456936817127538, 0.0723329753917684, 0.07200063745371713, 0.2467525356085597, 0.08813687330165776, 0.1762726593029143, 0.12892571929496421, 0.12412245024551675, 0.19212518217914923, 0.12160533413977846]
[0.2154491542912092, 0.2429249345696852, 0.20699098803061158, 0.07901742737871778, Inf, 0.09183318419540798, 0.21502640852020471, 0.08806121125818431, 0.20003126037230656, 0.11859680173042465, 0.28102163027491994, 0.17243828777639406, 0.20704475669077962, 0.17181378633761143, 0.2073610040279239, 0.09305082445835247, 0.1427148868397881, 0.05447732083728794, 0.26801245524737555, 0.06572044523654372, 0.09733317360389167, 0.13742202297944117, 0.10614736168569792, 0.23579275278663833, 0.10328880611890691]
[0.21464728016678483, 0.20571205071461296, 0.18277571818175492, 0.03437629640506789, 0.09183318419540798, Inf, 0.13060169675020356, 0.17929942128763435, 0.1354000321114233, 0.02761213027109173, 0.21980165997219828, 0.08438781197654191, 0.15506906008508037, 0.16078676629806604, 0.15808819916220843, 0.04627311839768616, 0.09363342468144173, 0.06160944588577225, 0.21246258861830927, 0.11835693887938387, 0.18679879868813673, 0.1633006464923956, 0.1015457663977573, 0.15890158909236735, 0.09943453533336528]
[0.21338818580730143, 0.1513047392815744, 0.2705206419414147, 0.13628788683197243, 0.21502640852020471, 0.13060169675020356, Inf, 0.3024124303092474, 0.1847219375426262, 0.11331952250421597, 0.24917405897424608, 0.047642280144695334, 0.2173874924135966, 0.26377307444429504, 0.22325294680846794, 0.1657277149233949, 0.09930693589391536, 0.19205559477501077, 0.25369430024298245, 0.21162697231075658, 0.3123579023630604, 0.213675746309826, 0.22082359904309445, 0.17061553058379048, 0.2195308480082006]
[0.2616762674810709, 0.31027950895599576, 0.2495952440258467, 0.1661264638616814, 0.08806121125818431, 0.17929942128763435, 0.3024124303092474, Inf, 0.2701693161899598, 0.20534780946646145, 0.34421586249493363, 0.26046149348501224, 0.2688711829320447, 0.21023133006830522, 0.2674199150708175, 0.1710959984986108, 0.22294733099777417, 0.1300347517993216, 0.32781551419653726, 0.11291957686075042, 0.01700707216055611, 0.17656683073852025, 0.1589082905438057, 0.3115380192403818, 0.15673668922419112]
[0.34482896103258254, 0.3164937859341662, 0.09528642407800003, 0.1697762952292593, 0.20003126037230656, 0.1354000321114233, 0.1847219375426262, 0.2701693161899598, Inf, 0.11620348902972849, 0.08448187217558595, 0.148745871613158, 0.033612126119253766, 0.10752091338174942, 0.04000905120049141, 0.1079207754289681, 0.21378950671158276, 0.1459075983153776, 0.07810082277663334, 0.24810170236017112, 0.269929275932796, 0.2986973462181838, 0.11487573547101759, 0.048177970103198235, 0.11635008252139507]
[0.22893799074111726, 0.20926546889654563, 0.17623925336708057, 0.05801676811258091, 0.11859680173042465, 0.02761213027109173, 0.11331952250421597, 0.20534780946646145, 0.11620348902972849, Inf, 0.19956702433843845, 0.06569218396563624, 0.13993557869295392, 0.15981945419017657, 0.14383166090664218, 0.05254703692740376, 0.1001768185410133, 0.0817660722643726, 0.1942538862145461, 0.1449529882178044, 0.21204186014052667, 0.18501551050127749, 0.10861565816623471, 0.13440969724780902, 0.10707793948753415]
[0.4267777918435252, 0.39167159928492934, 0.1155496265287677, 0.2541721404682014, 0.28102163027491994, 0.21980165997219828, 0.24917405897424608, 0.34421586249493363, 0.08448187217558595, 0.19956702433843845, Inf, 0.22191849391527363, 0.07539195209416195, 0.1490454072026541, 0.07693354848167046, 0.19088009857310845, 0.2944142482224442, 0.2265448847587035, 0.02203691781153278, 0.3319486282466645, 0.34159679985662944, 0.383095727373372, 0.18531072317636207, 0.07856515550863814, 0.18748741462449148]
[0.21373439883587542, 0.16975598601463338, 0.22832010189431215, 0.09569326293160575, 0.17243828777639406, 0.08438781197654191, 0.047642280144695334, 0.26046149348501224, 0.148745871613158, 0.06569218396563624, 0.22191849391527363, Inf, 0.1796421608053996, 0.21861157607184145, 0.18502067455323865, 0.11808801712486934, 0.08340206400676445, 0.14530990564681803, 0.22294689939778517, 0.17864118380037877, 0.26933818192765246, 0.19509508166168607, 0.1733704557292851, 0.14524348032610626, 0.17202567319079462]
[0.3684661579776609, 0.3453148583360974, 0.06385299293908789, 0.1889386287917428, 0.20704475669077962, 0.15506906008508037, 0.2173874924135966, 0.2688711829320447, 0.033612126119253766, 0.13993557869295392, 0.07539195209416195, 0.1796421608053996, Inf, 0.08373445725408823, 0.00657966198309361, 0.11978828865122211, 0.23966564095058873, 0.15272064968460658, 0.06097708951902318, 0.2609432452223166, 0.26651646726186473, 0.31681390373561674, 0.1099977461395422, 0.07412996527959227, 0.11213476716677317]
[0.36920374256526944, 0.36634514852320976, 0.03954601637731538, 0.18789812996316094, 0.17181378633761143, 0.16078676629806604, 0.26377307444429504, 0.21023133006830522, 0.10752091338174942, 0.15981945419017657, 0.1490454072026541, 0.21861157607184145, 0.08373445725408823, Inf, 0.07863911034121757, 0.11465211465962843, 0.2544043705847462, 0.12568648751735673, 0.12868327692803316, 0.23555022248606633, 0.20385072534783724, 0.30254789352980255, 0.06729225314125029, 0.1548897891632444, 0.0701758518599532]
[0.3719740012417363, 0.35005470496499586, 0.05740228476207579, 0.19173696720997518, 0.2073610040279239, 0.15808819916220843, 0.22325294680846794, 0.2674199150708175, 0.04000905120049141, 0.14383166090664218, 0.07693354848167046, 0.18502067455323865, 0.00657966198309361, 0.07863911034121757, Inf, 0.1215067494884594, 0.24378833180205106, 0.15322442555810267, 0.060988866127812666, 0.2622923329451064, 0.2646639331563038, 0.31916943859843894, 0.10853336917889458, 0.08049011940427969, 0.11078098345460076]
[0.2573663697592354, 0.2519842542134674, 0.13852800666150758, 0.07456936817127538, 0.09305082445835247, 0.04627311839768616, 0.1657277149233949, 0.1710959984986108, 0.1079207754289681, 0.05254703692740376, 0.19088009857310845, 0.11808801712486934, 0.11978828865122211, 0.11465211465962843, 0.1215067494884594, Inf, 0.13987897666809748, 0.04114754483535051, 0.18006978508616533, 0.1413656622643233, 0.17451213862444936, 0.19837469261891205, 0.056706661764654866, 0.1428943188269838, 0.054942606323860874]
[0.13300770203466772, 0.11218524301645157, 0.27497788736916645, 0.0723329753917684, 0.1427148868397881, 0.09363342468144173, 0.09930693589391536, 0.22294733099777417, 0.21378950671158276, 0.1001768185410133, 0.2944142482224442, 0.08340206400676445, 0.23966564095058873, 0.2544043705847462, 0.24378833180205106, 0.13987897666809748, Inf, 0.14428304778531992, 0.2916198246891572, 0.11894224353448747, 0.23579713159993043, 0.11486090219234937, 0.19392188377463554, 0.22185043180604214, 0.19159733731960524]
[0.24556317236878122, 0.2546785880198463, 0.15754399497264868, 0.07200063745371713, 0.05447732083728794, 0.06160944588577225, 0.19205559477501077, 0.1300347517993216, 0.1459075983153776, 0.0817660722643726, 0.2265448847587035, 0.14530990564681803, 0.15272064968460658, 0.12568648751735673, 0.15322442555810267, 0.04114754483535051, 0.14428304778531992, Inf, 0.21369754404136856, 0.11171783217562714, 0.133991393825222, 0.17687572823975414, 0.05844028678330764, 0.18343733024642553, 0.05558137570216791]
[0.4229241696296597, 0.3923015878011142, 0.09406861325764578, 0.2467525356085597, 0.26801245524737555, 0.21246258861830927, 0.25369430024298245, 0.32781551419653726, 0.07810082277663334, 0.1942538862145461, 0.02203691781153278, 0.22294689939778517, 0.06097708951902318, 0.12868327692803316, 0.060988866127812666, 0.18006978508616533, 0.2916198246891572, 0.21369754404136856, Inf, 0.3214225051893417, 0.3244802512606809, 0.3754348929942122, 0.16914399457645773, 0.08519616341795799, 0.171474857418664]
[0.15468595412362307, 0.19738610801873663, 0.2690320431164062, 0.08813687330165776, 0.06572044523654372, 0.11835693887938387, 0.21162697231075658, 0.11291957686075042, 0.24810170236017112, 0.1449529882178044, 0.3319486282466645, 0.17864118380037877, 0.2609432452223166, 0.23555022248606633, 0.2622923329451064, 0.1413656622643233, 0.11894224353448747, 0.11171783217562714, 0.3214225051893417, Inf, 0.12842573674213226, 0.07275711779274215, 0.16866148687232496, 0.27662882118457444, 0.16576085323328238]
[0.27834605291978876, 0.3255307282707371, 0.24338332678748997, 0.1762726593029143, 0.09733317360389167, 0.18679879868813673, 0.3123579023630604, 0.01700707216055611, 0.269929275932796, 0.21204186014052667, 0.34159679985662944, 0.26933818192765246, 0.26651646726186473, 0.20385072534783724, 0.2646639331563038, 0.17451213862444936, 0.23579713159993043, 0.133991393825222, 0.3244802512606809, 0.12842573674213226, Inf, 0.19325536423398845, 0.1566964440738816, 0.3126724735533018, 0.15474421890044773]
[0.08511174121314892, 0.14756447327080666, 0.33352037453758193, 0.12892571929496421, 0.13742202297944117, 0.1633006464923956, 0.213675746309826, 0.17656683073852025, 0.2986973462181838, 0.18501551050127749, 0.383095727373372, 0.19509508166168607, 0.31681390373561674, 0.30254789352980255, 0.31916943859843894, 0.19837469261891205, 0.11486090219234937, 0.17687572823975414, 0.3754348929942122, 0.07275711779274215, 0.19325536423398845, Inf, 0.23526373817516424, 0.31909011630606127, 0.23238735311779188]
[0.3031261051685459, 0.3060048611350294, 0.10086226071202997, 0.12412245024551675, 0.10614736168569792, 0.1015457663977573, 0.22082359904309445, 0.1589082905438057, 0.11487573547101759, 0.10861565816623471, 0.18531072317636207, 0.1733704557292851, 0.1099977461395422, 0.06729225314125029, 0.10853336917889458, 0.056706661764654866, 0.19392188377463554, 0.05844028678330764, 0.16914399457645773, 0.16866148687232496, 0.1566964440738816, 0.23526373817516424, Inf, 0.16047636134005533, 0.002901080057294966]
[0.3548581134342023, 0.3145828443139172, 0.1378668614067771, 0.19212518217914923, 0.23579275278663833, 0.15890158909236735, 0.17061553058379048, 0.3115380192403818, 0.048177970103198235, 0.13440969724780902, 0.07856515550863814, 0.14524348032610626, 0.07412996527959227, 0.1548897891632444, 0.08049011940427969, 0.1428943188269838, 0.22185043180604214, 0.18343733024642553, 0.08519616341795799, 0.27662882118457444, 0.3126724735533018, 0.31909011630606127, 0.16047636134005533, Inf, 0.16164856283272616]
[0.30037592064045743, 0.30364372369980325, 0.10373485839059841, 0.12160533413977846, 0.10328880611890691, 0.09943453533336528, 0.2195308480082006, 0.15673668922419112, 0.11635008252139507, 0.10707793948753415, 0.18748741462449148, 0.17202567319079462, 0.11213476716677317, 0.0701758518599532, 0.11078098345460076, 0.054942606323860874, 0.19159733731960524, 0.05558137570216791, 0.171474857418664, 0.16576085323328238, 0.15474421890044773, 0.23238735311779188, 0.002901080057294966, 0.16164856283272616, Inf]
data points matrix is :
 [0.47896459831424887, 0.721855417478288]
[0.39256330275571205, 0.6984683628733949]
[0.49255488739838565, 0.3262057504231447]
[0.4823987419422935, 0.5390591706869069]
[0.5595638292054925, 0.5220502572232604]
[0.4688996239944539, 0.507444244320404]
[0.3469546468905397, 0.554201337398973]
[0.6476246403029372, 0.5217847819537341]
[0.41592392898077934, 0.38283788640238847]
[0.443951774157871, 0.49561062582735416]
[0.3786048825364206, 0.3070455681981282]
[0.3872575109978429, 0.5287953144490133]
[0.4360263425107974, 0.3558996609128584]
[0.5197549735147604, 0.35491189482772634]
[0.4411772323674973, 0.35180572814644495]
[0.4863694464540891, 0.4645955945228304]
[0.4372383302058806, 0.5955622373366369]
[0.5243124275588956, 0.4805157274009654]
[0.4006274229706398, 0.3062496665362181]
[0.5559184142007301, 0.5876695217081096]
[0.6556973654128662, 0.5068157601829608]
[0.5342146180392644, 0.6571140565664302]
[0.5238902629658059, 0.4220769654670265]
[0.3677885225831373, 0.3848625972949622]
[0.5243915488998622, 0.424934408014332]




 AdNNnew 
obj val AdNNnew 15.536185103424204
x vector is :
 [0.9999999989061173, 1.0, 1.021241678490048e-9, 1.0237071845106738e-9, 1.0489337824800026e-9, 1.0, 0.999999997510601, 9.68607681116993e-10, 1.0038484449458567e-9, 1.0169430183834616e-9, 1.0, 0.999999997475116, 9.704190557618882e-10, 1.0183043258477216e-9, 1.0361605942146256e-9, 1.0, 0.999999997455633, 1.0055435263028081e-9, 1.022036911789496e-9, 1.016786650690821e-9, 0.9999999974527695, 1.0, 9.835624802768705e-10, 1.0443295131091634e-9, 1.0193385877775235e-9]y vector is :
 [0.02914128322189735, 0.06036926783861274, 1.021241683490048, 1.0237071895106737, 1.0489337874800024, 0.010669105870687097, 0.012866003984717378, 0.968607686116993, 1.0038484499458566, 1.0169430233834615, 0.0, 0.034776282174260764, 0.9704190607618881, 1.0183043308477215, 1.0361605992146257, 0.03560401252699901, 0.048625787901754536, 1.005543531302808, 1.022036916789496, 1.016786655690821, 0.048399388122185916, 0.05597046108513437, 0.9835624852768705, 1.0443295181091634, 1.0193385927775234]z matrix is :
 [0.0, 3.0938827055848606e-9, 1.000000002072641, 1.0000000020701756, 1.0000000020449489, 3.0938827055848606e-9, 6.083281656188433e-9, 1.000000002125275, 1.0000000020900341, 1.0000000020769397, 3.0938827055848606e-9, 6.118766604501502e-9, 1.0000000021234636, 1.0000000020755784, 1.0000000020577222, 3.0938827055848606e-9, 6.138249686316044e-9, 1.0000000020883393, 1.0000000020718458, 1.000000002077096, 6.141113173541157e-9, 3.0938827055848606e-9, 1.0000000021103201, 1.0000000020495532, 1.000000002074544]
[3.0938827055848606e-9, 0.0, 0.9999999989787582, 0.9999999989762929, 0.9999999989510662, 0.0, 2.9893989506035723e-9, 0.9999999990313924, 0.9999999989961514, 0.999999998983057, 0.0, 3.0248838989166416e-9, 0.9999999990295809, 0.9999999989816957, 0.9999999989638395, 0.0, 3.0443669807311835e-9, 0.9999999989944566, 0.9999999989779631, 0.9999999989832133, 3.0472304679562967e-9, 0.0, 0.9999999990164374, 0.9999999989556705, 0.9999999989806614]
[1.000000002072641, 0.9999999989787582, 0.0, 1.9999999979550511, 1.9999999979298244, 0.9999999989787584, 1.0000000019681572, 1.9999999980101506, 1.9999999979749097, 1.9999999979618153, 0.9999999989787584, 1.0000000020036421, 1.9999999980083392, 1.999999997960454, 1.9999999979425978, 0.9999999989787584, 1.0000000020231252, 1.9999999979732148, 1.9999999979567213, 1.9999999979619716, 1.0000000020259887, 0.9999999989787584, 1.9999999979951957, 1.9999999979344287, 1.9999999979594196]
[1.0000000020701756, 0.9999999989762929, 1.9999999979550511, 0.0, 1.999999997927359, 0.9999999989762928, 1.0000000019656918, 1.9999999980076852, 1.9999999979724443, 1.99999999795935, 0.9999999989762928, 1.0000000020011768, 1.9999999980058738, 1.9999999979579886, 1.9999999979401324, 0.9999999989762928, 1.0000000020206599, 1.9999999979707495, 1.999999997954256, 1.9999999979595062, 1.0000000020235233, 0.9999999989762928, 1.9999999979927303, 1.9999999979319634, 1.9999999979569543]
[1.0000000020449489, 0.9999999989510662, 1.9999999979298244, 1.999999997927359, 0.0, 0.9999999989510662, 1.0000000019404651, 1.9999999979824585, 1.9999999979472176, 1.9999999979341232, 0.9999999989510662, 1.00000000197595, 1.999999997980647, 1.9999999979327618, 1.9999999979149057, 0.9999999989510662, 1.0000000019954332, 1.9999999979455227, 1.9999999979290293, 1.9999999979342795, 1.0000000019982966, 0.9999999989510662, 1.9999999979675036, 1.9999999979067367, 1.9999999979317276]
[3.0938827055848606e-9, 0.0, 0.9999999989787584, 0.9999999989762928, 0.9999999989510662, 0.0, 2.9893989506035723e-9, 0.9999999990313924, 0.9999999989961514, 0.999999998983057, 0.0, 3.0248838989166416e-9, 0.9999999990295809, 0.9999999989816957, 0.9999999989638395, 0.0, 3.0443669807311835e-9, 0.9999999989944566, 0.9999999989779631, 0.9999999989832133, 3.0472304679562967e-9, 0.0, 0.9999999990164374, 0.9999999989556705, 0.9999999989806614]
[6.083281656188433e-9, 2.9893989506035723e-9, 1.0000000019681572, 1.0000000019656918, 1.0000000019404651, 2.9893989506035723e-9, 0.0, 1.0000000020207915, 1.0000000019855504, 1.000000001972456, 2.9893990616258748e-9, 6.014282960542516e-9, 1.00000000201898, 1.0000000019710948, 1.0000000019532385, 2.9893990616258748e-9, 6.033766042357058e-9, 1.0000000019838557, 1.0000000019673623, 1.0000000019726123, 6.0366295295821715e-9, 2.9893990616258748e-9, 1.0000000020058364, 1.0000000019450694, 1.0000000019700606]
[1.000000002125275, 0.9999999990313924, 1.9999999980101506, 1.9999999980076852, 1.9999999979824585, 0.9999999990313924, 1.0000000020207915, 0.0, 1.9999999980275438, 1.9999999980144494, 0.9999999990313924, 1.0000000020562763, 1.9999999980609733, 1.999999998013088, 1.9999999979952319, 0.9999999990313924, 1.0000000020757593, 1.999999998025849, 1.9999999980093555, 1.9999999980146057, 1.0000000020786228, 0.9999999990313924, 1.9999999980478298, 1.9999999979870628, 1.9999999980120537]
[1.0000000020900341, 0.9999999989961514, 1.9999999979749097, 1.9999999979724443, 1.9999999979472176, 0.9999999989961514, 1.0000000019855504, 1.9999999980275438, 0.0, 1.9999999979792085, 0.9999999989961516, 1.0000000020210353, 1.9999999980257324, 1.999999997977847, 1.999999997959991, 0.9999999989961516, 1.0000000020405184, 1.999999997990608, 1.9999999979741145, 1.9999999979793648, 1.000000002043382, 0.9999999989961516, 1.9999999980125889, 1.999999997951822, 1.9999999979768128]
[1.0000000020769397, 0.999999998983057, 1.9999999979618153, 1.99999999795935, 1.9999999979341232, 0.999999998983057, 1.000000001972456, 1.9999999980144494, 1.9999999979792085, 0.0, 0.999999998983057, 1.000000002007941, 1.999999998012638, 1.9999999979647527, 1.9999999979468965, 0.999999998983057, 1.000000002027424, 1.9999999979775136, 1.9999999979610201, 1.9999999979662704, 1.0000000020302875, 0.999999998983057, 1.9999999979994945, 1.9999999979387275, 1.9999999979637184]
[3.0938827055848606e-9, 0.0, 0.9999999989787584, 0.9999999989762928, 0.9999999989510662, 0.0, 2.9893990616258748e-9, 0.9999999990313924, 0.9999999989961516, 0.999999998983057, 0.0, 3.0248838989166416e-9, 0.9999999990295809, 0.9999999989816957, 0.9999999989638395, 0.0, 3.0443669807311835e-9, 0.9999999989944566, 0.9999999989779631, 0.9999999989832133, 3.0472304679562967e-9, 0.0, 0.9999999990164374, 0.9999999989556705, 0.9999999989806614]
[6.118766604501502e-9, 3.0248838989166416e-9, 1.0000000020036421, 1.0000000020011768, 1.00000000197595, 3.0248838989166416e-9, 6.014282960542516e-9, 1.0000000020562763, 1.0000000020210353, 1.000000002007941, 3.0248838989166416e-9, 0.0, 1.000000002054465, 1.0000000020065798, 1.0000000019887234, 3.024884009938944e-9, 6.0692509906701275e-9, 1.0000000020193407, 1.0000000020028472, 1.0000000020080972, 6.072114477895241e-9, 3.024884009938944e-9, 1.0000000020413213, 1.0000000019805544, 1.0000000020055455]
[1.0000000021234636, 0.9999999990295809, 1.9999999980083392, 1.9999999980058738, 1.999999997980647, 0.9999999990295809, 1.00000000201898, 1.9999999980609733, 1.9999999980257324, 1.999999998012638, 0.9999999990295809, 1.000000002054465, 0.0, 1.9999999980112766, 1.9999999979934204, 0.9999999990295809, 1.000000002073948, 1.9999999980240375, 1.999999998007544, 1.9999999980127943, 1.0000000020768114, 0.9999999990295809, 1.9999999980460184, 1.9999999979852514, 1.9999999980102423]
[1.0000000020755784, 0.9999999989816957, 1.999999997960454, 1.9999999979579886, 1.9999999979327618, 0.9999999989816957, 1.0000000019710948, 1.999999998013088, 1.999999997977847, 1.9999999979647527, 0.9999999989816957, 1.0000000020065798, 1.9999999980112766, 0.0, 1.9999999979455352, 0.9999999989816957, 1.0000000020260627, 1.9999999979761522, 1.9999999979596588, 1.999999997964909, 1.0000000020289261, 0.9999999989816957, 1.999999997998133, 1.9999999979373662, 1.999999997962357]
[1.0000000020577222, 0.9999999989638395, 1.9999999979425978, 1.9999999979401324, 1.9999999979149057, 0.9999999989638395, 1.0000000019532385, 1.9999999979952319, 1.999999997959991, 1.9999999979468965, 0.9999999989638395, 1.0000000019887234, 1.9999999979934204, 1.9999999979455352, 0.0, 0.9999999989638394, 1.0000000020082065, 1.999999997958296, 1.9999999979418026, 1.9999999979470529, 1.00000000201107, 0.9999999989638394, 1.999999997980277, 1.99999999791951, 1.999999997944501]
[3.0938827055848606e-9, 0.0, 0.9999999989787584, 0.9999999989762928, 0.9999999989510662, 0.0, 2.9893990616258748e-9, 0.9999999990313924, 0.9999999989961516, 0.999999998983057, 0.0, 3.024884009938944e-9, 0.9999999990295809, 0.9999999989816957, 0.9999999989638394, 0.0, 3.0443669807311835e-9, 0.9999999989944566, 0.9999999989779631, 0.9999999989832133, 3.0472304679562967e-9, 0.0, 0.9999999990164374, 0.9999999989556705, 0.9999999989806614]
[6.138249686316044e-9, 3.0443669807311835e-9, 1.0000000020231252, 1.0000000020206599, 1.0000000019954332, 3.0443669807311835e-9, 6.033766042357058e-9, 1.0000000020757593, 1.0000000020405184, 1.000000002027424, 3.0443669807311835e-9, 6.0692509906701275e-9, 1.000000002073948, 1.0000000020260627, 1.0000000020082065, 3.0443669807311835e-9, 0.0, 1.0000000020388238, 1.0000000020223303, 1.0000000020275803, 6.091597559709783e-9, 3.044367091753486e-9, 1.0000000020608044, 1.0000000020000375, 1.0000000020250286]
[1.0000000020883393, 0.9999999989944566, 1.9999999979732148, 1.9999999979707495, 1.9999999979455227, 0.9999999989944566, 1.0000000019838557, 1.999999998025849, 1.999999997990608, 1.9999999979775136, 0.9999999989944566, 1.0000000020193407, 1.9999999980240375, 1.9999999979761522, 1.999999997958296, 0.9999999989944566, 1.0000000020388238, 0.0, 1.9999999979724197, 1.99999999797767, 1.000000002041687, 0.9999999989944565, 1.999999998010894, 1.999999997950127, 1.999999997975118]
[1.0000000020718458, 0.9999999989779631, 1.9999999979567213, 1.999999997954256, 1.9999999979290293, 0.9999999989779631, 1.0000000019673623, 1.9999999980093555, 1.9999999979741145, 1.9999999979610201, 0.9999999989779631, 1.0000000020028472, 1.999999998007544, 1.9999999979596588, 1.9999999979418026, 0.9999999989779631, 1.0000000020223303, 1.9999999979724197, 0.0, 1.9999999979611764, 1.0000000020251936, 0.9999999989779631, 1.9999999979944005, 1.9999999979336336, 1.9999999979586245]
[1.000000002077096, 0.9999999989832133, 1.9999999979619716, 1.9999999979595062, 1.9999999979342795, 0.9999999989832133, 1.0000000019726123, 1.9999999980146057, 1.9999999979793648, 1.9999999979662704, 0.9999999989832133, 1.0000000020080972, 1.9999999980127943, 1.999999997964909, 1.9999999979470529, 0.9999999989832133, 1.0000000020275803, 1.99999999797767, 1.9999999979611764, 0.0, 1.0000000020304438, 0.9999999989832133, 1.9999999979996508, 1.9999999979388838, 1.9999999979638747]
[6.141113173541157e-9, 3.0472304679562967e-9, 1.0000000020259887, 1.0000000020235233, 1.0000000019982966, 3.0472304679562967e-9, 6.0366295295821715e-9, 1.0000000020786228, 1.000000002043382, 1.0000000020302875, 3.0472304679562967e-9, 6.072114477895241e-9, 1.0000000020768114, 1.0000000020289261, 1.00000000201107, 3.0472304679562967e-9, 6.091597559709783e-9, 1.000000002041687, 1.0000000020251936, 1.0000000020304438, 0.0, 3.047230578978599e-9, 1.000000002063668, 1.000000002002901, 1.000000002027892]
[3.0938827055848606e-9, 0.0, 0.9999999989787584, 0.9999999989762928, 0.9999999989510662, 0.0, 2.9893990616258748e-9, 0.9999999990313924, 0.9999999989961516, 0.999999998983057, 0.0, 3.024884009938944e-9, 0.9999999990295809, 0.9999999989816957, 0.9999999989638394, 0.0, 3.044367091753486e-9, 0.9999999989944565, 0.9999999989779631, 0.9999999989832133, 3.047230578978599e-9, 0.0, 0.9999999990164374, 0.9999999989556705, 0.9999999989806614]
[1.0000000021103201, 0.9999999990164374, 1.9999999979951957, 1.9999999979927303, 1.9999999979675036, 0.9999999990164374, 1.0000000020058364, 1.9999999980478298, 1.9999999980125889, 1.9999999979994945, 0.9999999990164374, 1.0000000020413213, 1.9999999980460184, 1.999999997998133, 1.999999997980277, 0.9999999990164374, 1.0000000020608044, 1.999999998010894, 1.9999999979944005, 1.9999999979996508, 1.000000002063668, 0.9999999990164374, 0.0, 1.999999997972108, 1.9999999979970988]
[1.0000000020495532, 0.9999999989556705, 1.9999999979344287, 1.9999999979319634, 1.9999999979067367, 0.9999999989556705, 1.0000000019450694, 1.9999999979870628, 1.999999997951822, 1.9999999979387275, 0.9999999989556705, 1.0000000019805544, 1.9999999979852514, 1.9999999979373662, 1.99999999791951, 0.9999999989556705, 1.0000000020000375, 1.999999997950127, 1.9999999979336336, 1.9999999979388838, 1.000000002002901, 0.9999999989556705, 1.999999997972108, 0.0, 1.9999999979363319]
[1.000000002074544, 0.9999999989806614, 1.9999999979594196, 1.9999999979569543, 1.9999999979317276, 0.9999999989806614, 1.0000000019700606, 1.9999999980120537, 1.9999999979768128, 1.9999999979637184, 0.9999999989806614, 1.0000000020055455, 1.9999999980102423, 1.999999997962357, 1.999999997944501, 0.9999999989806614, 1.0000000020250286, 1.999999997975118, 1.9999999979586245, 1.9999999979638747, 1.000000002027892, 0.9999999989806614, 1.9999999979970988, 1.9999999979363319, 0.0]
w vector is :
 [0.02914128322189735, 0.06036926783861274, 1.021241683490048, 1.0237071895106737, 1.0489337874800024, 0.010669105870687097, 0.012866003984717378, 0.968607686116993, 1.0038484499458566, 1.0169430233834615, 0.0, 0.034776282174260764, 0.9704190607618881, 1.0183043308477215, 1.0361605992146257, 0.03560401252699901, 0.048625787901754536, 1.005543531302808, 1.022036916789496, 1.016786655690821, 0.048399388122185916, 0.05597046108513437, 0.9835624852768705, 1.0443295181091634, 1.0193385927775234]p matrix is :
 [0.0, 0.0, 0.0, 0.0, 0.0, 0.0, 0.0, 0.0, 0.0, 0.0, 0.0, 0.0, 0.0, 0.0, 0.0, 0.0, 0.0, 0.0, 0.0, 0.0, 0.0, 0.0, 0.0, 0.0, 0.0]
[0.0, 0.0, 0.0, 0.0, 0.0, 0.0, 0.0, 0.0, 0.0, 0.0, 0.0, 0.0, 0.0, 0.0, 0.0, 0.0, 0.0, 0.0, 0.0, 0.0, 0.0, 0.0, 0.0, 0.0, 0.0]
[0.0, 0.0, 0.0, 0.0, 0.0, 0.0, 0.0, 0.0, 0.0, 0.0, 0.0, 0.0, 0.0, 0.0, 0.0, 0.0, 0.0, 0.0, 0.0, 0.0, 0.0, 0.0, 0.0, 0.0, 0.0]
[0.0, 0.0, 0.0, 0.0, 0.0, 0.0, 0.0, 0.0, 0.0, 0.0, 0.0, 0.0, 0.0, 0.0, 0.0, 0.0, 0.0, 0.0, 0.0, 0.0, 0.0, 0.0, 0.0, 0.0, 0.0]
[0.0, 0.0, 0.0, 0.0, 0.0, 0.0, 0.0, 0.0, 0.0, 0.0, 0.0, 0.0, 0.0, 0.0, 0.0, 0.0, 0.0, 0.0, 0.0, 0.0, 0.0, 0.0, 0.0, 0.0, 0.0]
[0.0, 0.0, 0.0, 0.0, 0.0, 0.0, 0.0, 0.0, 0.0, 0.0, 0.0, 0.0, 0.0, 0.0, 0.0, 0.0, 0.0, 0.0, 0.0, 0.0, 0.0, 0.0, 0.0, 0.0, 0.0]
[0.0, 0.0, 0.0, 0.0, 0.0, 0.0, 0.0, 0.0, 0.0, 0.0, 0.0, 0.0, 0.0, 0.0, 0.0, 0.0, 0.0, 0.0, 0.0, 0.0, 0.0, 0.0, 0.0, 0.0, 0.0]
[0.0, 0.0, 0.0, 0.0, 0.0, 0.0, 0.0, 0.0, 0.0, 0.0, 0.0, 0.0, 0.0, 0.0, 0.0, 0.0, 0.0, 0.0, 0.0, 0.0, 0.0, 0.0, 0.0, 0.0, 0.0]
[0.0, 0.0, 0.0, 0.0, 0.0, 0.0, 0.0, 0.0, 0.0, 0.0, 0.0, 0.0, 0.0, 0.0, 0.0, 0.0, 0.0, 0.0, 0.0, 0.0, 0.0, 0.0, 0.0, 0.0, 0.0]
[0.0, 0.0, 0.0, 0.0, 0.0, 0.0, 0.0, 0.0, 0.0, 0.0, 0.0, 0.0, 0.0, 0.0, 0.0, 0.0, 0.0, 0.0, 0.0, 0.0, 0.0, 0.0, 0.0, 0.0, 0.0]
[0.0, 0.0, 0.0, 0.0, 0.0, 0.0, 0.0, 0.0, 0.0, 0.0, 0.0, 0.0, 0.0, 0.0, 0.0, 0.0, 0.0, 0.0, 0.0, 0.0, 0.0, 0.0, 0.0, 0.0, 0.0]
[0.0, 0.0, 0.0, 0.0, 0.0, 0.0, 0.0, 0.0, 0.0, 0.0, 0.0, 0.0, 0.0, 0.0, 0.0, 0.0, 0.0, 0.0, 0.0, 0.0, 0.0, 0.0, 0.0, 0.0, 0.0]
[0.0, 0.0, 0.0, 0.0, 0.0, 0.0, 0.0, 0.0, 0.0, 0.0, 0.0, 0.0, 0.0, 0.0, 0.0, 0.0, 0.0, 0.0, 0.0, 0.0, 0.0, 0.0, 0.0, 0.0, 0.0]
[0.0, 0.0, 0.0, 0.0, 0.0, 0.0, 0.0, 0.0, 0.0, 0.0, 0.0, 0.0, 0.0, 0.0, 0.0, 0.0, 0.0, 0.0, 0.0, 0.0, 0.0, 0.0, 0.0, 0.0, 0.0]
[0.0, 0.0, 0.0, 0.0, 0.0, 0.0, 0.0, 0.0, 0.0, 0.0, 0.0, 0.0, 0.0, 0.0, 0.0, 0.0, 0.0, 0.0, 0.0, 0.0, 0.0, 0.0, 0.0, 0.0, 0.0]
[0.0, 0.0, 0.0, 0.0, 0.0, 0.0, 0.0, 0.0, 0.0, 0.0, 0.0, 0.0, 0.0, 0.0, 0.0, 0.0, 0.0, 0.0, 0.0, 0.0, 0.0, 0.0, 0.0, 0.0, 0.0]
[0.0, 0.0, 0.0, 0.0, 0.0, 0.0, 0.0, 0.0, 0.0, 0.0, 0.0, 0.0, 0.0, 0.0, 0.0, 0.0, 0.0, 0.0, 0.0, 0.0, 0.0, 0.0, 0.0, 0.0, 0.0]
[0.0, 0.0, 0.0, 0.0, 0.0, 0.0, 0.0, 0.0, 0.0, 0.0, 0.0, 0.0, 0.0, 0.0, 0.0, 0.0, 0.0, 0.0, 0.0, 0.0, 0.0, 0.0, 0.0, 0.0, 0.0]
[0.0, 0.0, 0.0, 0.0, 0.0, 0.0, 0.0, 0.0, 0.0, 0.0, 0.0, 0.0, 0.0, 0.0, 0.0, 0.0, 0.0, 0.0, 0.0, 0.0, 0.0, 0.0, 0.0, 0.0, 0.0]
[0.0, 0.0, 0.0, 0.0, 0.0, 0.0, 0.0, 0.0, 0.0, 0.0, 0.0, 0.0, 0.0, 0.0, 0.0, 0.0, 0.0, 0.0, 0.0, 0.0, 0.0, 0.0, 0.0, 0.0, 0.0]
[0.0, 0.0, 0.0, 0.0, 0.0, 0.0, 0.0, 0.0, 0.0, 0.0, 0.0, 0.0, 0.0, 0.0, 0.0, 0.0, 0.0, 0.0, 0.0, 0.0, 0.0, 0.0, 0.0, 0.0, 0.0]
[0.0, 0.0, 0.0, 0.0, 0.0, 0.0, 0.0, 0.0, 0.0, 0.0, 0.0, 0.0, 0.0, 0.0, 0.0, 0.0, 0.0, 0.0, 0.0, 0.0, 0.0, 0.0, 0.0, 0.0, 0.0]
[0.0, 0.0, 0.0, 0.0, 0.0, 0.0, 0.0, 0.0, 0.0, 0.0, 0.0, 0.0, 0.0, 0.0, 0.0, 0.0, 0.0, 0.0, 0.0, 0.0, 0.0, 0.0, 0.0, 0.0, 0.0]
[0.0, 0.0, 0.0, 0.0, 0.0, 0.0, 0.0, 0.0, 0.0, 0.0, 0.0, 0.0, 0.0, 0.0, 0.0, 0.0, 0.0, 0.0, 0.0, 0.0, 0.0, 0.0, 0.0, 0.0, 0.0]
[0.0, 0.0, 0.0, 0.0, 0.0, 0.0, 0.0, 0.0, 0.0, 0.0, 0.0, 0.0, 0.0, 0.0, 0.0, 0.0, 0.0, 0.0, 0.0, 0.0, 0.0, 0.0, 0.0, 0.0, 0.0]
