Academic license - for non-commercial use only
Academic license - for non-commercial use only
Optimize a model with 3080 rows, 1325 columns and 8000 nonzeros
Variable types: 1300 continuous, 25 integer (25 binary)
Coefficient statistics:
  Matrix range     [1e+00, 1e+09]
  Objective range  [1e+00, 1e+00]
  Bounds range     [0e+00, 0e+00]
  RHS range        [1e-02, 2e+00]
Warning: Model contains large matrix coefficients
         Consider reformulating model or setting NumericFocus parameter
         to avoid numerical issues.
Found heuristic solution: objective -0.0000000
Presolve removed 2150 rows and 975 columns
Presolve time: 0.02s
Presolved: 930 rows, 350 columns, 2775 nonzeros
Variable types: 325 continuous, 25 integer (25 binary)

Root relaxation: objective 1.571010e+01, 50 iterations, 0.00 seconds

    Nodes    |    Current Node    |     Objective Bounds      |     Work
 Expl Unexpl |  Obj  Depth IntInf | Incumbent    BestBd   Gap | It/Node Time

*    0     0               0      15.7100971   15.71010  0.00%     -    0s

Explored 0 nodes (65 simplex iterations) in 0.08 seconds
Thread count was 24 (of 24 available processors)

Solution count 2: 15.7101 -0 

Optimal solution found (tolerance 1.00e-04)
Best objective 1.571009708566e+01, best bound 1.571009708566e+01, gap 0.0000%
num_cluster is 5
card is 5
visit_m is 2
limits_ is [1, 1]
dim is 2
sum dis 114.888363085249

dis_mat matrix is :
 [Inf, 0.0899265283822904, 0.1374961206589626, 0.17907772732364557, 0.09343186690503054, 0.14639109174930126, 0.1296765406282861, 0.27643660630819156, 0.13596003646105545, 0.11312230112478915, 0.18905671020880074, 0.2441661874526083, 0.2929972573642034, 0.0656780668045235, 0.28136654786678134, 0.29659789715418755, 0.12963954510301284, 0.11676688347514048, 0.08092139323797576, 0.2676619510548516, 0.2496543063578439, 0.0651643006078228, 0.07403910865996155, 0.06318321034064744, 0.1320588384184981]
[0.0899265283822904, Inf, 0.05884420087017191, 0.14436420907784786, 0.07404050169777121, 0.07273609399232808, 0.14863253729783027, 0.21755227594604268, 0.2228066013711496, 0.12661932299111017, 0.13870086556523137, 0.15717176123975873, 0.2060936743115372, 0.033015871427454865, 0.21280232982368455, 0.20734498588545477, 0.1803683294427151, 0.14470161865754425, 0.16949293430194484, 0.2089284837031396, 0.23739426634400473, 0.02705059252697541, 0.09147060321557265, 0.05387655490289051, 0.06470108249594185]
[0.1374961206589626, 0.05884420087017191, Inf, 0.18708504266709722, 0.07286231797675206, 0.015505763142556457, 0.20621378688924186, 0.16033806607544612, 0.273434744936325, 0.18422928229378524, 0.08845528671401735, 0.10850483112411406, 0.15668171581256077, 0.07184363961510483, 0.15399203684636534, 0.17955263585550238, 0.19094938053644547, 0.20316093310799763, 0.21832470210832478, 0.23033744832835926, 0.2017878569478833, 0.07410436868511597, 0.10513065437556547, 0.11270000964918908, 0.019839692238615658]
[0.17907772732364557, 0.14436420907784786, 0.18708504266709722, Inf, 0.21687000802119932, 0.20247523566229103, 0.09291062544274861, 0.34161490379271825, 0.25532529950878535, 0.08709609599274361, 0.2754365577994511, 0.2335169887772008, 0.2730388927490741, 0.16824133007230355, 0.32584175667309606, 0.21905989138093232, 0.3051280287049638, 0.10642153261147552, 0.2228335230908717, 0.09918383509616115, 0.38152773477644897, 0.15846324215065985, 0.22555023780452843, 0.12008713283958465, 0.2015931122854343]
[0.09343186690503054, 0.07404050169777121, 0.07286231797675206, 0.21687000802119932, Inf, 0.07262410954085403, 0.20330967074210973, 0.18377055011178012, 0.22270780042198354, 0.18243505001622662, 0.09605291864037868, 0.17714019173071757, 0.22317751323250434, 0.05003425080013737, 0.19182627920742384, 0.25237036522774486, 0.11828883550549452, 0.19471283351483684, 0.1671582299561863, 0.2820209365685355, 0.16880494591251002, 0.059751156468587516, 0.03410773720798276, 0.1069233124151956, 0.05671097666915312]
[0.14639109174930126, 0.07273609399232808, 0.015505763142556457, 0.20247523566229103, 0.07262410954085403, Inf, 0.2208924002572337, 0.1453243081222997, 0.2822044090457536, 0.19888482464677876, 0.073272778236197, 0.10467735092898942, 0.15152850406517016, 0.0814262614794094, 0.14038868776331165, 0.18271855209612275, 0.1887814539628459, 0.21741540784302615, 0.22672718097324832, 0.24361039336743545, 0.18846237621101955, 0.08508144138778885, 0.10633373774051502, 0.12629304297820887, 0.016062542375179546]
[0.1296765406282861, 0.14863253729783027, 0.20621378688924186, 0.09291062544274861, 0.20330967074210973, 0.2208924002572337, Inf, 0.36610268484788394, 0.1664633506890675, 0.022017267264438083, 0.2861815840766121, 0.28585257721028223, 0.3316130242157181, 0.15505223975753657, 0.35939283049026094, 0.2962510105280306, 0.25784699887312224, 0.016501199441347297, 0.14356434047546904, 0.1912168090968339, 0.37113988213143556, 0.14637742823498107, 0.19733577403858146, 0.09806990922640291, 0.21324303107413317]
[0.27643660630819156, 0.21755227594604268, 0.16033806607544612, 0.34161490379271825, 0.18377055011178012, 0.1453243081222997, 0.36610268484788394, Inf, 0.40555254214874775, 0.34408615131271014, 0.087770045987759, 0.1378855747817601, 0.14427867796387306, 0.2185844244605096, 0.037482651740296004, 0.23138010469700138, 0.2565490033143472, 0.3620634787773587, 0.3503953392452387, 0.3608174219574764, 0.13923926931052474, 0.22495196429565056, 0.2119467511166764, 0.27018516516256263, 0.15337236368977641]
[0.13596003646105545, 0.2228066013711496, 0.273434744936325, 0.25532529950878535, 0.22270780042198354, 0.2822044090457536, 0.1664633506890675, 0.40555254214874775, Inf, 0.16822925198425132, 0.31791879065481016, 0.37934808295320427, 0.4282809690463542, 0.20159285912731106, 0.41435077673868753, 0.4235810620789192, 0.18823417427962255, 0.1507335294273577, 0.055762322300803045, 0.35443318189243156, 0.3496182495007488, 0.20028394822498502, 0.19372426210620824, 0.17946598363466773, 0.267562947483884]
[0.11312230112478915, 0.12661932299111017, 0.18422928229378524, 0.08709609599274361, 0.18243505001622662, 0.19888482464677876, 0.022017267264438083, 0.34408615131271014, 0.16822925198425132, Inf, 0.2642937243205105, 0.2653291264778795, 0.31156992968703984, 0.13371747634343245, 0.3375163207268721, 0.2796352392658198, 0.2425002811383958, 0.023627381140206332, 0.13831670660694423, 0.18623243692127633, 0.35071863407897175, 0.12487936994921123, 0.17802697581391194, 0.07647020196124296, 0.19124250813545984]
[0.18905671020880074, 0.13870086556523137, 0.08845528671401735, 0.2754365577994511, 0.09605291864037868, 0.073272778236197, 0.2861815840766121, 0.087770045987759, 0.31791879065481016, 0.2642937243205105, Inf, 0.13055223730403012, 0.16391422890690707, 0.13383624716023326, 0.10022770338915385, 0.22569588494523873, 0.1793886404903796, 0.2804587797845641, 0.26266991482955, 0.31433034674376187, 0.12157354077723244, 0.1411911403463994, 0.12456905345425723, 0.18845341796400958, 0.07480819722270982]
[0.2441661874526083, 0.15717176123975873, 0.10850483112411406, 0.2335169887772008, 0.17714019173071757, 0.10467735092898942, 0.28585257721028223, 0.1378855747817601, 0.37934808295320427, 0.2653291264778795, 0.13055223730403012, Inf, 0.048951144028044666, 0.17883796621955797, 0.10782738668210762, 0.09748186337624568, 0.2908629141978838, 0.28762814601840336, 0.32501719668676976, 0.2299828564449356, 0.2471431388439803, 0.1791721302751262, 0.21099099403019764, 0.20713362636056126, 0.12073194734735523]
[0.2929972573642034, 0.2060936743115372, 0.15668171581256077, 0.2730388927490741, 0.22317751323250434, 0.15152850406517016, 0.3316130242157181, 0.14427867796387306, 0.4282809690463542, 0.31156992968703984, 0.16391422890690707, 0.048951144028044666, Inf, 0.227560279881656, 0.10788381416506106, 0.09382340169186885, 0.3339178271329184, 0.33424427141687635, 0.37387910841994854, 0.25507905780739754, 0.27114519624271416, 0.22806671061772493, 0.2572476733389566, 0.2556315866317002, 0.16754586048530748]
[0.0656780668045235, 0.033015871427454865, 0.07184363961510483, 0.16824133007230355, 0.05003425080013737, 0.0814262614794094, 0.15505223975753657, 0.2185844244605096, 0.20159285912731106, 0.13371747634343245, 0.13383624716023326, 0.17883796621955797, 0.227560279881656, Inf, 0.21948796283943386, 0.23732366113152187, 0.14772170234688128, 0.14772208576322593, 0.14657017888539306, 0.23966756749865356, 0.21869259986523454, 0.00983273813335656, 0.05979493365740547, 0.0574525397149977, 0.06806780204883556]
[0.28136654786678134, 0.21280232982368455, 0.15399203684636534, 0.32584175667309606, 0.19182627920742384, 0.14038868776331165, 0.35939283049026094, 0.037482651740296004, 0.41435077673868753, 0.3375163207268721, 0.10022770338915385, 0.10782738668210762, 0.10788381416506106, 0.21948796283943386, Inf, 0.19738537609804352, 0.27800568091002387, 0.357012729571171, 0.3586628863173702, 0.3360139398920634, 0.17454723427608165, 0.22450336784229816, 0.22298343735574042, 0.26658157808163957, 0.1516672585064685]
[0.29659789715418755, 0.20734498588545477, 0.17955263585550238, 0.21905989138093232, 0.25237036522774486, 0.18271855209612275, 0.2962510105280306, 0.23138010469700138, 0.4235810620789192, 0.2796352392658198, 0.22569588494523873, 0.09748186337624568, 0.09382340169186885, 0.23732366113152187, 0.19738537609804352, Inf, 0.370488523692008, 0.30326239585641657, 0.37354059791993227, 0.17465722252754476, 0.34429170202814585, 0.23390747826336228, 0.2837502980253545, 0.24412644046804852, 0.1972445470524604]
[0.12963954510301284, 0.1803683294427151, 0.19094938053644547, 0.3051280287049638, 0.11828883550549452, 0.1887814539628459, 0.25784699887312224, 0.2565490033143472, 0.18823417427962255, 0.2425002811383958, 0.1793886404903796, 0.2908629141978838, 0.3339178271329184, 0.14772170234688128, 0.27800568091002387, 0.370488523692008, Inf, 0.24371036438914462, 0.14713432349443162, 0.3858766842698737, 0.16640832493745572, 0.15578129646506544, 0.08971702131232102, 0.18510177626493746, 0.1735629853027797]
[0.11676688347514048, 0.14470161865754425, 0.20316093310799763, 0.10642153261147552, 0.19471283351483684, 0.21741540784302615, 0.016501199441347297, 0.3620634787773587, 0.1507335294273577, 0.023627381140206332, 0.2804587797845641, 0.28762814601840336, 0.33424427141687635, 0.14772208576322593, 0.357012729571171, 0.30326239585641657, 0.24371036438914462, Inf, 0.12707715138717404, 0.2053685953007687, 0.3614062000210579, 0.13956046473164102, 0.18646808181527982, 0.09211352811136153, 0.2087362931029615]
[0.08092139323797576, 0.16949293430194484, 0.21832470210832478, 0.2228335230908717, 0.1671582299561863, 0.22672718097324832, 0.14356434047546904, 0.3503953392452387, 0.055762322300803045, 0.13831670660694423, 0.26266991482955, 0.32501719668676976, 0.37387910841994854, 0.14657017888539306, 0.3586628863173702, 0.37354059791993227, 0.14713432349443162, 0.12707715138717404, Inf, 0.32010286520150083, 0.3011779895821264, 0.1458671923129738, 0.13898669354631202, 0.13049793592492506, 0.21195674160035716]
[0.2676619510548516, 0.2089284837031396, 0.23033744832835926, 0.09918383509616115, 0.2820209365685355, 0.24361039336743545, 0.1912168090968339, 0.3608174219574764, 0.35443318189243156, 0.18623243692127633, 0.31433034674376187, 0.2299828564449356, 0.25507905780739754, 0.23966756749865356, 0.3360139398920634, 0.17465722252754476, 0.3858766842698737, 0.2053685953007687, 0.32010286520150083, Inf, 0.4320224653804663, 0.23083901006335356, 0.29946096087625557, 0.20483330362177257, 0.2490497484437221]
[0.2496543063578439, 0.23739426634400473, 0.2017878569478833, 0.38152773477644897, 0.16880494591251002, 0.18846237621101955, 0.37113988213143556, 0.13923926931052474, 0.3496182495007488, 0.35071863407897175, 0.12157354077723244, 0.2471431388439803, 0.27114519624271416, 0.21869259986523454, 0.17454723427608165, 0.34429170202814585, 0.16640832493745572, 0.3614062000210579, 0.3011779895821264, 0.4320224653804663, Inf, 0.22826596933841314, 0.17597605986347103, 0.2757115053235176, 0.1836472584574924]
[0.0651643006078228, 0.02705059252697541, 0.07410436868511597, 0.15846324215065985, 0.059751156468587516, 0.08508144138778885, 0.14637742823498107, 0.22495196429565056, 0.20028394822498502, 0.12487936994921123, 0.1411911403463994, 0.1791721302751262, 0.22806671061772493, 0.00983273813335656, 0.22450336784229816, 0.23390747826336228, 0.15578129646506544, 0.13956046473164102, 0.1458671923129738, 0.23083901006335356, 0.22826596933841314, Inf, 0.06882325284055663, 0.048430300335521245, 0.07284550769723372]
[0.07403910865996155, 0.09147060321557265, 0.10513065437556547, 0.22555023780452843, 0.03410773720798276, 0.10633373774051502, 0.19733577403858146, 0.2119467511166764, 0.19372426210620824, 0.17802697581391194, 0.12456905345425723, 0.21099099403019764, 0.2572476733389566, 0.05979493365740547, 0.22298343735574042, 0.2837502980253545, 0.08971702131232102, 0.18646808181527982, 0.13898669354631202, 0.29946096087625557, 0.17597605986347103, 0.06882325284055663, Inf, 0.107717188016035, 0.09030682499311755]
[0.06318321034064744, 0.05387655490289051, 0.11270000964918908, 0.12008713283958465, 0.1069233124151956, 0.12629304297820887, 0.09806990922640291, 0.27018516516256263, 0.17946598363466773, 0.07647020196124296, 0.18845341796400958, 0.20713362636056126, 0.2556315866317002, 0.0574525397149977, 0.26658157808163957, 0.24412644046804852, 0.18510177626493746, 0.09211352811136153, 0.13049793592492506, 0.20483330362177257, 0.2757115053235176, 0.048430300335521245, 0.107717188016035, Inf, 0.11681400516606454]
[0.1320588384184981, 0.06470108249594185, 0.019839692238615658, 0.2015931122854343, 0.05671097666915312, 0.016062542375179546, 0.21324303107413317, 0.15337236368977641, 0.267562947483884, 0.19124250813545984, 0.07480819722270982, 0.12073194734735523, 0.16754586048530748, 0.06806780204883556, 0.1516672585064685, 0.1972445470524604, 0.1735629853027797, 0.2087362931029615, 0.21195674160035716, 0.2490497484437221, 0.1836472584574924, 0.07284550769723372, 0.09030682499311755, 0.11681400516606454, Inf]
data points matrix is :
 [0.40175189450450693, 0.4950789132086962]
[0.4884743868926126, 0.5188694537844343]
[0.5391086233736329, 0.48888922576606764]
[0.46740472807156747, 0.6616878501479186]
[0.48077490998951267, 0.4452303748448095]
[0.5468192164997545, 0.4754365143562266]
[0.3827687811728777, 0.623358477432925]
[0.6496452572093562, 0.3727429902993882]
[0.2661254070476213, 0.5045966553043179]
[0.39869883333377887, 0.6081600072485721]
[0.5681519978820525, 0.40533792329373813]
[0.6454265521606204, 0.5105640128634663]
[0.6943733728754299, 0.5099134411405417]
[0.46740967204895084, 0.4934465201482575]
[0.6683796169845356, 0.4052079397880052]
[0.6782736085652336, 0.6023451905245597]
[0.3931923368816465, 0.36572225266190783]
[0.3750790351560822, 0.6087585668441475]
[0.32084001603729995, 0.4938380238167535]
[0.5483238524691985, 0.7190422610602731]
[0.5398576218269271, 0.28710275889344417]
[0.4664046771986845, 0.5032277636556088]
[0.4476745273429309, 0.4370022276597696]
[0.44109484321948594, 0.5445182746058768]
[0.5315146778771198, 0.47056041293165374]




 AdNNnew 
obj val AdNNnew 15.710097085661184
x vector is :
 [0.9999999989633152, 1.0, 1.0096414504933546e-9, 9.95703667092948e-10, 1.0313397696692387e-9, 1.0, 0.999999997466032, 1.0018649038363677e-9, 1.0175314083433927e-9, 1.0145717184670771e-9, 1.0, 0.999999997433837, 1.0226463351491875e-9, 1.007899002509019e-9, 1.0356177358664458e-9, 1.0, 0.9999999973492332, 1.009055650649502e-9, 1.0382309019016482e-9, 1.1034801559040298e-9, 1.0, 0.9999999974665411, 1.0027679555046366e-9, 1.0204927190220585e-9, 1.0101982297254212e-9]y vector is :
 [0.042690488334781396, 0.02511686291053694, 1.0096414554933546, 0.9957036720929479, 1.0313397746692385, 0.005864306639560414, 0.007445545816757826, 1.0018649088363676, 1.0175314133433926, 1.014571723467077, 0.0646099614870903, 0.02630480592237394, 1.0226463401491874, 1.0078990075090188, 1.0356177408664458, 0.07117706052003481, 0.08694906295568335, 1.009055655649502, 1.0382309069016482, 1.1034801609040297, 0.056963579290142174, 0.0019337326498974905, 1.0027679605046365, 1.0204927240220585, 1.010198234725421]z matrix is :
 [0.0, 3.036684903534592e-9, 1.0000000020270434, 1.0000000020409812, 1.0000000020053452, 3.036684903534592e-9, 6.070653091327927e-9, 1.00000000203482, 1.0000000020191535, 1.0000000020221131, 3.036684903534592e-9, 6.102847782685217e-9, 1.0000000020140385, 1.0000000020287858, 1.000000002001067, 3.036684903534592e-9, 6.187451662142962e-9, 1.0000000020276292, 1.000000001998454, 1.0000000019332047, 3.036684903534592e-9, 6.070143721004229e-9, 1.000000002033917, 1.000000002016192, 1.0000000020264868]
[3.036684903534592e-9, 0.0, 0.9999999989903585, 0.9999999990042963, 0.9999999989686603, 0.0, 3.0339681877933344e-9, 0.9999999989981352, 0.9999999989824686, 0.9999999989854282, 0.0, 3.0661628791506246e-9, 0.9999999989773536, 0.9999999989921009, 0.9999999989643822, 0.0, 3.15076675860837e-9, 0.9999999989909443, 0.9999999989617692, 0.9999999988965198, 0.0, 3.0334588174696364e-9, 0.9999999989972321, 0.9999999989795072, 0.9999999989898019]
[1.0000000020270434, 0.9999999989903585, 0.0, 1.9999999979946548, 1.9999999979590188, 0.9999999989903585, 1.0000000020243267, 1.9999999979884937, 1.9999999979728271, 1.9999999979757868, 0.9999999989903585, 1.0000000020565214, 1.999999997967712, 1.9999999979824594, 1.9999999979547407, 0.9999999989903585, 1.0000000021411253, 1.9999999979813028, 1.9999999979521277, 1.9999999978868783, 0.9999999989903585, 1.0000000020238173, 1.9999999979875906, 1.9999999979698657, 1.9999999979801604]
[1.0000000020409812, 0.9999999990042963, 1.9999999979946548, 0.0, 1.9999999979729566, 0.9999999990042964, 1.0000000020382644, 1.9999999980024314, 1.9999999979867649, 1.9999999979897245, 0.9999999990042964, 1.0000000020704591, 1.9999999979816498, 1.9999999979963972, 1.9999999979686784, 0.9999999990042964, 1.000000002155063, 1.9999999979952405, 1.9999999979660654, 1.999999997900816, 0.9999999990042964, 1.000000002037755, 1.9999999980015284, 1.9999999979838035, 1.999999997994098]
[1.0000000020053452, 0.9999999989686603, 1.9999999979590188, 1.9999999979729566, 0.0, 0.9999999989686602, 1.0000000020026285, 1.9999999979667955, 1.999999997951129, 1.9999999979540886, 0.9999999989686602, 1.0000000020348232, 1.999999997946014, 1.9999999979607612, 1.9999999979330425, 0.9999999989686602, 1.000000002119427, 1.9999999979596046, 1.9999999979304295, 1.9999999978651801, 0.9999999989686602, 1.0000000020021191, 1.9999999979658925, 1.9999999979481675, 1.9999999979584622]
[3.036684903534592e-9, 0.0, 0.9999999989903585, 0.9999999990042964, 0.9999999989686602, 0.0, 3.0339681877933344e-9, 0.9999999989981352, 0.9999999989824686, 0.9999999989854282, 0.0, 3.0661628791506246e-9, 0.9999999989773536, 0.9999999989921009, 0.9999999989643822, 0.0, 3.15076675860837e-9, 0.9999999989909443, 0.9999999989617692, 0.9999999988965198, 0.0, 3.0334588174696364e-9, 0.9999999989972321, 0.9999999989795072, 0.9999999989898019]
[6.070653091327927e-9, 3.0339681877933344e-9, 1.0000000020243267, 1.0000000020382644, 1.0000000020026285, 3.0339681877933344e-9, 0.0, 1.0000000020321034, 1.0000000020164368, 1.0000000020193962, 3.033968076771032e-9, 6.1001309559216566e-9, 1.0000000020113218, 1.000000002026069, 1.0000000019983504, 3.033968076771032e-9, 6.184734835379402e-9, 1.0000000020249122, 1.0000000019957374, 1.0000000019304878, 3.033968076771032e-9, 6.067426894240668e-9, 1.0000000020312, 1.0000000020134752, 1.00000000202377]
[1.00000000203482, 0.9999999989981352, 1.9999999979884937, 1.9999999980024314, 1.9999999979667955, 0.9999999989981352, 1.0000000020321034, 0.0, 1.9999999979806038, 1.9999999979835634, 0.9999999989981351, 1.000000002064298, 1.9999999979754888, 1.999999997990236, 1.9999999979625174, 0.9999999989981351, 1.000000002148902, 1.9999999979890795, 1.9999999979599044, 1.999999997894655, 0.9999999989981351, 1.000000002031594, 1.9999999979953673, 1.9999999979776424, 1.999999997987937]
[1.0000000020191535, 0.9999999989824686, 1.9999999979728271, 1.9999999979867649, 1.999999997951129, 0.9999999989824686, 1.0000000020164368, 1.9999999979806038, 0.0, 1.9999999979678968, 0.9999999989824686, 1.0000000020486315, 1.9999999979598222, 1.9999999979745695, 1.9999999979468508, 0.9999999989824686, 1.0000000021332354, 1.9999999979734129, 1.9999999979442378, 1.9999999978789884, 0.9999999989824686, 1.0000000020159274, 1.9999999979797007, 1.9999999979619758, 1.9999999979722705]
[1.0000000020221131, 0.9999999989854282, 1.9999999979757868, 1.9999999979897245, 1.9999999979540886, 0.9999999989854282, 1.0000000020193962, 1.9999999979835634, 1.9999999979678968, 0.0, 0.9999999989854282, 1.0000000020515911, 1.9999999979627818, 1.9999999979775291, 1.9999999979498104, 0.9999999989854282, 1.000000002136195, 1.9999999979763725, 1.9999999979471974, 1.999999997881948, 0.9999999989854282, 1.000000002018887, 1.9999999979826604, 1.9999999979649354, 1.99999999797523]
[3.036684903534592e-9, 0.0, 0.9999999989903585, 0.9999999990042964, 0.9999999989686602, 0.0, 3.033968076771032e-9, 0.9999999989981351, 0.9999999989824686, 0.9999999989854282, 0.0, 3.0661628791506246e-9, 0.9999999989773536, 0.9999999989921009, 0.9999999989643822, 0.0, 3.15076675860837e-9, 0.9999999989909443, 0.9999999989617692, 0.9999999988965198, 0.0, 3.0334588174696364e-9, 0.9999999989972321, 0.9999999989795072, 0.9999999989898019]
[6.102847782685217e-9, 3.0661628791506246e-9, 1.0000000020565214, 1.0000000020704591, 1.0000000020348232, 3.0661628791506246e-9, 6.1001309559216566e-9, 1.000000002064298, 1.0000000020486315, 1.0000000020515911, 3.0661628791506246e-9, 0.0, 1.0000000020435165, 1.0000000020582638, 1.000000002030545, 3.066162990172927e-9, 6.216929748781297e-9, 1.0000000020571074, 1.000000002027932, 1.000000001962683, 3.066162990172927e-9, 6.0996218076425635e-9, 1.0000000020633952, 1.0000000020456703, 1.0000000020559647]
[1.0000000020140385, 0.9999999989773536, 1.999999997967712, 1.9999999979816498, 1.999999997946014, 0.9999999989773536, 1.0000000020113218, 1.9999999979754888, 1.9999999979598222, 1.9999999979627818, 0.9999999989773536, 1.0000000020435165, 0.0, 1.9999999979694545, 1.9999999979417358, 0.9999999989773537, 1.0000000021281203, 1.9999999979682979, 1.9999999979391228, 1.9999999978738734, 0.9999999989773537, 1.0000000020108124, 1.9999999979745857, 1.9999999979568608, 1.9999999979671554]
[1.0000000020287858, 0.9999999989921009, 1.9999999979824594, 1.9999999979963972, 1.9999999979607612, 0.9999999989921009, 1.000000002026069, 1.999999997990236, 1.9999999979745695, 1.9999999979775291, 0.9999999989921009, 1.0000000020582638, 1.9999999979694545, 0.0, 1.999999997956483, 0.999999998992101, 1.0000000021428677, 1.9999999979830452, 1.99999999795387, 1.9999999978886207, 0.999999998992101, 1.0000000020255597, 1.999999997989333, 1.999999997971608, 1.9999999979819028]
[1.000000002001067, 0.9999999989643822, 1.9999999979547407, 1.9999999979686784, 1.9999999979330425, 0.9999999989643822, 1.0000000019983504, 1.9999999979625174, 1.9999999979468508, 1.9999999979498104, 0.9999999989643822, 1.000000002030545, 1.9999999979417358, 1.999999997956483, 0.0, 0.9999999989643823, 1.000000002115149, 1.9999999979553265, 1.9999999979261514, 1.999999997860902, 0.9999999989643823, 1.000000001997841, 1.9999999979616143, 1.9999999979438894, 1.999999997954184]
[3.036684903534592e-9, 0.0, 0.9999999989903585, 0.9999999990042964, 0.9999999989686602, 0.0, 3.033968076771032e-9, 0.9999999989981351, 0.9999999989824686, 0.9999999989854282, 0.0, 3.066162990172927e-9, 0.9999999989773537, 0.999999998992101, 0.9999999989643823, 0.0, 3.15076675860837e-9, 0.9999999989909443, 0.9999999989617692, 0.9999999988965198, 0.0, 3.0334588174696364e-9, 0.9999999989972321, 0.9999999989795072, 0.9999999989898019]
[6.187451662142962e-9, 3.15076675860837e-9, 1.0000000021411253, 1.000000002155063, 1.000000002119427, 3.15076675860837e-9, 6.184734835379402e-9, 1.000000002148902, 1.0000000021332354, 1.000000002136195, 3.15076675860837e-9, 6.216929748781297e-9, 1.0000000021281203, 1.0000000021428677, 1.000000002115149, 3.15076675860837e-9, 0.0, 1.0000000021417113, 1.000000002112536, 1.0000000020472868, 3.1507668696306723e-9, 6.184225687100309e-9, 1.0000000021479991, 1.0000000021302742, 1.0000000021405686]
[1.0000000020276292, 0.9999999989909443, 1.9999999979813028, 1.9999999979952405, 1.9999999979596046, 0.9999999989909443, 1.0000000020249122, 1.9999999979890795, 1.9999999979734129, 1.9999999979763725, 0.9999999989909443, 1.0000000020571074, 1.9999999979682979, 1.9999999979830452, 1.9999999979553265, 0.9999999989909443, 1.0000000021417113, 0.0, 1.9999999979527134, 1.999999997887464, 0.9999999989909444, 1.000000002024403, 1.9999999979881764, 1.9999999979704515, 1.9999999979807461]
[1.000000001998454, 0.9999999989617692, 1.9999999979521277, 1.9999999979660654, 1.9999999979304295, 0.9999999989617692, 1.0000000019957374, 1.9999999979599044, 1.9999999979442378, 1.9999999979471974, 0.9999999989617692, 1.000000002027932, 1.9999999979391228, 1.99999999795387, 1.9999999979261514, 0.9999999989617692, 1.000000002112536, 1.9999999979527134, 0.0, 1.999999997858289, 0.999999998961769, 1.000000001995228, 1.9999999979590013, 1.9999999979412764, 1.999999997951571]
[1.0000000019332047, 0.9999999988965198, 1.9999999978868783, 1.999999997900816, 1.9999999978651801, 0.9999999988965198, 1.0000000019304878, 1.999999997894655, 1.9999999978789884, 1.999999997881948, 0.9999999988965198, 1.000000001962683, 1.9999999978738734, 1.9999999978886207, 1.999999997860902, 0.9999999988965198, 1.0000000020472868, 1.999999997887464, 1.999999997858289, 0.0, 0.9999999988965198, 1.0000000019299786, 1.999999997893752, 1.999999997876027, 1.9999999978863217]
[3.036684903534592e-9, 0.0, 0.9999999989903585, 0.9999999990042964, 0.9999999989686602, 0.0, 3.033968076771032e-9, 0.9999999989981351, 0.9999999989824686, 0.9999999989854282, 0.0, 3.066162990172927e-9, 0.9999999989773537, 0.999999998992101, 0.9999999989643823, 0.0, 3.1507668696306723e-9, 0.9999999989909444, 0.999999998961769, 0.9999999988965198, 0.0, 3.0334588174696364e-9, 0.9999999989972321, 0.9999999989795072, 0.9999999989898019]
[6.070143721004229e-9, 3.0334588174696364e-9, 1.0000000020238173, 1.000000002037755, 1.0000000020021191, 3.0334588174696364e-9, 6.067426894240668e-9, 1.000000002031594, 1.0000000020159274, 1.000000002018887, 3.0334588174696364e-9, 6.0996218076425635e-9, 1.0000000020108124, 1.0000000020255597, 1.000000001997841, 3.0334588174696364e-9, 6.184225687100309e-9, 1.000000002024403, 1.000000001995228, 1.0000000019299786, 3.0334588174696364e-9, 0.0, 1.0000000020306912, 1.0000000020129662, 1.0000000020232607]
[1.000000002033917, 0.9999999989972321, 1.9999999979875906, 1.9999999980015284, 1.9999999979658925, 0.9999999989972321, 1.0000000020312, 1.9999999979953673, 1.9999999979797007, 1.9999999979826604, 0.9999999989972321, 1.0000000020633952, 1.9999999979745857, 1.999999997989333, 1.9999999979616143, 0.9999999989972321, 1.0000000021479991, 1.9999999979881764, 1.9999999979590013, 1.999999997893752, 0.9999999989972321, 1.0000000020306912, 0.0, 1.9999999979767393, 1.999999997987034]
[1.000000002016192, 0.9999999989795072, 1.9999999979698657, 1.9999999979838035, 1.9999999979481675, 0.9999999989795072, 1.0000000020134752, 1.9999999979776424, 1.9999999979619758, 1.9999999979649354, 0.9999999989795072, 1.0000000020456703, 1.9999999979568608, 1.999999997971608, 1.9999999979438894, 0.9999999989795072, 1.0000000021302742, 1.9999999979704515, 1.9999999979412764, 1.999999997876027, 0.9999999989795072, 1.0000000020129662, 1.9999999979767393, 0.0, 1.999999997969309]
[1.0000000020264868, 0.9999999989898019, 1.9999999979801604, 1.999999997994098, 1.9999999979584622, 0.9999999989898019, 1.00000000202377, 1.999999997987937, 1.9999999979722705, 1.99999999797523, 0.9999999989898019, 1.0000000020559647, 1.9999999979671554, 1.9999999979819028, 1.999999997954184, 0.9999999989898019, 1.0000000021405686, 1.9999999979807461, 1.999999997951571, 1.9999999978863217, 0.9999999989898019, 1.0000000020232607, 1.999999997987034, 1.999999997969309, 0.0]
w vector is :
 [0.042690488334781396, 0.02511686291053694, 1.0096414554933546, 0.9957036720929479, 1.0313397746692385, 0.005864306639560414, 0.007445545816757826, 1.0018649088363676, 1.0175314133433926, 1.014571723467077, 0.0646099614870903, 0.02630480592237394, 1.0226463401491874, 1.0078990075090188, 1.0356177408664458, 0.07117706052003481, 0.08694906295568335, 1.009055655649502, 1.0382309069016482, 1.1034801609040297, 0.056963579290142174, 0.0019337326498974905, 1.0027679605046365, 1.0204927240220585, 1.010198234725421]p matrix is :
 [0.0, 0.0, 0.0, 0.0, 0.0, 0.0, 0.0, 0.0, 0.0, 0.0, 0.0, 0.0, 0.0, 0.0, 0.0, 0.0, 0.0, 0.0, 0.0, 0.0, 0.0, 0.0, 0.0, 0.0, 0.0]
[0.0, 0.0, 0.0, 0.0, 0.0, 0.0, 0.0, 0.0, 0.0, 0.0, 0.0, 0.0, 0.0, 0.0, 0.0, 0.0, 0.0, 0.0, 0.0, 0.0, 0.0, 0.0, 0.0, 0.0, 0.0]
[0.0, 0.0, 0.0, 0.0, 0.0, 0.0, 0.0, 0.0, 0.0, 0.0, 0.0, 0.0, 0.0, 0.0, 0.0, 0.0, 0.0, 0.0, 0.0, 0.0, 0.0, 0.0, 0.0, 0.0, 0.0]
[0.0, 0.0, 0.0, 0.0, 0.0, 0.0, 0.0, 0.0, 0.0, 0.0, 0.0, 0.0, 0.0, 0.0, 0.0, 0.0, 0.0, 0.0, 0.0, 0.0, 0.0, 0.0, 0.0, 0.0, 0.0]
[0.0, 0.0, 0.0, 0.0, 0.0, 0.0, 0.0, 0.0, 0.0, 0.0, 0.0, 0.0, 0.0, 0.0, 0.0, 0.0, 0.0, 0.0, 0.0, 0.0, 0.0, 0.0, 0.0, 0.0, 0.0]
[0.0, 0.0, 0.0, 0.0, 0.0, 0.0, 0.0, 0.0, 0.0, 0.0, 0.0, 0.0, 0.0, 0.0, 0.0, 0.0, 0.0, 0.0, 0.0, 0.0, 0.0, 0.0, 0.0, 0.0, 0.0]
[0.0, 0.0, 0.0, 0.0, 0.0, 0.0, 0.0, 0.0, 0.0, 0.0, 0.0, 0.0, 0.0, 0.0, 0.0, 0.0, 0.0, 0.0, 0.0, 0.0, 0.0, 0.0, 0.0, 0.0, 0.0]
[0.0, 0.0, 0.0, 0.0, 0.0, 0.0, 0.0, 0.0, 0.0, 0.0, 0.0, 0.0, 0.0, 0.0, 0.0, 0.0, 0.0, 0.0, 0.0, 0.0, 0.0, 0.0, 0.0, 0.0, 0.0]
[0.0, 0.0, 0.0, 0.0, 0.0, 0.0, 0.0, 0.0, 0.0, 0.0, 0.0, 0.0, 0.0, 0.0, 0.0, 0.0, 0.0, 0.0, 0.0, 0.0, 0.0, 0.0, 0.0, 0.0, 0.0]
[0.0, 0.0, 0.0, 0.0, 0.0, 0.0, 0.0, 0.0, 0.0, 0.0, 0.0, 0.0, 0.0, 0.0, 0.0, 0.0, 0.0, 0.0, 0.0, 0.0, 0.0, 0.0, 0.0, 0.0, 0.0]
[0.0, 0.0, 0.0, 0.0, 0.0, 0.0, 0.0, 0.0, 0.0, 0.0, 0.0, 0.0, 0.0, 0.0, 0.0, 0.0, 0.0, 0.0, 0.0, 0.0, 0.0, 0.0, 0.0, 0.0, 0.0]
[0.0, 0.0, 0.0, 0.0, 0.0, 0.0, 0.0, 0.0, 0.0, 0.0, 0.0, 0.0, 0.0, 0.0, 0.0, 0.0, 0.0, 0.0, 0.0, 0.0, 0.0, 0.0, 0.0, 0.0, 0.0]
[0.0, 0.0, 0.0, 0.0, 0.0, 0.0, 0.0, 0.0, 0.0, 0.0, 0.0, 0.0, 0.0, 0.0, 0.0, 0.0, 0.0, 0.0, 0.0, 0.0, 0.0, 0.0, 0.0, 0.0, 0.0]
[0.0, 0.0, 0.0, 0.0, 0.0, 0.0, 0.0, 0.0, 0.0, 0.0, 0.0, 0.0, 0.0, 0.0, 0.0, 0.0, 0.0, 0.0, 0.0, 0.0, 0.0, 0.0, 0.0, 0.0, 0.0]
[0.0, 0.0, 0.0, 0.0, 0.0, 0.0, 0.0, 0.0, 0.0, 0.0, 0.0, 0.0, 0.0, 0.0, 0.0, 0.0, 0.0, 0.0, 0.0, 0.0, 0.0, 0.0, 0.0, 0.0, 0.0]
[0.0, 0.0, 0.0, 0.0, 0.0, 0.0, 0.0, 0.0, 0.0, 0.0, 0.0, 0.0, 0.0, 0.0, 0.0, 0.0, 0.0, 0.0, 0.0, 0.0, 0.0, 0.0, 0.0, 0.0, 0.0]
[0.0, 0.0, 0.0, 0.0, 0.0, 0.0, 0.0, 0.0, 0.0, 0.0, 0.0, 0.0, 0.0, 0.0, 0.0, 0.0, 0.0, 0.0, 0.0, 0.0, 0.0, 0.0, 0.0, 0.0, 0.0]
[0.0, 0.0, 0.0, 0.0, 0.0, 0.0, 0.0, 0.0, 0.0, 0.0, 0.0, 0.0, 0.0, 0.0, 0.0, 0.0, 0.0, 0.0, 0.0, 0.0, 0.0, 0.0, 0.0, 0.0, 0.0]
[0.0, 0.0, 0.0, 0.0, 0.0, 0.0, 0.0, 0.0, 0.0, 0.0, 0.0, 0.0, 0.0, 0.0, 0.0, 0.0, 0.0, 0.0, 0.0, 0.0, 0.0, 0.0, 0.0, 0.0, 0.0]
[0.0, 0.0, 0.0, 0.0, 0.0, 0.0, 0.0, 0.0, 0.0, 0.0, 0.0, 0.0, 0.0, 0.0, 0.0, 0.0, 0.0, 0.0, 0.0, 0.0, 0.0, 0.0, 0.0, 0.0, 0.0]
[0.0, 0.0, 0.0, 0.0, 0.0, 0.0, 0.0, 0.0, 0.0, 0.0, 0.0, 0.0, 0.0, 0.0, 0.0, 0.0, 0.0, 0.0, 0.0, 0.0, 0.0, 0.0, 0.0, 0.0, 0.0]
[0.0, 0.0, 0.0, 0.0, 0.0, 0.0, 0.0, 0.0, 0.0, 0.0, 0.0, 0.0, 0.0, 0.0, 0.0, 0.0, 0.0, 0.0, 0.0, 0.0, 0.0, 0.0, 0.0, 0.0, 0.0]
[0.0, 0.0, 0.0, 0.0, 0.0, 0.0, 0.0, 0.0, 0.0, 0.0, 0.0, 0.0, 0.0, 0.0, 0.0, 0.0, 0.0, 0.0, 0.0, 0.0, 0.0, 0.0, 0.0, 0.0, 0.0]
[0.0, 0.0, 0.0, 0.0, 0.0, 0.0, 0.0, 0.0, 0.0, 0.0, 0.0, 0.0, 0.0, 0.0, 0.0, 0.0, 0.0, 0.0, 0.0, 0.0, 0.0, 0.0, 0.0, 0.0, 0.0]
[0.0, 0.0, 0.0, 0.0, 0.0, 0.0, 0.0, 0.0, 0.0, 0.0, 0.0, 0.0, 0.0, 0.0, 0.0, 0.0, 0.0, 0.0, 0.0, 0.0, 0.0, 0.0, 0.0, 0.0, 0.0]
