Academic license - for non-commercial use only
Academic license - for non-commercial use only
Optimize a model with 3080 rows, 1325 columns and 8000 nonzeros
Variable types: 1300 continuous, 25 integer (25 binary)
Coefficient statistics:
  Matrix range     [1e+00, 1e+09]
  Objective range  [1e+00, 1e+00]
  Bounds range     [0e+00, 0e+00]
  RHS range        [8e-03, 2e+00]
Warning: Model contains large matrix coefficients
         Consider reformulating model or setting NumericFocus parameter
         to avoid numerical issues.
Found heuristic solution: objective -0.0000000
Presolve removed 2150 rows and 975 columns
Presolve time: 0.02s
Presolved: 930 rows, 350 columns, 2775 nonzeros
Variable types: 325 continuous, 25 integer (25 binary)

Root relaxation: objective 1.561691e+01, 54 iterations, 0.00 seconds

    Nodes    |    Current Node    |     Objective Bounds      |     Work
 Expl Unexpl |  Obj  Depth IntInf | Incumbent    BestBd   Gap | It/Node Time

*    0     0               0      15.6169075   15.61691  0.00%     -    0s

Explored 0 nodes (69 simplex iterations) in 0.02 seconds
Thread count was 24 (of 24 available processors)

Solution count 2: 15.6169 -0 

Optimal solution found (tolerance 1.00e-04)
Best objective 1.561690747955e+01, best bound 1.561690747955e+01, gap 0.0000%
num_cluster is 5
card is 5
visit_m is 2
limits_ is [1, 1]
dim is 2
sum dis 99.30434771963556

dis_mat matrix is :
 [Inf, 0.1444345273359553, 0.1375044560731667, 0.04065768917660302, 0.21184246517374702, 0.08354495257844229, 0.09318877355439717, 0.22636464595905753, 0.1267119364464505, 0.19647027644997547, 0.1694545497636768, 0.08049649653524571, 0.18608536253567962, 0.22732188802362754, 0.12710267543388615, 0.38125577443202496, 0.1799672618534298, 0.2183339826309955, 0.07824501774525859, 0.18326768334011617, 0.1771774391622233, 0.12681908482217566, 0.16457937620691498, 0.02375846804323867, 0.1447785041889719]
[0.1444345273359553, Inf, 0.026541659603149994, 0.13290484600223348, 0.2715066533019047, 0.06240100172760419, 0.16225119865382565, 0.2970830440147149, 0.07043524739838829, 0.057150622505225235, 0.03285168739218696, 0.0640471500616457, 0.17048919099175552, 0.3021057576571823, 0.13239985680216876, 0.3269649269059862, 0.23636726938749056, 0.07496234660826907, 0.2074276325803253, 0.06643452052023577, 0.09460229500404257, 0.024533412049009162, 0.21915289746375527, 0.14259070321243747, 0.22720827715306582]
[0.1375044560731667, 0.026541659603149994, Inf, 0.11905986356525797, 0.24656845175145223, 0.06310093744531076, 0.14131579146617548, 0.27267880615154894, 0.09011041623402387, 0.07913119796393246, 0.032708133743070626, 0.061381724882098164, 0.14397043215030877, 0.2779790637797694, 0.10702249562047547, 0.30452615196772814, 0.21165875028262748, 0.09188796656847939, 0.19314722577300197, 0.05163502742057734, 0.07108004283484606, 0.012979277212562862, 0.19461382353455858, 0.13145381503574732, 0.20503029248497986]
[0.04065768917660302, 0.13290484600223348, 0.11905986356525797, Inf, 0.17861511432191085, 0.0813392297659353, 0.055778003027611815, 0.19628638520157185, 0.13627063714065632, 0.18909368694619624, 0.1517428291404683, 0.07508357011686044, 0.14562932333534404, 0.19842086921090213, 0.0869770149573852, 0.3410619841126967, 0.14503487698206532, 0.20773358387979948, 0.07455592880455904, 0.1580778073104715, 0.14496988217172327, 0.11103311174170759, 0.12868822981671393, 0.018798525571755573, 0.11545670647332212]
[0.21184246517374702, 0.2715066533019047, 0.24656845175145223, 0.17861511432191085, Inf, 0.2465530556793784, 0.12374304074720065, 0.02980497364230459, 0.3049578762518458, 0.3252258626583705, 0.2705557746883137, 0.23868793542010974, 0.12838755031426063, 0.038045100646604955, 0.13966614927231316, 0.25812379301489774, 0.03552201008640093, 0.33326871194827823, 0.15741221877581305, 0.25075345515381214, 0.2118387439638022, 0.2473881920900216, 0.053043036918241936, 0.18920395331925474, 0.06957557061941812]
[0.08354495257844229, 0.06240100172760419, 0.06310093744531076, 0.0813392297659353, 0.2465530556793784, Inf, 0.12543169391317588, 0.268401562186408, 0.05842556695851366, 0.1129440512430634, 0.09130169750404975, 0.007959541937484042, 0.17262789155638453, 0.2718847939535613, 0.11909113582364847, 0.35348386474655696, 0.21117911079595983, 0.1349825204572075, 0.15314096757705645, 0.11441011206736056, 0.124395593601303, 0.05034445711204488, 0.19370840861611197, 0.08603816860969454, 0.19100538428075706]
[0.09318877355439717, 0.16225119865382565, 0.14131579146617548, 0.055778003027611815, 0.12374304074720065, 0.12543169391317588, Inf, 0.143472002816087, 0.18359579542909207, 0.21916943411521822, 0.17146166958102652, 0.11784089753062285, 0.1062379296607397, 0.146591697275752, 0.05832804163729681, 0.3000326076774775, 0.08953127609223728, 0.2331489944391491, 0.07645563948464325, 0.16531664273075677, 0.13877363362604322, 0.1378679071107544, 0.07295954681452457, 0.06945598150729439, 0.06601356293421097]
[0.22636464595905753, 0.2970830440147149, 0.27267880615154894, 0.19628638520157185, 0.02980497364230459, 0.268401562186408, 0.143472002816087, Inf, 0.3267690932066486, 0.35165818772538865, 0.29772869941775143, 0.2606588961027246, 0.15814099820513547, 0.009035255829800455, 0.16638524621612127, 0.28042005971984635, 0.061356026018953604, 0.3606271804223443, 0.1642286312366072, 0.2791666080811342, 0.2407678004910075, 0.27274776051368727, 0.0780799328562231, 0.20479119798485787, 0.08162058759144758]
[0.1267119364464505, 0.07043524739838829, 0.09011041623402387, 0.13627063714065632, 0.3049578762518458, 0.05842556695851366, 0.18359579542909207, 0.3267690932066486, Inf, 0.09065007280645904, 0.10231914352834819, 0.06627016497855522, 0.22466152666037698, 0.3301563229581529, 0.17492389075437753, 0.3945681992856148, 0.2695607055879863, 0.11674945821129842, 0.20316761826682728, 0.13682229232698448, 0.16109688038411418, 0.07922785145980858, 0.2520764891893233, 0.13667943244093975, 0.24883196191227122]
[0.19647027644997547, 0.057150622505225235, 0.07913119796393246, 0.18909368694619624, 0.3252258626583705, 0.1129440512430634, 0.21916943411521822, 0.35165818772538865, 0.09065007280645904, Inf, 0.05710163618901536, 0.11673298398266868, 0.2157574193865223, 0.3570512117994612, 0.18556097336845698, 0.3489067169687743, 0.29051873920212007, 0.02618126141717352, 0.2633653775095563, 0.0899391702318032, 0.1298488909025245, 0.08131720193097491, 0.2735782801786753, 0.19743786735731883, 0.2837292630240528]
[0.1694545497636768, 0.03285168739218696, 0.032708133743070626, 0.1517428291404683, 0.2705557746883137, 0.09130169750404975, 0.17146166958102652, 0.29772869941775143, 0.10231914352834819, 0.05710163618901536, Inf, 0.09116311317061523, 0.15866179355408824, 0.3035418717998549, 0.1313874683317886, 0.300579933934252, 0.2363857061836187, 0.06300310406673067, 0.22571742990755944, 0.03725569995156838, 0.0736652291489496, 0.04266032333370139, 0.21982238263253567, 0.16410007012661448, 0.23365029495426282]
[0.08049649653524571, 0.0640471500616457, 0.061381724882098164, 0.07508357011686044, 0.23868793542010974, 0.007959541937484042, 0.11784089753062285, 0.2606588961027246, 0.06627016497855522, 0.11673298398266868, 0.09116311317061523, Inf, 0.16521053275544614, 0.26420359702880064, 0.11127406604867782, 0.3472639663060885, 0.20329760347340436, 0.13792094333897545, 0.1478005150998531, 0.11194660341913942, 0.11949431559364579, 0.04908708362715433, 0.1858196620104936, 0.08102982488523205, 0.18353471732858892]
[0.18608536253567962, 0.17048919099175552, 0.14397043215030877, 0.14562932333534404, 0.12838755031426063, 0.17262789155638453, 0.1062379296607397, 0.15814099820513547, 0.22466152666037698, 0.2157574193865223, 0.15866179355408824, 0.16521053275544614, Inf, 0.1659817725195705, 0.0593983220184579, 0.19571623264625915, 0.1020821795533342, 0.2178656634185174, 0.18178401108206976, 0.13084706526675316, 0.08936474659425558, 0.1500663266299739, 0.09178159541291389, 0.1640053098968265, 0.1271965668298432]
[0.22732188802362754, 0.3021057576571823, 0.2779790637797694, 0.19842086921090213, 0.038045100646604955, 0.2718847939535613, 0.146591697275752, 0.009035255829800455, 0.3301563229581529, 0.3570512117994612, 0.3035418717998549, 0.26420359702880064, 0.1659817725195705, Inf, 0.17215595490865876, 0.28926558321771745, 0.0675670325244481, 0.3665023334497146, 0.1630248239491342, 0.2857141252228816, 0.24769697720446052, 0.27769720678449383, 0.0837223231697466, 0.20617990063408217, 0.08309521701434727]
[0.12710267543388615, 0.13239985680216876, 0.10702249562047547, 0.0869770149573852, 0.13966614927231316, 0.11909113582364847, 0.05832804163729681, 0.16638524621612127, 0.17492389075437753, 0.18556097336845698, 0.1313874683317886, 0.11127406604867782, 0.0593983220184579, 0.17215595490865876, Inf, 0.25416122252310314, 0.1050842130893845, 0.19434918158924322, 0.13377210635313594, 0.11607028983292646, 0.08351137007371273, 0.10873745154088278, 0.08843507532206034, 0.10561936192410466, 0.10663124633700523]
[0.38125577443202496, 0.3269649269059862, 0.30452615196772814, 0.3410619841126967, 0.25812379301489774, 0.35348386474655696, 0.3000326076774775, 0.28042005971984635, 0.3945681992856148, 0.3489067169687743, 0.300579933934252, 0.3472639663060885, 0.19571623264625915, 0.28926558321771745, 0.25416122252310314, Inf, 0.25688151421774663, 0.3369319444533408, 0.3726535019035336, 0.2633315252389121, 0.23347345187769294, 0.31546182855681054, 0.25848754874097696, 0.35957773576661967, 0.29970287639073845]
[0.1799672618534298, 0.23636726938749056, 0.21165875028262748, 0.14503487698206532, 0.03552201008640093, 0.21117911079595983, 0.08953127609223728, 0.061356026018953604, 0.2695607055879863, 0.29051873920212007, 0.2363857061836187, 0.20329760347340436, 0.1020821795533342, 0.0675670325244481, 0.1050842130893845, 0.25688151421774663, Inf, 0.2992731186624515, 0.13300108387721754, 0.21815554944953588, 0.18041302574232135, 0.21216258553054992, 0.017524340356520708, 0.15681158395153813, 0.046243395987988434]
[0.2183339826309955, 0.07496234660826907, 0.09188796656847939, 0.20773358387979948, 0.33326871194827823, 0.1349825204572075, 0.2331489944391491, 0.3606271804223443, 0.11674945821129842, 0.02618126141717352, 0.06300310406673067, 0.13792094333897545, 0.2178656634185174, 0.3665023334497146, 0.19434918158924322, 0.3369319444533408, 0.2992731186624515, Inf, 0.2822865859054445, 0.08753563461818016, 0.12917222319330807, 0.09719665162821498, 0.28278001043460765, 0.21750883095131412, 0.2962437772150409]
[0.07824501774525859, 0.2074276325803253, 0.19314722577300197, 0.07455592880455904, 0.15741221877581305, 0.15314096757705645, 0.07645563948464325, 0.1642286312366072, 0.20316761826682728, 0.2633653775095563, 0.22571742990755944, 0.1478005150998531, 0.18178401108206976, 0.1630248239491342, 0.13377210635313594, 0.3726535019035336, 0.13300108387721754, 0.2822865859054445, Inf, 0.22879484050949417, 0.2091731491440713, 0.18552336840820027, 0.12261763253380306, 0.06724348486318359, 0.08831158021837889]
[0.18326768334011617, 0.06643452052023577, 0.05163502742057734, 0.1580778073104715, 0.25075345515381214, 0.11441011206736056, 0.16531664273075677, 0.2791666080811342, 0.13682229232698448, 0.0899391702318032, 0.03725569995156838, 0.11194660341913942, 0.13084706526675316, 0.2857141252228816, 0.11607028983292646, 0.2633315252389121, 0.21815554944953588, 0.08753563461818016, 0.22879484050949417, Inf, 0.04168551770634865, 0.06461329116396818, 0.20263235014748082, 0.1732945498310295, 0.2223653701171209]
[0.1771774391622233, 0.09460229500404257, 0.07108004283484606, 0.14496988217172327, 0.2118387439638022, 0.124395593601303, 0.13877363362604322, 0.2407678004910075, 0.16109688038411418, 0.1298488909025245, 0.0736652291489496, 0.11949431559364579, 0.08936474659425558, 0.24769697720446052, 0.08351137007371273, 0.23347345187769294, 0.18041302574232135, 0.12917222319330807, 0.2091731491440713, 0.04168551770634865, Inf, 0.08209157118668124, 0.16575454104723147, 0.1624525954500204, 0.18957911328410385]
[0.12681908482217566, 0.024533412049009162, 0.012979277212562862, 0.11103311174170759, 0.2473881920900216, 0.05034445711204488, 0.1378679071107544, 0.27274776051368727, 0.07922785145980858, 0.08131720193097491, 0.04266032333370139, 0.04908708362715433, 0.1500663266299739, 0.27769720678449383, 0.10873745154088278, 0.31546182855681054, 0.21216258553054992, 0.09719665162821498, 0.18552336840820027, 0.06461329116396818, 0.08209157118668124, Inf, 0.19489257060178788, 0.12225299302388644, 0.20269765885222027]
[0.16457937620691498, 0.21915289746375527, 0.19461382353455858, 0.12868822981671393, 0.053043036918241936, 0.19370840861611197, 0.07295954681452457, 0.0780799328562231, 0.2520764891893233, 0.2735782801786753, 0.21982238263253567, 0.1858196620104936, 0.09178159541291389, 0.0837223231697466, 0.08843507532206034, 0.25848754874097696, 0.017524340356520708, 0.28278001043460765, 0.12261763253380306, 0.20263235014748082, 0.16575454104723147, 0.19489257060178788, Inf, 0.14118279226488079, 0.041237015364066314]
[0.02375846804323867, 0.14259070321243747, 0.13145381503574732, 0.018798525571755573, 0.18920395331925474, 0.08603816860969454, 0.06945598150729439, 0.20479119798485787, 0.13667943244093975, 0.19743786735731883, 0.16410007012661448, 0.08102982488523205, 0.1640053098968265, 0.20617990063408217, 0.10561936192410466, 0.35957773576661967, 0.15681158395153813, 0.21750883095131412, 0.06724348486318359, 0.1732945498310295, 0.1624525954500204, 0.12225299302388644, 0.14118279226488079, Inf, 0.12320648210937261]
[0.1447785041889719, 0.22720827715306582, 0.20503029248497986, 0.11545670647332212, 0.06957557061941812, 0.19100538428075706, 0.06601356293421097, 0.08162058759144758, 0.24883196191227122, 0.2837292630240528, 0.23365029495426282, 0.18353471732858892, 0.1271965668298432, 0.08309521701434727, 0.10663124633700523, 0.29970287639073845, 0.046243395987988434, 0.2962437772150409, 0.08831158021837889, 0.2223653701171209, 0.18957911328410385, 0.20269765885222027, 0.041237015364066314, 0.12320648210937261, Inf]
data points matrix is :
 [0.45459445309136787, 0.3838108228671067]
[0.4652226733555641, 0.5278537804206662]
[0.48937326981261475, 0.5168443124381442]
[0.49275776621166395, 0.39783256387396815]
[0.6620277166943038, 0.34081464627051716]
[0.4503607452857844, 0.46724843320891307]
[0.5476835626945615, 0.38811955700340595]
[0.6692309069966512, 0.3118931922391819]
[0.4011120504922035, 0.4986826969278628]
[0.4414896457831014, 0.579843558790837]
[0.4898920841722475, 0.5495483312220006]
[0.4577323474440232, 0.46424613584269225]
[0.6229389532848197, 0.4631070485317132]
[0.6671096193147058, 0.30311048272102237]
[0.5669902019238784, 0.4431596707652]
[0.7900778088246487, 0.5649375286939947]
[0.6331783619746449, 0.36153970194807]
[0.4552064640139459, 0.6021439477340002]
[0.5054768743637857, 0.32436957450023585]
[0.5270572243811875, 0.5521443921094072]
[0.559813206855756, 0.5263620726138291]
[0.47977770146782334, 0.5081043636338897]
[0.6187069593497478, 0.37142307237517136]
[0.47826432109460637, 0.3858607381021492]
[0.5924624797884833, 0.3396155460850838]




 AdNNnew 
obj val AdNNnew 15.616907479546384
x vector is :
 [1.022808809801234e-9, 1.0115541288248922e-9, 1.0, 0.9999999989362298, 1.0294074032001472e-9, 0.9999999974567585, 1.0, 1.0003975584123526e-9, 1.0583680889414242e-9, 9.844757039217081e-10, 1.0, 0.9999999974319635, 1.0016143162536523e-9, 1.0086376854084128e-9, 1.0577839937054075e-9, 0.9999999973868999, 1.0, 1.041705545469284e-9, 1.0554361958657797e-9, 1.0159581413798693e-9, 1.0, 0.9999999974578132, 1.008361631058542e-9, 1.0009496462182467e-9, 1.0328753722642875e-9]y vector is :
 [1.022808814801234, 1.0115541338248921, 0.0, 0.01784887641633015, 1.0294074082001472, 5.747500196251476e-5, 0.0005440418741051722, 1.0003975634123525, 1.0583680939414242, 0.984475708921708, 0.02129755255574084, 0.007902073046798758, 1.0016143212536521, 1.0086376904084127, 1.0577839987054074, 0.19410191350409256, 0.006114600856846271, 1.041705550469284, 1.0554362008657796, 1.0159581463798693, 0.02572737031052119, 0.01297928025474937, 1.008361636058542, 1.0009496512182465, 1.0328753772642874]z matrix is :
 [0.0, 1.999999997965637, 0.9999999989771912, 1.0000000020409618, 1.9999999979477838, 1.0000000020204325, 0.9999999989771912, 1.9999999979767937, 1.9999999979188232, 1.9999999979927157, 0.9999999989771912, 1.0000000020452275, 1.999999997975577, 1.9999999979685537, 1.9999999979194072, 1.0000000020902913, 0.9999999989771912, 1.9999999979354857, 1.999999997921755, 1.999999997961233, 0.9999999989771912, 1.0000000020193778, 1.9999999979688297, 1.9999999979762417, 1.999999997944316]
[1.999999997965637, 0.0, 0.9999999989884458, 1.0000000020522164, 1.9999999979590384, 1.000000002031687, 0.9999999989884458, 1.9999999979880483, 1.9999999979300778, 1.9999999980039702, 0.9999999989884458, 1.000000002056482, 1.9999999979868315, 1.9999999979798082, 1.9999999979306617, 1.0000000021015458, 0.9999999989884458, 1.9999999979467402, 1.9999999979330096, 1.9999999979724876, 0.9999999989884458, 1.0000000020306323, 1.9999999979800842, 1.9999999979874963, 1.9999999979555705]
[0.9999999989771912, 0.9999999989884458, 0.0, 3.0637705705771623e-9, 0.9999999989705926, 3.0432412145842136e-9, 0.0, 0.9999999989996025, 0.9999999989416319, 0.9999999990155244, 0.0, 3.068036269482377e-9, 0.9999999989983857, 0.9999999989913624, 0.9999999989422159, 3.1131000000073072e-9, 0.0, 0.9999999989582944, 0.9999999989445638, 0.9999999989840418, 0.0, 3.0421865027108197e-9, 0.9999999989916384, 0.9999999989990505, 0.9999999989671247]
[1.0000000020409618, 1.0000000020522164, 3.0637705705771623e-9, 0.0, 1.000000002034363, 6.1070116741390734e-9, 3.06377045955486e-9, 1.000000002063373, 1.0000000020054025, 1.000000002079295, 3.06377045955486e-9, 6.131806729037237e-9, 1.0000000020621562, 1.000000002055133, 1.0000000020059865, 6.176870459562167e-9, 3.06377045955486e-9, 1.0000000020220647, 1.0000000020083344, 1.0000000020478121, 3.06377045955486e-9, 6.1059569622656795e-9, 1.0000000020554087, 1.000000002062821, 1.000000002030895]
[1.9999999979477838, 1.9999999979590384, 0.9999999989705926, 1.000000002034363, 0.0, 1.0000000020138338, 0.9999999989705926, 1.999999997970195, 1.9999999979122245, 1.999999997986117, 0.9999999989705926, 1.0000000020386288, 1.9999999979689782, 1.999999997961955, 1.9999999979128085, 1.0000000020836926, 0.9999999989705926, 1.999999997928887, 1.9999999979151564, 1.9999999979546343, 0.9999999989705926, 1.000000002012779, 1.999999997962231, 1.999999997969643, 1.9999999979377172]
[1.0000000020204325, 1.000000002031687, 3.0432412145842136e-9, 6.1070116741390734e-9, 1.0000000020138338, 0.0, 3.043241325606516e-9, 1.0000000020428437, 1.0000000019848732, 1.0000000020587656, 3.043241325606516e-9, 6.111277595088893e-9, 1.0000000020416269, 1.0000000020346036, 1.0000000019854571, 6.156341325613823e-9, 3.043241325606516e-9, 1.0000000020015358, 1.000000001987805, 1.0000000020272832, 3.043241325606516e-9, 6.085427828317336e-9, 1.0000000020348798, 1.0000000020422917, 1.000000002010366]
[0.9999999989771912, 0.9999999989884458, 0.0, 3.06377045955486e-9, 0.9999999989705926, 3.043241325606516e-9, 0.0, 0.9999999989996025, 0.9999999989416319, 0.9999999990155244, 0.0, 3.068036269482377e-9, 0.9999999989983857, 0.9999999989913624, 0.9999999989422159, 3.1131000000073072e-9, 0.0, 0.9999999989582944, 0.9999999989445638, 0.9999999989840418, 0.0, 3.0421865027108197e-9, 0.9999999989916384, 0.9999999989990505, 0.9999999989671247]
[1.9999999979767937, 1.9999999979880483, 0.9999999989996025, 1.000000002063373, 1.999999997970195, 1.0000000020428437, 0.9999999989996025, 0.0, 1.9999999979412344, 1.9999999980151268, 0.9999999989996025, 1.0000000020676387, 1.999999997997988, 1.9999999979909648, 1.9999999979418184, 1.0000000021127025, 0.9999999989996025, 1.9999999979578968, 1.9999999979441663, 1.9999999979836443, 0.9999999989996025, 1.000000002041789, 1.9999999979912408, 1.999999997998653, 1.9999999979667271]
[1.9999999979188232, 1.9999999979300778, 0.9999999989416319, 1.0000000020054025, 1.9999999979122245, 1.0000000019848732, 0.9999999989416319, 1.9999999979412344, 0.0, 1.9999999979571563, 0.9999999989416319, 1.0000000020096682, 1.9999999979400176, 1.9999999979329943, 1.9999999978838479, 1.000000002054732, 0.9999999989416319, 1.9999999978999263, 1.9999999978861958, 1.9999999979256737, 0.9999999989416319, 1.0000000019838184, 1.9999999979332703, 1.9999999979406824, 1.9999999979087566]
[1.9999999979927157, 1.9999999980039702, 0.9999999990155244, 1.000000002079295, 1.999999997986117, 1.0000000020587656, 0.9999999990155244, 1.9999999980151268, 1.9999999979571563, 0.0, 0.9999999990155243, 1.0000000020835607, 1.99999999801391, 1.9999999980068868, 1.9999999979577403, 1.0000000021286244, 0.9999999990155243, 1.9999999979738188, 1.9999999979600882, 1.9999999979995662, 0.9999999990155243, 1.000000002057711, 1.9999999980071628, 1.9999999980145748, 1.999999997982649]
[0.9999999989771912, 0.9999999989884458, 0.0, 3.06377045955486e-9, 0.9999999989705926, 3.043241325606516e-9, 0.0, 0.9999999989996025, 0.9999999989416319, 0.9999999990155243, 0.0, 3.068036269482377e-9, 0.9999999989983857, 0.9999999989913624, 0.9999999989422159, 3.1131000000073072e-9, 0.0, 0.9999999989582944, 0.9999999989445638, 0.9999999989840418, 0.0, 3.0421865027108197e-9, 0.9999999989916384, 0.9999999989990505, 0.9999999989671247]
[1.0000000020452275, 1.000000002056482, 3.068036269482377e-9, 6.131806729037237e-9, 1.0000000020386288, 6.111277595088893e-9, 3.068036269482377e-9, 1.0000000020676387, 1.0000000020096682, 1.0000000020835607, 3.068036269482377e-9, 0.0, 1.000000002066422, 1.0000000020593987, 1.0000000020102522, 6.181136269489684e-9, 3.068036269482377e-9, 1.0000000020263307, 1.0000000020126, 1.000000002052078, 3.068036269482377e-9, 6.110222772193197e-9, 1.0000000020596747, 1.0000000020670867, 1.000000002035161]
[1.999999997975577, 1.9999999979868315, 0.9999999989983857, 1.0000000020621562, 1.9999999979689782, 1.0000000020416269, 0.9999999989983857, 1.999999997997988, 1.9999999979400176, 1.99999999801391, 0.9999999989983857, 1.000000002066422, 0.0, 1.999999997989748, 1.9999999979406016, 1.0000000021114857, 0.9999999989983857, 1.99999999795668, 1.9999999979429495, 1.9999999979824274, 0.9999999989983857, 1.0000000020405722, 1.999999997990024, 1.999999997997436, 1.9999999979655103]
[1.9999999979685537, 1.9999999979798082, 0.9999999989913624, 1.000000002055133, 1.999999997961955, 1.0000000020346036, 0.9999999989913624, 1.9999999979909648, 1.9999999979329943, 1.9999999980068868, 0.9999999989913624, 1.0000000020593987, 1.999999997989748, 0.0, 1.9999999979335783, 1.0000000021044624, 0.9999999989913623, 1.9999999979496568, 1.9999999979359262, 1.9999999979754042, 0.9999999989913623, 1.0000000020335489, 1.9999999979830008, 1.9999999979904128, 1.999999997958487]
[1.9999999979194072, 1.9999999979306617, 0.9999999989422159, 1.0000000020059865, 1.9999999979128085, 1.0000000019854571, 0.9999999989422159, 1.9999999979418184, 1.9999999978838479, 1.9999999979577403, 0.9999999989422159, 1.0000000020102522, 1.9999999979406016, 1.9999999979335783, 0.0, 1.000000002055316, 0.9999999989422159, 1.9999999979005103, 1.9999999978867797, 1.9999999979262577, 0.9999999989422159, 1.0000000019844024, 1.9999999979338543, 1.9999999979412664, 1.9999999979093406]
[1.0000000020902913, 1.0000000021015458, 3.1131000000073072e-9, 6.176870459562167e-9, 1.0000000020836926, 6.156341325613823e-9, 3.1131000000073072e-9, 1.0000000021127025, 1.000000002054732, 1.0000000021286244, 3.1131000000073072e-9, 6.181136269489684e-9, 1.0000000021114857, 1.0000000021044624, 1.000000002055316, 0.0, 3.1130998889850048e-9, 1.0000000020713942, 1.0000000020576638, 1.0000000020971416, 3.1130998889850048e-9, 6.1552863916958245e-9, 1.0000000021047382, 1.0000000021121505, 1.0000000020802244]
[0.9999999989771912, 0.9999999989884458, 0.0, 3.06377045955486e-9, 0.9999999989705926, 3.043241325606516e-9, 0.0, 0.9999999989996025, 0.9999999989416319, 0.9999999990155243, 0.0, 3.068036269482377e-9, 0.9999999989983857, 0.9999999989913623, 0.9999999989422159, 3.1130998889850048e-9, 0.0, 0.9999999989582944, 0.9999999989445638, 0.9999999989840418, 0.0, 3.0421865027108197e-9, 0.9999999989916384, 0.9999999989990505, 0.9999999989671247]
[1.9999999979354857, 1.9999999979467402, 0.9999999989582944, 1.0000000020220647, 1.999999997928887, 1.0000000020015358, 0.9999999989582944, 1.9999999979578968, 1.9999999978999263, 1.9999999979738188, 0.9999999989582944, 1.0000000020263307, 1.99999999795668, 1.9999999979496568, 1.9999999979005103, 1.0000000020713942, 0.9999999989582944, 0.0, 1.9999999979028582, 1.9999999979423362, 0.9999999989582944, 1.000000002000481, 1.9999999979499328, 1.9999999979573448, 1.999999997925419]
[1.999999997921755, 1.9999999979330096, 0.9999999989445638, 1.0000000020083344, 1.9999999979151564, 1.000000001987805, 0.9999999989445638, 1.9999999979441663, 1.9999999978861958, 1.9999999979600882, 0.9999999989445638, 1.0000000020126, 1.9999999979429495, 1.9999999979359262, 1.9999999978867797, 1.0000000020576638, 0.9999999989445638, 1.9999999979028582, 0.0, 1.9999999979286056, 0.9999999989445638, 1.0000000019867503, 1.9999999979362022, 1.9999999979436143, 1.9999999979116885]
[1.999999997961233, 1.9999999979724876, 0.9999999989840418, 1.0000000020478121, 1.9999999979546343, 1.0000000020272832, 0.9999999989840418, 1.9999999979836443, 1.9999999979256737, 1.9999999979995662, 0.9999999989840418, 1.000000002052078, 1.9999999979824274, 1.9999999979754042, 1.9999999979262577, 1.0000000020971416, 0.9999999989840418, 1.9999999979423362, 1.9999999979286056, 0.0, 0.9999999989840419, 1.0000000020262283, 1.9999999979756802, 1.9999999979830922, 1.9999999979511665]
[0.9999999989771912, 0.9999999989884458, 0.0, 3.06377045955486e-9, 0.9999999989705926, 3.043241325606516e-9, 0.0, 0.9999999989996025, 0.9999999989416319, 0.9999999990155243, 0.0, 3.068036269482377e-9, 0.9999999989983857, 0.9999999989913623, 0.9999999989422159, 3.1130998889850048e-9, 0.0, 0.9999999989582944, 0.9999999989445638, 0.9999999989840419, 0.0, 3.0421865027108197e-9, 0.9999999989916384, 0.9999999989990505, 0.9999999989671247]
[1.0000000020193778, 1.0000000020306323, 3.0421865027108197e-9, 6.1059569622656795e-9, 1.000000002012779, 6.085427828317336e-9, 3.0421865027108197e-9, 1.000000002041789, 1.0000000019838184, 1.000000002057711, 3.0421865027108197e-9, 6.110222772193197e-9, 1.0000000020405722, 1.0000000020335489, 1.0000000019844024, 6.1552863916958245e-9, 3.0421865027108197e-9, 1.000000002000481, 1.0000000019867503, 1.0000000020262283, 3.0421865027108197e-9, 0.0, 1.000000002033825, 1.000000002041237, 1.0000000020093114]
[1.9999999979688297, 1.9999999979800842, 0.9999999989916384, 1.0000000020554087, 1.999999997962231, 1.0000000020348798, 0.9999999989916384, 1.9999999979912408, 1.9999999979332703, 1.9999999980071628, 0.9999999989916384, 1.0000000020596747, 1.999999997990024, 1.9999999979830008, 1.9999999979338543, 1.0000000021047382, 0.9999999989916384, 1.9999999979499328, 1.9999999979362022, 1.9999999979756802, 0.9999999989916384, 1.000000002033825, 0.0, 1.9999999979906888, 1.999999997958763]
[1.9999999979762417, 1.9999999979874963, 0.9999999989990505, 1.000000002062821, 1.999999997969643, 1.0000000020422917, 0.9999999989990505, 1.999999997998653, 1.9999999979406824, 1.9999999980145748, 0.9999999989990505, 1.0000000020670867, 1.999999997997436, 1.9999999979904128, 1.9999999979412664, 1.0000000021121505, 0.9999999989990505, 1.9999999979573448, 1.9999999979436143, 1.9999999979830922, 0.9999999989990505, 1.000000002041237, 1.9999999979906888, 0.0, 1.9999999979661751]
[1.999999997944316, 1.9999999979555705, 0.9999999989671247, 1.000000002030895, 1.9999999979377172, 1.000000002010366, 0.9999999989671247, 1.9999999979667271, 1.9999999979087566, 1.999999997982649, 0.9999999989671247, 1.000000002035161, 1.9999999979655103, 1.999999997958487, 1.9999999979093406, 1.0000000020802244, 0.9999999989671247, 1.999999997925419, 1.9999999979116885, 1.9999999979511665, 0.9999999989671247, 1.0000000020093114, 1.999999997958763, 1.9999999979661751, 0.0]
w vector is :
 [1.022808814801234, 1.0115541338248921, 0.0, 0.01784887641633015, 1.0294074082001472, 5.747500196251476e-5, 0.0005440418741051722, 1.0003975634123525, 1.0583680939414242, 0.984475708921708, 0.02129755255574084, 0.007902073046798758, 1.0016143212536521, 1.0086376904084127, 1.0577839987054074, 0.19410191350409256, 0.006114600856846271, 1.041705550469284, 1.0554362008657796, 1.0159581463798693, 0.02572737031052119, 0.01297928025474937, 1.008361636058542, 1.0009496512182465, 1.0328753772642874]p matrix is :
 [0.0, 0.0, 0.0, 0.0, 0.0, 0.0, 0.0, 0.0, 0.0, 0.0, 0.0, 0.0, 0.0, 0.0, 0.0, 0.0, 0.0, 0.0, 0.0, 0.0, 0.0, 0.0, 0.0, 0.0, 0.0]
[0.0, 0.0, 0.0, 0.0, 0.0, 0.0, 0.0, 0.0, 0.0, 0.0, 0.0, 0.0, 0.0, 0.0, 0.0, 0.0, 0.0, 0.0, 0.0, 0.0, 0.0, 0.0, 0.0, 0.0, 0.0]
[0.0, 0.0, 0.0, 0.0, 0.0, 0.0, 0.0, 0.0, 0.0, 0.0, 0.0, 0.0, 0.0, 0.0, 0.0, 0.0, 0.0, 0.0, 0.0, 0.0, 0.0, 0.0, 0.0, 0.0, 0.0]
[0.0, 0.0, 0.0, 0.0, 0.0, 0.0, 0.0, 0.0, 0.0, 0.0, 0.0, 0.0, 0.0, 0.0, 0.0, 0.0, 0.0, 0.0, 0.0, 0.0, 0.0, 0.0, 0.0, 0.0, 0.0]
[0.0, 0.0, 0.0, 0.0, 0.0, 0.0, 0.0, 0.0, 0.0, 0.0, 0.0, 0.0, 0.0, 0.0, 0.0, 0.0, 0.0, 0.0, 0.0, 0.0, 0.0, 0.0, 0.0, 0.0, 0.0]
[0.0, 0.0, 0.0, 0.0, 0.0, 0.0, 0.0, 0.0, 0.0, 0.0, 0.0, 0.0, 0.0, 0.0, 0.0, 0.0, 0.0, 0.0, 0.0, 0.0, 0.0, 0.0, 0.0, 0.0, 0.0]
[0.0, 0.0, 0.0, 0.0, 0.0, 0.0, 0.0, 0.0, 0.0, 0.0, 0.0, 0.0, 0.0, 0.0, 0.0, 0.0, 0.0, 0.0, 0.0, 0.0, 0.0, 0.0, 0.0, 0.0, 0.0]
[0.0, 0.0, 0.0, 0.0, 0.0, 0.0, 0.0, 0.0, 0.0, 0.0, 0.0, 0.0, 0.0, 0.0, 0.0, 0.0, 0.0, 0.0, 0.0, 0.0, 0.0, 0.0, 0.0, 0.0, 0.0]
[0.0, 0.0, 0.0, 0.0, 0.0, 0.0, 0.0, 0.0, 0.0, 0.0, 0.0, 0.0, 0.0, 0.0, 0.0, 0.0, 0.0, 0.0, 0.0, 0.0, 0.0, 0.0, 0.0, 0.0, 0.0]
[0.0, 0.0, 0.0, 0.0, 0.0, 0.0, 0.0, 0.0, 0.0, 0.0, 0.0, 0.0, 0.0, 0.0, 0.0, 0.0, 0.0, 0.0, 0.0, 0.0, 0.0, 0.0, 0.0, 0.0, 0.0]
[0.0, 0.0, 0.0, 0.0, 0.0, 0.0, 0.0, 0.0, 0.0, 0.0, 0.0, 0.0, 0.0, 0.0, 0.0, 0.0, 0.0, 0.0, 0.0, 0.0, 0.0, 0.0, 0.0, 0.0, 0.0]
[0.0, 0.0, 0.0, 0.0, 0.0, 0.0, 0.0, 0.0, 0.0, 0.0, 0.0, 0.0, 0.0, 0.0, 0.0, 0.0, 0.0, 0.0, 0.0, 0.0, 0.0, 0.0, 0.0, 0.0, 0.0]
[0.0, 0.0, 0.0, 0.0, 0.0, 0.0, 0.0, 0.0, 0.0, 0.0, 0.0, 0.0, 0.0, 0.0, 0.0, 0.0, 0.0, 0.0, 0.0, 0.0, 0.0, 0.0, 0.0, 0.0, 0.0]
[0.0, 0.0, 0.0, 0.0, 0.0, 0.0, 0.0, 0.0, 0.0, 0.0, 0.0, 0.0, 0.0, 0.0, 0.0, 0.0, 0.0, 0.0, 0.0, 0.0, 0.0, 0.0, 0.0, 0.0, 0.0]
[0.0, 0.0, 0.0, 0.0, 0.0, 0.0, 0.0, 0.0, 0.0, 0.0, 0.0, 0.0, 0.0, 0.0, 0.0, 0.0, 0.0, 0.0, 0.0, 0.0, 0.0, 0.0, 0.0, 0.0, 0.0]
[0.0, 0.0, 0.0, 0.0, 0.0, 0.0, 0.0, 0.0, 0.0, 0.0, 0.0, 0.0, 0.0, 0.0, 0.0, 0.0, 0.0, 0.0, 0.0, 0.0, 0.0, 0.0, 0.0, 0.0, 0.0]
[0.0, 0.0, 0.0, 0.0, 0.0, 0.0, 0.0, 0.0, 0.0, 0.0, 0.0, 0.0, 0.0, 0.0, 0.0, 0.0, 0.0, 0.0, 0.0, 0.0, 0.0, 0.0, 0.0, 0.0, 0.0]
[0.0, 0.0, 0.0, 0.0, 0.0, 0.0, 0.0, 0.0, 0.0, 0.0, 0.0, 0.0, 0.0, 0.0, 0.0, 0.0, 0.0, 0.0, 0.0, 0.0, 0.0, 0.0, 0.0, 0.0, 0.0]
[0.0, 0.0, 0.0, 0.0, 0.0, 0.0, 0.0, 0.0, 0.0, 0.0, 0.0, 0.0, 0.0, 0.0, 0.0, 0.0, 0.0, 0.0, 0.0, 0.0, 0.0, 0.0, 0.0, 0.0, 0.0]
[0.0, 0.0, 0.0, 0.0, 0.0, 0.0, 0.0, 0.0, 0.0, 0.0, 0.0, 0.0, 0.0, 0.0, 0.0, 0.0, 0.0, 0.0, 0.0, 0.0, 0.0, 0.0, 0.0, 0.0, 0.0]
[0.0, 0.0, 0.0, 0.0, 0.0, 0.0, 0.0, 0.0, 0.0, 0.0, 0.0, 0.0, 0.0, 0.0, 0.0, 0.0, 0.0, 0.0, 0.0, 0.0, 0.0, 0.0, 0.0, 0.0, 0.0]
[0.0, 0.0, 0.0, 0.0, 0.0, 0.0, 0.0, 0.0, 0.0, 0.0, 0.0, 0.0, 0.0, 0.0, 0.0, 0.0, 0.0, 0.0, 0.0, 0.0, 0.0, 0.0, 0.0, 0.0, 0.0]
[0.0, 0.0, 0.0, 0.0, 0.0, 0.0, 0.0, 0.0, 0.0, 0.0, 0.0, 0.0, 0.0, 0.0, 0.0, 0.0, 0.0, 0.0, 0.0, 0.0, 0.0, 0.0, 0.0, 0.0, 0.0]
[0.0, 0.0, 0.0, 0.0, 0.0, 0.0, 0.0, 0.0, 0.0, 0.0, 0.0, 0.0, 0.0, 0.0, 0.0, 0.0, 0.0, 0.0, 0.0, 0.0, 0.0, 0.0, 0.0, 0.0, 0.0]
[0.0, 0.0, 0.0, 0.0, 0.0, 0.0, 0.0, 0.0, 0.0, 0.0, 0.0, 0.0, 0.0, 0.0, 0.0, 0.0, 0.0, 0.0, 0.0, 0.0, 0.0, 0.0, 0.0, 0.0, 0.0]
