Academic license - for non-commercial use only
Academic license - for non-commercial use only
Optimize a model with 3080 rows, 1325 columns and 8000 nonzeros
Variable types: 1300 continuous, 25 integer (25 binary)
Coefficient statistics:
  Matrix range     [1e+00, 1e+09]
  Objective range  [1e+00, 1e+00]
  Bounds range     [0e+00, 0e+00]
  RHS range        [2e-03, 2e+00]
Warning: Model contains large matrix coefficients
         Consider reformulating model or setting NumericFocus parameter
         to avoid numerical issues.
Found heuristic solution: objective -0.0000000
Presolve removed 2150 rows and 975 columns
Presolve time: 0.00s
Presolved: 930 rows, 350 columns, 2775 nonzeros
Variable types: 325 continuous, 25 integer (25 binary)

Root relaxation: objective 1.551105e+01, 49 iterations, 0.00 seconds

    Nodes    |    Current Node    |     Objective Bounds      |     Work
 Expl Unexpl |  Obj  Depth IntInf | Incumbent    BestBd   Gap | It/Node Time

*    0     0               0      15.5110524   15.51105  0.00%     -    0s

Explored 0 nodes (64 simplex iterations) in 0.02 seconds
Thread count was 24 (of 24 available processors)

Solution count 2: 15.5111 -0 

Optimal solution found (tolerance 1.00e-04)
Best objective 1.551105242274e+01, best bound 1.551105242274e+01, gap 0.0000%
num_cluster is 5
card is 5
visit_m is 2
limits_ is [1, 1]
dim is 2
sum dis 87.05782784845509

dis_mat matrix is :
 [Inf, 0.09220137661329007, 0.18571078653442052, 0.1860770035832278, 0.3169156937042411, 0.30642526191885006, 0.28591667873825494, 0.11283096743687027, 0.15381268749952998, 0.18614805390358982, 0.19295558227420082, 0.2679289785908046, 0.24248460219747212, 0.17259006881402605, 0.10300976053493822, 0.18621967933995964, 0.2718655453837164, 0.23065728144658554, 0.052575135628645436, 0.1762259892411624, 0.286564773053657, 0.15336260179865752, 0.2797989224840999, 0.18607881786538694, 0.0798559472180966]
[0.09220137661329007, Inf, 0.172730186194914, 0.10864164162651546, 0.22543709647308363, 0.22514151430561377, 0.2949152924967147, 0.051058582006360646, 0.10584048792300257, 0.10806467402519931, 0.15818422797021695, 0.18319528649135752, 0.22410665184110498, 0.11720617747202298, 0.043556508264901844, 0.14287994546871202, 0.1986497935587362, 0.205241819777452, 0.12016548491078684, 0.09067685098051168, 0.22207421915329142, 0.070739515052977, 0.19949439319172746, 0.11823274705511089, 0.06353948772734046]
[0.18571078653442052, 0.172730186194914, Inf, 0.13720888087801805, 0.2801981756427721, 0.214499631494007, 0.12587102271863831, 0.12474979510311526, 0.07993942390029886, 0.13897338105861928, 0.0434911400582826, 0.20067997940659577, 0.05677609712487602, 0.08729008399800779, 0.129805468955705, 0.06117884029576175, 0.16457639182128417, 0.048199602021607155, 0.1505754393551295, 0.15901205169057192, 0.15282651188418653, 0.14684260745759925, 0.19182387796884848, 0.11354174490930957, 0.22585843262907906]
[0.1860770035832278, 0.10864164162651546, 0.13720888087801805, Inf, 0.15140150529316906, 0.12035559734444279, 0.25880482685661244, 0.07349157184100266, 0.06265268219581187, 0.0018751836275929827, 0.09930197248209485, 0.0842642883183547, 0.16706880817364633, 0.04994335364523639, 0.08309613903137972, 0.07861075027989524, 0.09001830851347388, 0.1436750341506929, 0.18891481009383934, 0.02926737892669278, 0.11615270002282135, 0.038528575608036957, 0.09372922063863433, 0.025152735683682884, 0.17100266353539958]
[0.3169156937042411, 0.22543709647308363, 0.2801981756427721, 0.15140150529316906, Inf, 0.09661896430664903, 0.3897848998200649, 0.2148156424269047, 0.2133965966349402, 0.1501455336102943, 0.23748118169388732, 0.08180914644543417, 0.2930852714606875, 0.19740841712635462, 0.2220281631385571, 0.2190700729642456, 0.13481138751431482, 0.2702541553133415, 0.3327649268274103, 0.1458364018455963, 0.17157518400307298, 0.16906148432000417, 0.10192346863178929, 0.16992558294284815, 0.27086437000927016]
[0.30642526191885006, 0.22514151430561377, 0.214499631494007, 0.12035559734444279, 0.09661896430664903, Inf, 0.3084981475263949, 0.19379136628779695, 0.16794738053659647, 0.12028201436786538, 0.1713760323487793, 0.045415194748508525, 0.2130346201995757, 0.1479122679028184, 0.20345100662970986, 0.15776439751748383, 0.05033624965135742, 0.1922312209921675, 0.3066591066882012, 0.13458477026149168, 0.07893205477104717, 0.15507685729995327, 0.026809808857122083, 0.12494984910633963, 0.28400361012746356]
[0.28591667873825494, 0.2949152924967147, 0.12587102271863831, 0.25880482685661244, 0.3897848998200649, 0.3084981475263949, Inf, 0.2493745766561094, 0.20546913768023087, 0.2606516445063815, 0.15951104700306418, 0.3079837124673803, 0.09671821361408928, 0.2100650795688247, 0.25336478012731223, 0.1801947025478331, 0.25953903041278364, 0.11964413162621267, 0.23826841048191835, 0.28304126540123087, 0.2321590683051607, 0.2723894958507626, 0.2916147239060888, 0.23392483628917046, 0.3418809459969973]
[0.11283096743687027, 0.051058582006360646, 0.12474979510311526, 0.07349157184100266, 0.2148156424269047, 0.19379136628779695, 0.2493745766561094, Inf, 0.05482879133449726, 0.0736958737976114, 0.10720445688478882, 0.1567619992799619, 0.17401460974030047, 0.06765075408138456, 0.010201639364900974, 0.09191002132378659, 0.15964855703828013, 0.15455754772896843, 0.11821810948195573, 0.06901560048155647, 0.17783331961038945, 0.04578029702438313, 0.16709247595929483, 0.07449850708058092, 0.11255507040197126]
[0.15381268749952998, 0.10584048792300257, 0.07993942390029886, 0.06265268219581187, 0.2133965966349402, 0.16794738053659647, 0.20546913768023087, 0.05482879133449726, Inf, 0.0641444649106241, 0.053272801980543495, 0.14072658883621944, 0.12228656733877076, 0.020445798801623026, 0.06343709340157169, 0.03709444399823103, 0.12474807913513468, 0.10139630013211764, 0.14155556497371008, 0.08005452418541555, 0.13346984712249252, 0.06693957916160481, 0.14167721904985253, 0.04474858909715684, 0.16696009507212323]
[0.18614805390358982, 0.10806467402519931, 0.13897338105861928, 0.0018751836275929827, 0.1501455336102943, 0.12028201436786538, 0.2606516445063815, 0.0736958737976114, 0.0641444649106241, Inf, 0.10115224783936594, 0.08369041261284046, 0.16894330132460514, 0.05169436734663313, 0.08321558480223094, 0.08045695382830732, 0.09066316975425401, 0.1455501871336396, 0.18950201481683504, 0.027592049441245495, 0.11727115099152763, 0.037722727508815265, 0.09371505505273632, 0.02702686865871421, 0.17026323002344726]
[0.19295558227420082, 0.15818422797021695, 0.0434911400582826, 0.09930197248209485, 0.23748118169388732, 0.1713760323487793, 0.15951104700306418, 0.10720445688478882, 0.053272801980543495, 0.10115224783936594, Inf, 0.1574269785986321, 0.07003639504754675, 0.05147712662257987, 0.11493356994674829, 0.020725138180293996, 0.12175125387396206, 0.04825608904274493, 0.1681495835903399, 0.12434524648222882, 0.11378951107944935, 0.11669760571902286, 0.1483914027346526, 0.07443291951429869, 0.21763000191191276]
[0.2679289785908046, 0.18319528649135752, 0.20067997940659577, 0.0842642883183547, 0.08180914644543417, 0.045415194748508525, 0.3079837124673803, 0.1567619992799619, 0.14072658883621944, 0.08369041261284046, 0.1574269785986321, Inf, 0.21127874094496574, 0.12239293593198997, 0.16584725786478063, 0.14010262844354512, 0.05697730166945437, 0.1884924628658802, 0.27317730498076387, 0.09270781422864767, 0.09629711013465493, 0.11473710581075817, 0.0285353850776063, 0.09597852849581698, 0.2403718575693433]
[0.24248460219747212, 0.22410665184110498, 0.05677609712487602, 0.16706880817364633, 0.2930852714606875, 0.2130346201995757, 0.09671821361408928, 0.17401460974030047, 0.12228656733877076, 0.16894330132460514, 0.07003639504754675, 0.21127874094496574, Inf, 0.12125813614098553, 0.1805666375155904, 0.09012778337215287, 0.16347753084881173, 0.023630508082596653, 0.2061199976722607, 0.1935179525972189, 0.13899330666589757, 0.18673077503099972, 0.19519540754496095, 0.14191688583616158, 0.28019899813416804]
[0.17259006881402605, 0.11720617747202298, 0.08729008399800779, 0.04994335364523639, 0.19740841712635462, 0.1479122679028184, 0.2100650795688247, 0.06765075408138456, 0.020445798801623026, 0.05169436734663313, 0.05147712662257987, 0.12239293593198997, 0.12125813614098553, Inf, 0.0773059444980913, 0.031142872883513115, 0.10430338516207659, 0.09869441109678968, 0.16193823443956423, 0.07305465130999209, 0.11403162318895538, 0.06586963946844963, 0.12182133822004311, 0.02750737473425413, 0.17994758088280502]
[0.10300976053493822, 0.043556508264901844, 0.129805468955705, 0.08309613903137972, 0.2220281631385571, 0.20345100662970986, 0.25336478012731223, 0.010201639364900974, 0.06343709340157169, 0.08321558480223094, 0.11493356994674829, 0.16584725786478063, 0.1805666375155904, 0.0773059444980913, Inf, 0.10049176381715552, 0.16977521247172425, 0.16173328719648505, 0.11074025358997826, 0.07663404310050717, 0.18800119523083245, 0.05318627074871926, 0.17679849421085436, 0.08469730008407166, 0.10352730368507108]
[0.18621967933995964, 0.14287994546871202, 0.06117884029576175, 0.07861075027989524, 0.2190700729642456, 0.15776439751748383, 0.1801947025478331, 0.09191002132378659, 0.03709444399823103, 0.08045695382830732, 0.020725138180293996, 0.14010262844354512, 0.09012778337215287, 0.031142872883513115, 0.10049176381715552, Inf, 0.10947005635598898, 0.06758744299401165, 0.16685391900146723, 0.10371094017911475, 0.10795415591951839, 0.09687999066210576, 0.13352869991386196, 0.05383638257581534, 0.2039854735348258]
[0.2718655453837164, 0.1986497935587362, 0.16457639182128417, 0.09001830851347388, 0.13481138751431482, 0.05033624965135742, 0.25953903041278364, 0.15964855703828013, 0.12474807913513468, 0.09066316975425401, 0.12175125387396206, 0.05697730166945437, 0.16347753084881173, 0.10430338516207659, 0.16977521247172425, 0.10947005635598898, Inf, 0.14222652656568158, 0.2660132916416002, 0.11274944828902722, 0.03954807286382519, 0.12833618575886527, 0.032995273944051585, 0.0858441681825757, 0.2608802675124284]
[0.23065728144658554, 0.205241819777452, 0.048199602021607155, 0.1436750341506929, 0.2702541553133415, 0.1922312209921675, 0.11964413162621267, 0.15455754772896843, 0.10139630013211764, 0.1455501871336396, 0.04825608904274493, 0.1884924628658802, 0.023630508082596653, 0.09869441109678968, 0.16173328719648505, 0.06758744299401165, 0.14222652656568158, Inf, 0.19818803574166852, 0.17042855578971255, 0.1206457186336941, 0.16446097776985766, 0.17336519116782467, 0.11853507202132184, 0.26311327539912227]
[0.052575135628645436, 0.12016548491078684, 0.1505754393551295, 0.18891481009383934, 0.3327649268274103, 0.3066591066882012, 0.23826841048191835, 0.11821810948195573, 0.14155556497371008, 0.18950201481683504, 0.1681495835903399, 0.27317730498076387, 0.2061199976722607, 0.16193823443956423, 0.11074025358997826, 0.16685391900146723, 0.2660132916416002, 0.19818803574166852, Inf, 0.1871623492576935, 0.27356231133796427, 0.1637842287056686, 0.27990195990746736, 0.18186861144668612, 0.1285876571751536]
[0.1762259892411624, 0.09067685098051168, 0.15901205169057192, 0.02926737892669278, 0.1458364018455963, 0.13458477026149168, 0.28304126540123087, 0.06901560048155647, 0.08005452418541555, 0.027592049441245495, 0.12434524648222882, 0.09270781422864767, 0.1935179525972189, 0.07305465130999209, 0.07663404310050717, 0.10371094017911475, 0.11274944828902722, 0.17042855578971255, 0.1871623492576935, Inf, 0.14267748841329606, 0.023452985249177084, 0.10930443122931706, 0.05283062339453811, 0.15000639961595857]
[0.286564773053657, 0.22207421915329142, 0.15282651188418653, 0.11615270002282135, 0.17157518400307298, 0.07893205477104717, 0.2321590683051607, 0.17783331961038945, 0.13346984712249252, 0.11727115099152763, 0.11378951107944935, 0.09629711013465493, 0.13899330666589757, 0.11403162318895538, 0.18800119523083245, 0.10795415591951839, 0.03954807286382519, 0.1206457186336941, 0.27356231133796427, 0.14267748841329606, Inf, 0.15428158867722538, 0.07032069462748394, 0.10409108486960775, 0.2854493404840901]
[0.15336260179865752, 0.070739515052977, 0.14684260745759925, 0.038528575608036957, 0.16906148432000417, 0.15507685729995327, 0.2723894958507626, 0.04578029702438313, 0.06693957916160481, 0.037722727508815265, 0.11669760571902286, 0.11473710581075817, 0.18673077503099972, 0.06586963946844963, 0.05318627074871926, 0.09687999066210576, 0.12833618575886527, 0.16446097776985766, 0.1637842287056686, 0.023452985249177084, 0.15428158867722538, Inf, 0.12908536225779713, 0.054110107750091625, 0.13255180996155405]
[0.2797989224840999, 0.19949439319172746, 0.19182387796884848, 0.09372922063863433, 0.10192346863178929, 0.026809808857122083, 0.2916147239060888, 0.16709247595929483, 0.14167721904985253, 0.09371505505273632, 0.1483914027346526, 0.0285353850776063, 0.19519540754496095, 0.12182133822004311, 0.17679849421085436, 0.13352869991386196, 0.032995273944051585, 0.17336519116782467, 0.27990195990746736, 0.10930443122931706, 0.07032069462748394, 0.12908536225779713, Inf, 0.09830627747716464, 0.2592147844962895]
[0.18607881786538694, 0.11823274705511089, 0.11354174490930957, 0.025152735683682884, 0.16992558294284815, 0.12494984910633963, 0.23392483628917046, 0.07449850708058092, 0.04474858909715684, 0.02702686865871421, 0.07443291951429869, 0.09597852849581698, 0.14191688583616158, 0.02750737473425413, 0.08469730008407166, 0.05383638257581534, 0.0858441681825757, 0.11853507202132184, 0.18186861144668612, 0.05283062339453811, 0.10409108486960775, 0.054110107750091625, 0.09830627747716464, Inf, 0.18174376499993322]
[0.0798559472180966, 0.06353948772734046, 0.22585843262907906, 0.17100266353539958, 0.27086437000927016, 0.28400361012746356, 0.3418809459969973, 0.11255507040197126, 0.16696009507212323, 0.17026323002344726, 0.21763000191191276, 0.2403718575693433, 0.28019899813416804, 0.17994758088280502, 0.10352730368507108, 0.2039854735348258, 0.2608802675124284, 0.26311327539912227, 0.1285876571751536, 0.15000639961595857, 0.2854493404840901, 0.13255180996155405, 0.2592147844962895, 0.18174376499993322, Inf]
data points matrix is :
 [0.5377253840834358, 0.325988806966505]
[0.4609377007013541, 0.3770255146404814]
[0.5732298413126103, 0.5082741046514659]
[0.43831556867123006, 0.48328578679200496]
[0.2937445100554625, 0.5282482691050823]
[0.3725814366157636, 0.5841049005306812]
[0.6808964607122339, 0.5734769682948104]
[0.48144856932895375, 0.42378322057909223]
[0.5004463137268877, 0.475215526253567]
[0.43669835315127103, 0.4823366147321568]
[0.5310387989981983, 0.5188284976701404]
[0.3748770993886628, 0.538747763865344]
[0.5846546789614389, 0.5638888355186675]
[0.4876358054752524, 0.49115044285112824]
[0.4840784617114444, 0.413926389861868]
[0.5120891903634124, 0.5104354240269077]
[0.4213635580242323, 0.5716935081892395]
[0.5626417186419451, 0.5552963684565217]
[0.579560401279799, 0.35783180027037736]
[0.4220624078307509, 0.4589462257455905]
[0.45012659464624405, 0.5988364223939309]
[0.44079680462652787, 0.4448371898537764]
[0.38946023562718673, 0.5632753063222622]
[0.4604367207851909, 0.49525720030604836]
[0.4588488321931906, 0.31352037210061734]




 AdNNnew 
obj val AdNNnew 15.511052422739052
x vector is :
 [9.599683024893771e-10, 1.0275586517039283e-9, 0.9999999989348745, 1.0, 1.0775986089222098e-9, 1.0, 0.9999999974565348, 1.023499918251374e-9, 1.0180906284066798e-9, 1.0018746522994376e-9, 1.0, 0.9999999975128826, 9.980604314544069e-10, 1.0023551583744976e-9, 9.867017091033253e-10, 1.0, 0.9999999973852343, 1.0209863494436045e-9, 1.0926068210866931e-9, 1.0011726064984955e-9, 1.0, 0.9999999974145422, 1.0243248476076559e-9, 1.0251522043322495e-9, 1.0359808239598727e-9]y vector is :
 [0.959968307489377, 1.027558656703928, 0.02721324962214189, 5.253262811182442e-7, 1.0775986139222098, 0.0024849552251415773, 0.09865777920508711, 1.023499923251374, 1.0180906334066797, 1.0018746572994375, 0.0017213286068336053, 0.004210534432743218, 0.9980604364544068, 1.0023551633744976, 0.9867017141033253, 0.019003809573460373, 0.0, 1.0209863544436044, 1.092606826086693, 1.0011726114984953, 0.03954807597859089, 0.022280375834967003, 1.0243248526076558, 1.0251522093322494, 1.0359808289598726]z matrix is :
 [0.0, 1.999999998012473, 1.0000000021051572, 0.9999999990400317, 1.999999997962433, 0.9999999990400317, 1.000000002083497, 1.9999999980165317, 1.999999998021941, 1.999999998038157, 0.9999999990400317, 1.0000000020271491, 1.9999999980419711, 1.9999999980376766, 1.99999999805333, 0.9999999990400317, 1.0000000021547975, 1.9999999980190453, 1.9999999979474248, 1.999999998038859, 0.9999999990400317, 1.0000000021254896, 1.9999999980157068, 1.9999999980148795, 1.9999999980040508]
[1.999999998012473, 0.0, 1.0000000020375668, 0.9999999989724413, 1.9999999978948426, 0.9999999989724413, 1.0000000020159066, 1.9999999979489413, 1.9999999979543506, 1.9999999979705667, 0.9999999989724413, 1.0000000019595587, 1.9999999979743808, 1.9999999979700862, 1.9999999979857397, 0.9999999989724413, 1.000000002087207, 1.9999999979514549, 1.9999999978798344, 1.9999999979712686, 0.9999999989724413, 1.0000000020578992, 1.9999999979481164, 1.999999997947289, 1.9999999979364604]
[1.0000000021051572, 1.0000000020375668, 0.0, 3.0651255977787173e-9, 1.000000001987527, 3.0651255977787173e-9, 6.1085908553693e-9, 1.0000000020416255, 1.000000002047035, 1.000000002063251, 3.0651255977787173e-9, 6.052243040066685e-9, 1.0000000020670652, 1.0000000020627704, 1.000000002078424, 3.0651255977787173e-9, 6.179891376412172e-9, 1.000000002044139, 1.0000000019725186, 1.000000002063953, 3.0651255977787173e-9, 6.150583486963512e-9, 1.0000000020408009, 1.0000000020399735, 1.0000000020291449]
[0.9999999990400317, 0.9999999989724413, 3.0651255977787173e-9, 0.0, 0.9999999989224013, 0.0, 3.043465257590583e-9, 0.9999999989765, 0.9999999989819093, 0.9999999989981254, 0.0, 2.9871174422879676e-9, 0.9999999990019395, 0.9999999989976449, 0.9999999990132984, 0.0, 3.114765778633455e-9, 0.9999999989790136, 0.9999999989073931, 0.9999999989988273, 0.0, 3.085457889184795e-9, 0.9999999989756752, 0.9999999989748478, 0.9999999989640191]
[1.999999997962433, 1.9999999978948426, 1.000000001987527, 0.9999999989224013, 0.0, 0.9999999989224014, 1.0000000019658666, 1.9999999978989014, 1.9999999979043106, 1.9999999979205267, 0.9999999989224014, 1.0000000019095188, 1.9999999979243408, 1.9999999979200462, 1.9999999979356997, 0.9999999989224014, 1.000000002037167, 1.999999997901415, 1.9999999978297944, 1.9999999979212286, 0.9999999989224014, 1.0000000020078592, 1.9999999978980765, 1.9999999978972491, 1.9999999978864205]
[0.9999999990400317, 0.9999999989724413, 3.0651255977787173e-9, 0.0, 0.9999999989224014, 0.0, 3.043465257590583e-9, 0.9999999989765, 0.9999999989819093, 0.9999999989981254, 0.0, 2.9871174422879676e-9, 0.9999999990019395, 0.9999999989976449, 0.9999999990132984, 0.0, 3.114765778633455e-9, 0.9999999989790136, 0.9999999989073931, 0.9999999989988273, 0.0, 3.085457889184795e-9, 0.9999999989756752, 0.9999999989748478, 0.9999999989640191]
[1.000000002083497, 1.0000000020159066, 6.1085908553693e-9, 3.043465257590583e-9, 1.0000000019658666, 3.043465257590583e-9, 0.0, 1.0000000020199653, 1.0000000020253745, 1.0000000020415907, 3.043465257590583e-9, 6.0305826998785506e-9, 1.0000000020454047, 1.0000000020411102, 1.0000000020567636, 3.043465257590583e-9, 6.158231036224038e-9, 1.0000000020224789, 1.0000000019508584, 1.0000000020422926, 3.043465257590583e-9, 6.128923146775378e-9, 1.0000000020191404, 1.000000002018313, 1.0000000020074844]
[1.9999999980165317, 1.9999999979489413, 1.0000000020416255, 0.9999999989765, 1.9999999978989014, 0.9999999989765, 1.0000000020199653, 0.0, 1.9999999979584093, 1.9999999979746255, 0.9999999989765, 1.0000000019636175, 1.9999999979784395, 1.999999997974145, 1.9999999979897984, 0.9999999989765, 1.0000000020912658, 1.9999999979555136, 1.9999999978838932, 1.9999999979753273, 0.9999999989765, 1.000000002061958, 1.9999999979521752, 1.9999999979513479, 1.9999999979405192]
[1.999999998021941, 1.9999999979543506, 1.000000002047035, 0.9999999989819093, 1.9999999979043106, 0.9999999989819093, 1.0000000020253745, 1.9999999979584093, 0.0, 1.9999999979800347, 0.9999999989819094, 1.0000000019690267, 1.9999999979838488, 1.9999999979795542, 1.9999999979952077, 0.9999999989819094, 1.000000002096675, 1.9999999979609229, 1.9999999978893024, 1.9999999979807366, 0.9999999989819094, 1.0000000020673672, 1.9999999979575844, 1.999999997956757, 1.9999999979459284]
[1.999999998038157, 1.9999999979705667, 1.000000002063251, 0.9999999989981254, 1.9999999979205267, 0.9999999989981254, 1.0000000020415907, 1.9999999979746255, 1.9999999979800347, 0.0, 0.9999999989981253, 1.0000000019852429, 1.999999998000065, 1.9999999979957703, 1.9999999980114238, 0.9999999989981253, 1.0000000021128912, 1.999999997977139, 1.9999999979055185, 1.9999999979969527, 0.9999999989981253, 1.0000000020835833, 1.9999999979738006, 1.9999999979729732, 1.9999999979621446]
[0.9999999990400317, 0.9999999989724413, 3.0651255977787173e-9, 0.0, 0.9999999989224014, 0.0, 3.043465257590583e-9, 0.9999999989765, 0.9999999989819094, 0.9999999989981253, 0.0, 2.9871174422879676e-9, 0.9999999990019395, 0.9999999989976449, 0.9999999990132984, 0.0, 3.114765778633455e-9, 0.9999999989790136, 0.9999999989073931, 0.9999999989988273, 0.0, 3.085457889184795e-9, 0.9999999989756752, 0.9999999989748478, 0.9999999989640191]
[1.0000000020271491, 1.0000000019595587, 6.052243040066685e-9, 2.9871174422879676e-9, 1.0000000019095188, 2.9871174422879676e-9, 6.0305826998785506e-9, 1.0000000019636175, 1.0000000019690267, 1.0000000019852429, 2.9871174422879676e-9, 0.0, 1.000000001989057, 1.0000000019847624, 1.0000000020004158, 2.9871174422879676e-9, 6.1018832209214224e-9, 1.000000001966131, 1.0000000018945105, 1.0000000019859447, 2.9871174422879676e-9, 6.072575331472763e-9, 1.0000000019627926, 1.0000000019619653, 1.0000000019511366]
[1.9999999980419711, 1.9999999979743808, 1.0000000020670652, 0.9999999990019395, 1.9999999979243408, 0.9999999990019395, 1.0000000020454047, 1.9999999979784395, 1.9999999979838488, 1.999999998000065, 0.9999999990019395, 1.000000001989057, 0.0, 1.9999999979995844, 1.9999999980152379, 0.9999999990019396, 1.0000000021167053, 1.999999997980953, 1.9999999979093326, 1.9999999980007668, 0.9999999990019396, 1.0000000020873974, 1.9999999979776146, 1.9999999979767873, 1.9999999979659586]
[1.9999999980376766, 1.9999999979700862, 1.0000000020627704, 0.9999999989976449, 1.9999999979200462, 0.9999999989976449, 1.0000000020411102, 1.999999997974145, 1.9999999979795542, 1.9999999979957703, 0.9999999989976449, 1.0000000019847624, 1.9999999979995844, 0.0, 1.9999999980109433, 0.9999999989976448, 1.0000000021124107, 1.9999999979766585, 1.999999997905038, 1.9999999979964722, 0.9999999989976448, 1.0000000020831028, 1.99999999797332, 1.9999999979724927, 1.999999997961664]
[1.99999999805333, 1.9999999979857397, 1.000000002078424, 0.9999999990132984, 1.9999999979356997, 0.9999999990132984, 1.0000000020567636, 1.9999999979897984, 1.9999999979952077, 1.9999999980114238, 0.9999999990132984, 1.0000000020004158, 1.9999999980152379, 1.9999999980109433, 0.0, 0.9999999990132983, 1.0000000021280642, 1.999999997992312, 1.9999999979206915, 1.9999999980121257, 0.9999999990132983, 1.0000000020987563, 1.9999999979889735, 1.9999999979881462, 1.9999999979773175]
[0.9999999990400317, 0.9999999989724413, 3.0651255977787173e-9, 0.0, 0.9999999989224014, 0.0, 3.043465257590583e-9, 0.9999999989765, 0.9999999989819094, 0.9999999989981253, 0.0, 2.9871174422879676e-9, 0.9999999990019396, 0.9999999989976448, 0.9999999990132983, 0.0, 3.114765778633455e-9, 0.9999999989790136, 0.9999999989073931, 0.9999999989988273, 0.0, 3.085457889184795e-9, 0.9999999989756752, 0.9999999989748478, 0.9999999989640191]
[1.0000000021547975, 1.000000002087207, 6.179891376412172e-9, 3.114765778633455e-9, 1.000000002037167, 3.114765778633455e-9, 6.158231036224038e-9, 1.0000000020912658, 1.000000002096675, 1.0000000021128912, 3.114765778633455e-9, 6.1018832209214224e-9, 1.0000000021167053, 1.0000000021124107, 1.0000000021280642, 3.114765778633455e-9, 0.0, 1.0000000020937794, 1.0000000020221589, 1.000000002113593, 3.114765778633455e-9, 6.20022366781825e-9, 1.000000002090441, 1.0000000020896136, 1.000000002078785]
[1.9999999980190453, 1.9999999979514549, 1.000000002044139, 0.9999999989790136, 1.999999997901415, 0.9999999989790136, 1.0000000020224789, 1.9999999979555136, 1.9999999979609229, 1.999999997977139, 0.9999999989790136, 1.000000001966131, 1.999999997980953, 1.9999999979766585, 1.999999997992312, 0.9999999989790136, 1.0000000020937794, 0.0, 1.9999999978864067, 1.999999997977841, 0.9999999989790136, 1.0000000020644715, 1.9999999979546887, 1.9999999979538614, 1.9999999979430327]
[1.9999999979474248, 1.9999999978798344, 1.0000000019725186, 0.9999999989073931, 1.9999999978297944, 0.9999999989073931, 1.0000000019508584, 1.9999999978838932, 1.9999999978893024, 1.9999999979055185, 0.9999999989073931, 1.0000000018945105, 1.9999999979093326, 1.999999997905038, 1.9999999979206915, 0.9999999989073931, 1.0000000020221589, 1.9999999978864067, 0.0, 1.9999999979062204, 0.9999999989073932, 1.000000001992851, 1.9999999978830683, 1.999999997882241, 1.9999999978714122]
[1.999999998038859, 1.9999999979712686, 1.000000002063953, 0.9999999989988273, 1.9999999979212286, 0.9999999989988273, 1.0000000020422926, 1.9999999979753273, 1.9999999979807366, 1.9999999979969527, 0.9999999989988273, 1.0000000019859447, 1.9999999980007668, 1.9999999979964722, 1.9999999980121257, 0.9999999989988273, 1.000000002113593, 1.999999997977841, 1.9999999979062204, 0.0, 0.9999999989988274, 1.0000000020842852, 1.9999999979745025, 1.9999999979736751, 1.9999999979628464]
[0.9999999990400317, 0.9999999989724413, 3.0651255977787173e-9, 0.0, 0.9999999989224014, 0.0, 3.043465257590583e-9, 0.9999999989765, 0.9999999989819094, 0.9999999989981253, 0.0, 2.9871174422879676e-9, 0.9999999990019396, 0.9999999989976448, 0.9999999990132983, 0.0, 3.114765778633455e-9, 0.9999999989790136, 0.9999999989073932, 0.9999999989988274, 0.0, 3.085457889184795e-9, 0.9999999989756752, 0.9999999989748478, 0.9999999989640191]
[1.0000000021254896, 1.0000000020578992, 6.150583486963512e-9, 3.085457889184795e-9, 1.0000000020078592, 3.085457889184795e-9, 6.128923146775378e-9, 1.000000002061958, 1.0000000020673672, 1.0000000020835833, 3.085457889184795e-9, 6.072575331472763e-9, 1.0000000020873974, 1.0000000020831028, 1.0000000020987563, 3.085457889184795e-9, 6.20022366781825e-9, 1.0000000020644715, 1.000000001992851, 1.0000000020842852, 3.085457889184795e-9, 0.0, 1.000000002061133, 1.0000000020603057, 1.000000002049477]
[1.9999999980157068, 1.9999999979481164, 1.0000000020408009, 0.9999999989756752, 1.9999999978980765, 0.9999999989756752, 1.0000000020191404, 1.9999999979521752, 1.9999999979575844, 1.9999999979738006, 0.9999999989756752, 1.0000000019627926, 1.9999999979776146, 1.99999999797332, 1.9999999979889735, 0.9999999989756752, 1.000000002090441, 1.9999999979546887, 1.9999999978830683, 1.9999999979745025, 0.9999999989756752, 1.000000002061133, 0.0, 1.999999997950523, 1.9999999979396943]
[1.9999999980148795, 1.999999997947289, 1.0000000020399735, 0.9999999989748478, 1.9999999978972491, 0.9999999989748478, 1.000000002018313, 1.9999999979513479, 1.999999997956757, 1.9999999979729732, 0.9999999989748478, 1.0000000019619653, 1.9999999979767873, 1.9999999979724927, 1.9999999979881462, 0.9999999989748478, 1.0000000020896136, 1.9999999979538614, 1.999999997882241, 1.9999999979736751, 0.9999999989748478, 1.0000000020603057, 1.999999997950523, 0.0, 1.999999997938867]
[1.9999999980040508, 1.9999999979364604, 1.0000000020291449, 0.9999999989640191, 1.9999999978864205, 0.9999999989640191, 1.0000000020074844, 1.9999999979405192, 1.9999999979459284, 1.9999999979621446, 0.9999999989640191, 1.0000000019511366, 1.9999999979659586, 1.999999997961664, 1.9999999979773175, 0.9999999989640191, 1.000000002078785, 1.9999999979430327, 1.9999999978714122, 1.9999999979628464, 0.9999999989640191, 1.000000002049477, 1.9999999979396943, 1.999999997938867, 0.0]
w vector is :
 [0.959968307489377, 1.027558656703928, 0.02721324962214189, 5.253262811182442e-7, 1.0775986139222098, 0.0024849552251415773, 0.09865777920508711, 1.023499923251374, 1.0180906334066797, 1.0018746572994375, 0.0017213286068336053, 0.004210534432743218, 0.9980604364544068, 1.0023551633744976, 0.9867017141033253, 0.019003809573460373, 0.0, 1.0209863544436044, 1.092606826086693, 1.0011726114984953, 0.03954807597859089, 0.022280375834967003, 1.0243248526076558, 1.0251522093322494, 1.0359808289598726]p matrix is :
 [0.0, 0.0, 0.0, 0.0, 0.0, 0.0, 0.0, 0.0, 0.0, 0.0, 0.0, 0.0, 0.0, 0.0, 0.0, 0.0, 0.0, 0.0, 0.0, 0.0, 0.0, 0.0, 0.0, 0.0, 0.0]
[0.0, 0.0, 0.0, 0.0, 0.0, 0.0, 0.0, 0.0, 0.0, 0.0, 0.0, 0.0, 0.0, 0.0, 0.0, 0.0, 0.0, 0.0, 0.0, 0.0, 0.0, 0.0, 0.0, 0.0, 0.0]
[0.0, 0.0, 0.0, 0.0, 0.0, 0.0, 0.0, 0.0, 0.0, 0.0, 0.0, 0.0, 0.0, 0.0, 0.0, 0.0, 0.0, 0.0, 0.0, 0.0, 0.0, 0.0, 0.0, 0.0, 0.0]
[0.0, 0.0, 0.0, 0.0, 0.0, 0.0, 0.0, 0.0, 0.0, 0.0, 0.0, 0.0, 0.0, 0.0, 0.0, 0.0, 0.0, 0.0, 0.0, 0.0, 0.0, 0.0, 0.0, 0.0, 0.0]
[0.0, 0.0, 0.0, 0.0, 0.0, 0.0, 0.0, 0.0, 0.0, 0.0, 0.0, 0.0, 0.0, 0.0, 0.0, 0.0, 0.0, 0.0, 0.0, 0.0, 0.0, 0.0, 0.0, 0.0, 0.0]
[0.0, 0.0, 0.0, 0.0, 0.0, 0.0, 0.0, 0.0, 0.0, 0.0, 0.0, 0.0, 0.0, 0.0, 0.0, 0.0, 0.0, 0.0, 0.0, 0.0, 0.0, 0.0, 0.0, 0.0, 0.0]
[0.0, 0.0, 0.0, 0.0, 0.0, 0.0, 0.0, 0.0, 0.0, 0.0, 0.0, 0.0, 0.0, 0.0, 0.0, 0.0, 0.0, 0.0, 0.0, 0.0, 0.0, 0.0, 0.0, 0.0, 0.0]
[0.0, 0.0, 0.0, 0.0, 0.0, 0.0, 0.0, 0.0, 0.0, 0.0, 0.0, 0.0, 0.0, 0.0, 0.0, 0.0, 0.0, 0.0, 0.0, 0.0, 0.0, 0.0, 0.0, 0.0, 0.0]
[0.0, 0.0, 0.0, 0.0, 0.0, 0.0, 0.0, 0.0, 0.0, 0.0, 0.0, 0.0, 0.0, 0.0, 0.0, 0.0, 0.0, 0.0, 0.0, 0.0, 0.0, 0.0, 0.0, 0.0, 0.0]
[0.0, 0.0, 0.0, 0.0, 0.0, 0.0, 0.0, 0.0, 0.0, 0.0, 0.0, 0.0, 0.0, 0.0, 0.0, 0.0, 0.0, 0.0, 0.0, 0.0, 0.0, 0.0, 0.0, 0.0, 0.0]
[0.0, 0.0, 0.0, 0.0, 0.0, 0.0, 0.0, 0.0, 0.0, 0.0, 0.0, 0.0, 0.0, 0.0, 0.0, 0.0, 0.0, 0.0, 0.0, 0.0, 0.0, 0.0, 0.0, 0.0, 0.0]
[0.0, 0.0, 0.0, 0.0, 0.0, 0.0, 0.0, 0.0, 0.0, 0.0, 0.0, 0.0, 0.0, 0.0, 0.0, 0.0, 0.0, 0.0, 0.0, 0.0, 0.0, 0.0, 0.0, 0.0, 0.0]
[0.0, 0.0, 0.0, 0.0, 0.0, 0.0, 0.0, 0.0, 0.0, 0.0, 0.0, 0.0, 0.0, 0.0, 0.0, 0.0, 0.0, 0.0, 0.0, 0.0, 0.0, 0.0, 0.0, 0.0, 0.0]
[0.0, 0.0, 0.0, 0.0, 0.0, 0.0, 0.0, 0.0, 0.0, 0.0, 0.0, 0.0, 0.0, 0.0, 0.0, 0.0, 0.0, 0.0, 0.0, 0.0, 0.0, 0.0, 0.0, 0.0, 0.0]
[0.0, 0.0, 0.0, 0.0, 0.0, 0.0, 0.0, 0.0, 0.0, 0.0, 0.0, 0.0, 0.0, 0.0, 0.0, 0.0, 0.0, 0.0, 0.0, 0.0, 0.0, 0.0, 0.0, 0.0, 0.0]
[0.0, 0.0, 0.0, 0.0, 0.0, 0.0, 0.0, 0.0, 0.0, 0.0, 0.0, 0.0, 0.0, 0.0, 0.0, 0.0, 0.0, 0.0, 0.0, 0.0, 0.0, 0.0, 0.0, 0.0, 0.0]
[0.0, 0.0, 0.0, 0.0, 0.0, 0.0, 0.0, 0.0, 0.0, 0.0, 0.0, 0.0, 0.0, 0.0, 0.0, 0.0, 0.0, 0.0, 0.0, 0.0, 0.0, 0.0, 0.0, 0.0, 0.0]
[0.0, 0.0, 0.0, 0.0, 0.0, 0.0, 0.0, 0.0, 0.0, 0.0, 0.0, 0.0, 0.0, 0.0, 0.0, 0.0, 0.0, 0.0, 0.0, 0.0, 0.0, 0.0, 0.0, 0.0, 0.0]
[0.0, 0.0, 0.0, 0.0, 0.0, 0.0, 0.0, 0.0, 0.0, 0.0, 0.0, 0.0, 0.0, 0.0, 0.0, 0.0, 0.0, 0.0, 0.0, 0.0, 0.0, 0.0, 0.0, 0.0, 0.0]
[0.0, 0.0, 0.0, 0.0, 0.0, 0.0, 0.0, 0.0, 0.0, 0.0, 0.0, 0.0, 0.0, 0.0, 0.0, 0.0, 0.0, 0.0, 0.0, 0.0, 0.0, 0.0, 0.0, 0.0, 0.0]
[0.0, 0.0, 0.0, 0.0, 0.0, 0.0, 0.0, 0.0, 0.0, 0.0, 0.0, 0.0, 0.0, 0.0, 0.0, 0.0, 0.0, 0.0, 0.0, 0.0, 0.0, 0.0, 0.0, 0.0, 0.0]
[0.0, 0.0, 0.0, 0.0, 0.0, 0.0, 0.0, 0.0, 0.0, 0.0, 0.0, 0.0, 0.0, 0.0, 0.0, 0.0, 0.0, 0.0, 0.0, 0.0, 0.0, 0.0, 0.0, 0.0, 0.0]
[0.0, 0.0, 0.0, 0.0, 0.0, 0.0, 0.0, 0.0, 0.0, 0.0, 0.0, 0.0, 0.0, 0.0, 0.0, 0.0, 0.0, 0.0, 0.0, 0.0, 0.0, 0.0, 0.0, 0.0, 0.0]
[0.0, 0.0, 0.0, 0.0, 0.0, 0.0, 0.0, 0.0, 0.0, 0.0, 0.0, 0.0, 0.0, 0.0, 0.0, 0.0, 0.0, 0.0, 0.0, 0.0, 0.0, 0.0, 0.0, 0.0, 0.0]
[0.0, 0.0, 0.0, 0.0, 0.0, 0.0, 0.0, 0.0, 0.0, 0.0, 0.0, 0.0, 0.0, 0.0, 0.0, 0.0, 0.0, 0.0, 0.0, 0.0, 0.0, 0.0, 0.0, 0.0, 0.0]
